6.63181	7.31545	9.34509	9.52999	8.80603	6.88779	7.19438	7.35583	8.75188	13.6804	14.1295	5.16913	7.21265	9.67732	7.33344	6.83524	4.13661	2.72665	9.57994	10.2514	8.3165	4.0483	4.0483	7.14449	7.24381	6.31325	5.59633	1.97167	5.86048	8.7336	6.82906	4.69652	10.8565	10.9613	3.55116	6.2343	4.52331	5.74434	8.99093	7.35992	4.68062	4.35349	7.04362	9.33707	12.5243	20.5208	13.186	11.2081	8.92711	10.0143	4.73181	4.40508	10.9402	18.1631	9.22335	11.6911	9.16731	8.76872	6.94786	7.64289	5.9468	8.45181	2.61331	7.50953	8.10746	5.5639	5.69995	8.32386	8.81921	9.71957	5.52344	4.90059	5.25597	8.11686	25.9041	48.7209	58.4925	66.646	67.3257	69.118	68.0605	54.401	21.7464	46.6601	66.7603	72.5098	71.1479	59.7537	41.6125	47.9991	57.4524	59.331	24.2515	58.3877	71.3802	74.5966	70.3129	53.1762	40.7733	38.899	31.9399	15.9309	14.9913	25.629	25.4498	40.008	45.207	34.7644	60.2555	72.3491	62.21	61.4104	72.527	77.6751	72.9742	44.7534	66.9352	54.5899	45.3167	34.0044	16.7602	44.2712	56.1342	50.1643	59.3873	67.9951	69.6924	66.7241	46.5675	54.899	42.0652	59.2911	48.1551	46.3575	40.924	18.3047	7.48596	7.18	7.57087	5.82738	8.56473	7.11942	5.73666	6.67885	10.2472	10.3489	7.79852	11.3715	26.6488	38.5883	32.9018	15.512	12.3874	17.0232	29.9025	49.8886	62.4534	68.5387	70.1893	63.879	18.7637	70.3423	73.0356	62.8532	34.698	20.1093	7.97486	6.19822	5.16948	4.29783	2.18343	2.61322	4.0743	4.55335	5.77559	3.58941	7.40594	4.20555	2.78717	6.31286	6.4441	4.69957	2.23153	4.88196	4.89747	3.91174	2.79261	8.35343	9.48625	2.09841	6.67626	3.74985	3.96904	1.6069	5.29554	6.76964	9.40736	8.37305	4.90031	9.351	13.0902	13.6688	14.7105	11.4372	10.2556	5.41353	2.36995	9.46923	12.9547	7.61944	8.31645	16.021	19.4468	20.5559	22.415	14.8003	23.2259	35.9606	40.5762	46.3554	35.5703	19.0907	15.0095	13.5537	12.6904	10.308	9.34519	43.7185	44.2565	44.6794	12.2264	4.01828	5.16942	4.94342	5.21562	1.97154	4.51343	6.28937	6.86359	4.56632	1.60682	4.35347	6.28928	5.14884	1.60693	0.986129	4.69957	2.85685	10.2696	8.14018	8.82077	10.5026	7.3093	5.596	6.78704	6.36737
6.31972	8.32656	11.85	9.81332	6.631	1.77713	2.49425	6.86941	10.497	13.6153	14.3988	3.83316	8.75271	9.77256	7.02814	6.7756	5.21802	5.0631	9.51328	8.36512	7.05979	3.30838	5.21513	6.58589	7.98373	6.73826	7.37539	6.91293	2.29161	4.19066	5.26099	5.7149	11.2364	10.7106	7.36532	8.18309	5.39638	7.79781	7.84323	2.36968	3.63496	6.08074	5.92866	2.53643	7.11246	19.3161	15.3134	9.88435	7.11875	9.27294	2.0909	3.58894	8.97688	16.5572	10.4975	13.0685	9.66014	7.96694	6.60854	10.0133	9.57763	8.96695	5.32078	7.11246	4.19057	4.69929	5.35447	6.83491	5.97658	6.13938	3.28537	3.21096	5.4874	13.3542	36.788	48.3601	33.8716	58.4784	61.477	17.613	37.3334	60.4041	24.6431	65.0312	70.4264	67.8841	65.1552	56.4602	44.4831	7.02388	47.31	64.6109	51.2537	56.2628	72.3317	75.8794	72.3844	61.6861	52.7361	44.9222	31.2461	7.78075	21.9153	31.7274	29.8755	30.1909	49.7761	37.8964	55.746	71.8869	67.5073	61.541	73.89	74.6528	54.0812	14.2986	57.6642	34.9121	19.0578	44.5435	48.8062	46.2485	46.7722	24.9786	27.1183	65.7538	73.051	68.8759	59.3763	67.9886	66.6291	69.6221	52.6425	53.8829	43.1126	15.4976	9.68281	9.1619	9.13298	8.13981	9.68261	7.74828	6.77579	7.37539	10.1993	11.416	11.6458	14.8267	47.9232	53.1216	57.0837	35.8163	20.7499	35.0342	50.576	63.4229	67.9792	63.7917	39.6618	47.9576	68.9579	70.54	60.0429	36.4575	18.9559	13.414	2.89871	4.7472	6.07842	4.36009	3.32664	2.96597	3.58485	4.68334	6.10782	5.22666	6.31005	4.38072	5.78523	7.8789	3.21084	4.44569	5.59579	5.39075	4.88155	3.72543	4.23368	8.53629	10.7119	3.19683	9.4562	6.52214	5.58495	4.0066	1.60671	3.68859	7.02814	8.81315	8.58966	12.2464	13.5551	7.93173	16.9865	15.9375	10.7485	7.96881	4.40136	9.12133	13.4486	9.95615	11.6221	16.9895	29.4125	36.0954	41.7518	34.5306	33.6977	48.1604	47.0161	55.7078	56.2595	41.398	29.7536	19.9675	15.0806	15.3068	10.8168	12.6883	22.4839	20.2737	5.49541	4.89694	4.88155	4.45586	2.3697	2.83537	5.5634	6.23388	7.62667	6.73817	5.65711	4.39111	5.06296	3.83316	2.1832	2.5365	5.45704	4.43532	13.029	11.8364	12.5629	10.2578	8.37252	5.28677	9.19986	6.48518
10.811	16.1673	16.6447	11.8936	10.414	7.3583	11.1856	13.5648	12.7048	13.1069	11.9939	1.405	8.05648	8.33593	9.18452	7.24425	5.01789	3.69236	9.29722	7.93242	6.40111	5.16844	6.59648	6.38272	9.8139	9.30412	8.00715	7.67255	7.1097	2.96572	2.61851	7.19304	12.3558	11.9752	9.26133	9.76432	7.59697	11.3481	6.54901	3.57164	6.10707	9.74186	11.6892	10.6667	7.87297	10.6115	10.5447	13.2172	12.4112	12.4934	7.46089	8.41053	11.04	15.7615	10.6572	12.8749	11.5408	10.4703	8.22409	11.6887	13.0276	5.60862	11.6929	10.2542	4.70846	3.45573	6.58531	6.70426	6.75759	6.82778	5.91545	7.35445	9.51269	14.3627	29.5327	42.4423	51.4164	63.1828	70.6315	71.5158	70.1828	63.328	37.5155	65.9722	69.2323	69.3276	71.9208	63.5909	45.4282	55.9531	60.9782	71.1097	57.808	48.336	70.8308	75.4794	72.0244	58.3451	52.6478	49.5177	35.2342	42.0452	55.4229	51.0657	49.5372	54.2974	54.1687	46.5577	60.5413	71.9057	72.6285	71.4415	71.0544	59.8446	34.4666	56.2286	57.9635	13.884	48.8918	60.5911	51.8658	41.4193	51.9452	46.7774	49.3676	45.967	73.7203	74.7217	74.5399	72.6787	70.842	73.1925	68.6811	67.4858	59.3955	36.64	24.0526	17.9988	18.3918	19.5637	18.7097	14.9005	13.9804	13.3872	24.9449	44.8669	57.8455	62.9165	62.0416	52.1217	60.577	66.7727	64.3865	65.5563	64.4425	47.856	54.5654	61.5544	71.4708	73.1359	69.2008	57.9079	37.741	20.6163	11.8351	8.00678	6.80157	5.25498	3.5887	3.75734	5.35408	6.63057	6.59671	5.83915	4.62139	6.13633	6.25935	5.41244	6.99129	5.13317	6.69772	8.59443	7.97756	5.75383	1.94804	4.86872	6.13666	6.53503	9.17172	3.00621	8.58872	2.29135	4.60503	6.53296	5.35408	5.94079	5.57097	4.80948	8.43814	12.7915	16.6106	12.5493	9.40537	15.873	9.89065	9.52334	8.13003	7.2894	10.9566	11.9639	13.9423	20.1797	39.609	44.2393	49.3593	57.5483	59.9825	63.379	56.8477	52.5951	56.8533	46.5611	39.1187	30.7415	29.7792	25.7277	14.3041	8.03273	6.13876	3.48609	6.62607	7.04262	3.85262	0.628412	4.5523	5.91545	5.56285	5.05362	4.18299	2.89841	1.01621	2.65307	3.30807	1.60663	4.20476	4.26513	6.0775	5.31997	14.7517	9.46747	7.75686	7.82557	2.58952	4.26525	17.302	31.3488
13.0182	16.3332	11.2707	14.4811	13.0862	12.6146	12.5923	11.4205	10.4329	11.3886	6.25882	6.27092	8.83333	5.58384	9.28697	9.77522	2.10492	5.80483	7.12766	7.04179	9.68101	8.89983	5.71401	5.08877	6.29007	7.10903	5.33084	5.3645	5.45619	6.97605	5.8972	0.718572	6.93949	10.6	11.0178	10.5133	9.13128	8.93111	6.31827	7.90559	5.22846	12.5909	11.0805	10.2786	12.0565	10.422	5.753	4.83115	10.9137	15.6661	13.8621	9.9136	9.8736	13.7794	9.62653	11.9129	10.0291	8.37803	5.57044	13.8097	11.6198	8.96564	10.9495	8.10913	10.036	6.38179	7.52347	7.78506	9.46088	11.3637	9.31266	7.454	7.1424	8.4005	14.9571	21.4067	20.1572	35.9276	53.1288	58.6435	55.5434	38.496	35.8511	57.9946	67.7062	72.1857	76.5176	74.5538	66.6874	51.5057	67.4363	73.5635	60.7564	50.5292	72.8119	77.0945	73.6051	54.8259	44.44	40.9268	36.567	59.7281	63.5481	61.7946	61.7492	65.3513	59.9927	40.4115	65.6489	72.9771	71.9762	71.5717	51.121	13.0434	42.6809	59.7311	49.9595	60.465	50.6864	68.6377	65.9511	48.4777	57.6646	52.6215	63.5361	52.4255	55.2152	68.283	67.5085	60.6323	67.7075	68.9863	67.5642	68.3467	64.888	52.5252	46.4814	35.2687	24.1285	28.2697	32.2552	24.047	18.4788	17.2699	33.7504	57.9645	68.1228	72.6837	71.6917	62.8318	58.854	64.3932	65.8986	66.7928	57.2472	49.7505	61.3055	69.9181	69.8731	62.2697	46.1527	26.2499	18.9741	13.5382	5.13566	7.64096	8.69071	6.94595	3.86389	3.76505	7.07772	7.6001	7.31538	6.15797	3.04596	9.09541	9.68067	4.6984	3.58821	4.53544	8.80509	6.97605	5.90727	1.91643	4.26474	9.04702	7.5942	4.97231	4.05813	3.89125	4.94173	3.31232	2.81337	5.75063	6.37267	8.14911	7.54915	4.20793	5.52975	10.0069	10.1644	14.6941	6.40076	11.1272	9.67327	9.01789	8.26618	4.59155	6.14307	12.6563	16.6976	27.2516	38.6991	40.5413	31.5788	38.8885	37.0451	38.8929	13.3858	47.1085	51.2534	34.2237	29.2216	15.0968	22.4265	29.3682	14.2089	10.815	9.35003	5.2858	5.06813	3.55024	3.11459	6.02774	7.67181	6.02774	3.72061	2.34341	3.45538	6.21597	6.62976	4.13549	2.27128	5.60267	3.58839	5.22844	6.15287	4.64031	12.719	9.32972	9.80252	11.209	9.57292	14.1487	43.8287	56.6886
8.15714	8.81907	13.9694	17.885	13.626	14.1294	12.4715	6.94085	8.13549	6.94085	2.23065	9.38354	10.057	8.82429	8.14277	9.91215	2.70333	6.76473	5.77336	6.28945	7.44335	6.94524	3.67124	4.18219	1.74215	7.71703	4.79605	4.01672	6.13788	7.17719	8.81583	7.98149	4.13519	4.00165	10.4554	9.42726	6.83514	1.74219	10.3771	10.1217	5.75516	11.8631	11.4692	4.69803	7.88633	8.4421	14.5108	10.7887	7.05804	2.88216	6.15241	8.78405	9.19745	12.3811	9.24851	10.7456	5.39765	4.07258	7.3689	11.219	9.84749	10.3101	6.58398	7.56379	12.2872	9.46571	5.16718	4.59087	10.842	10.8703	10.6359	5.49408	5.59392	6.51999	6.28688	7.14167	8.81565	27.3211	33.5738	24.8412	8.80419	45.1917	54.6359	45.9629	32.5496	46.9865	70.291	67.0014	41.6462	53.4528	59.9433	71.0803	69.4499	58.4761	68.3108	78.066	74.8396	40.568	36.5498	27.3631	33.5232	62.9665	64.8391	63.6125	64.1854	65.1175	65.8097	58.0382	65.8905	71.495	68.0987	69.5887	35.5974	37.1393	27.5351	57.1591	35.4717	68.023	53.5169	67.212	69.0233	50.7041	57.986	47.5541	52.6028	67.4299	56.5077	42.5312	25.9964	35.0955	57.4276	66.3193	67.8437	67.3021	66.5484	56.471	51.6477	45.7287	18.4542	24.3308	33.1867	31.5418	24.6133	26.622	36.7992	58.6135	65.5227	61.9342	60.2072	66.8435	59.8119	43.5939	29.528	33.6589	40.8291	65.0585	51.3053	43.7109	36.6073	16.0892	10.787	10.4498	11.538	7.08302	7.48324	6.73631	5.75511	7.21613	4.84307	7.83168	6.40243	4.13519	3.28456	3.72023	4.13504	10.9652	8.63503	4.38983	5.45294	4.7235	3.04055	4.04655	5.99709	4.70749	6.39988	6.93004	1.91624	3.6917	3.48116	4.35882	5.33046	4.36226	5.55088	2.03149	3.17686	6.03937	3.96763	5.73166	2.98028	7.92908	6.91073	9.18451	8.83058	4.68193	11.0364	8.47848	6.027	3.20061	3.13851	9.67962	15.2229	32.4013	33.0884	39.0789	46.9409	36.1068	47.0957	60.4933	63.7318	59.6974	51.8142	37.4608	30.4471	25.3019	23.5191	23.0066	12.3266	10.0928	7.56379	3.04066	3.00555	5.99476	6.9452	5.2251	3.36176	2.1047	1.79365	3.52429	4.44439	2.87166	5.80423	3.67108	4.35181	4.69471	3.13853	4.89552	7.12714	3.37983	8.44167	6.14244	4.2643	5.52112	12.7557	34.5929	61.956	61.235
2.26409	9.67309	16.4794	15.6745	12.214	11.7099	9.52485	8.57421	6.69534	1.85174	6.50353	9.61978	10.4544	8.07479	7.1662	8.39189	4.18908	6.19525	4.51455	3.52399	5.49332	5.44121	3.81609	4.23206	2.98	8.11265	4.37904	5.80403	6.53116	5.75216	6.87137	7.60644	9.50976	3.90962	7.71642	7.9454	5.60699	5.91351	10.7118	9.29455	3.11396	8.88943	13.9765	5.05203	5.08778	6.77313	12.0339	14.7154	16.4862	15.2991	8.01025	3.48075	8.01955	11.8817	9.85863	7.83099	4.23206	5.18415	8.43571	9.17103	9.53315	8.46232	4.53458	8.3988	11.7685	9.82105	7.84034	9.34027	15.2766	11.2144	13.4632	13.1244	10.4811	9.04538	6.59232	6.70216	11.507	47.1519	44.2832	40.8223	14.6586	61.1951	68.7811	69.7939	71.7536	73.706	75.8409	70.6792	54.0215	37.5226	54.5584	67.2643	75.1463	76.984	71.1579	74.1608	73.8871	66.1757	63.3995	49.5833	30.9331	66.0721	70.5823	65.2395	66.1553	65.0895	62.8332	63.9746	65.7633	69.1903	66.6947	66.8111	20.7236	29.6987	30.5454	58.2723	39.9975	66.0457	61.927	58.9689	65.4217	53.759	63.3671	58.8186	16.1367	55.8826	56.4242	36.8712	23.8637	16.5355	21.9195	62.8622	72.7226	74.1964	71.3286	62.6632	61.0665	57.5681	31.0026	36.6404	36.8528	44.6471	49.5204	54.0003	51.7022	57.4588	61.9087	61.9437	41.1084	29.4958	44.0856	55.4154	56.686	61.0015	64.6133	64.4249	51.9012	26.6657	17.3858	10.7226	9.96984	8.20859	6.51933	7.01517	8.09311	7.11598	6.7838	5.59335	5.4387	6.86056	3.9749	3.49809	2.44424	4.12365	5.93886	8.72234	6.08575	6.88451	7.02566	3.32545	1.05982	4.34779	5.28448	4.63938	6.20962	5.05203	1.64349	2.10449	2.29073	5.01643	6.03902	5.8349	6.5333	4.45418	4.06118	5.38855	4.06109	5.04323	3.81612	4.36166	5.4384	7.84005	10.8674	5.52052	8.84319	10.9471	6.81458	3.20033	2.65229	6.83412	11.3164	30.3086	27.1062	30.8877	35.2606	32.7534	46.6134	44.4564	47.0411	41.8592	31.9667	21.882	18.0992	15.0803	10.577	14.1042	12.6986	10.1823	6.39925	5.21584	8.06886	5.31584	3.20964	2.46275	3.76434	5.65499	6.51285	5.98682	3.34802	6.54671	4.04615	2.47513	6.42963	5.71291	6.4553	7.28956	7.94519	2.83426	7.97107	9.20907	7.28119	8.03055	16.3239	50.3737	66.3789	48.0242
11.6836	11.9093	11.4748	9.15733	7.85266	9.26855	6.97798	8.44009	6.20189	6.30712	9.40218	9.19574	7.30483	3.28379	4.60324	10.6786	8.54291	9.28468	9.24679	8.77751	9.82049	10.5875	10.2503	7.79238	6.03824	6.06293	5.65441	7.1155	7.01446	9.16877	11.8167	11.5501	13.9386	13.5597	8.74899	1.23187	5.60628	10.2498	9.29377	6.85968	6.45464	10.5103	16.2583	12.737	8.53759	8.25454	7.91111	17.6915	21.7528	21.2927	18.5815	13.2047	12.5176	10.6747	5.53926	3.34769	3.52349	2.83396	5.39653	7.99285	4.36134	1.47807	3.48033	8.08091	9.53173	7.64624	6.87058	11.5358	16.7746	12.5251	13.5595	45.4976	55.892	49.7016	33.982	34.1452	42.7143	49.9397	15.8941	32.2611	46.9843	65.3391	67.2691	56.8432	71.2632	77.4414	74.2737	41.6058	62.7289	75.2174	77.9774	78.4578	79.8052	80.5996	79.5324	71.7539	62.2014	45.2759	45.45	57.4151	67.3261	66.9056	67.8157	51.2504	69.5386	74.5274	73.2112	72.0302	78.6752	80.7566	79.2053	73.4222	55.5728	51.3267	58.2384	63.5602	51.0426	61.8925	63.6673	22.2905	59.4064	55.0252	68.6943	65.0518	40.484	44.8528	48.4843	33.8241	40.931	41.3411	50.3452	64.2431	64.3672	61.5312	62.6139	62.0423	63.4296	65.712	62.7359	68.7954	74.6738	77.9634	77.7243	75.0822	70.7959	68.3893	63.3723	36.6179	43.7748	53.2428	53.8354	58.894	57.2516	50.1512	51.8788	50.8154	34.3677	14.7219	11.6658	9.27644	9.64773	10.2459	10.6339	7.31326	4.36137	7.3716	7.88467	7.66971	8.98599	6.39891	5.23851	3.82747	4.69691	5.2125	3.97054	6.6481	10.2503	10.7181	10.6829	9.27684	7.2807	7.29685	6.60519	4.30219	6.4382	6.25717	4.23524	4.43332	8.39131	16.6732	25.0728	28.0774	31.4111	31.13	23.0198	10.6394	8.20645	7.46391	7.8699	7.25617	3.27009	7.02048	10.4144	10.346	3.85111	8.59932	10.5146	10.6122	9.28477	7.52129	7.43973	22.1946	25.8156	34.9709	38.4949	42.3976	42.1772	31.8793	26.5482	30.1375	27.5141	22.8092	17.4065	15.148	11.2006	9.5731	10.9816	10.9302	6.73472	8.00186	8.57349	2.96455	8.89729	13.7197	16.0895	15.1764	11.6995	6.13426	5.06651	8.44737	11.6738	13.5755	14.4883	13.5755	10.8403	7.62109	8.48198	5.56079	7.82998	9.25744	5.83402	6.84008	16.9411	53.1786	64.2018	41.931
12.8471	13.259	12.1837	7.40729	6.09686	9.41965	5.38753	4.77266	5.48413	6.39805	11.0671	8.80178	5.43768	3.20903	7.28576	10.5132	6.28769	8.88334	11.2165	11.444	11.9086	11.8628	9.05851	8.17843	8.05083	5.13392	7.59135	6.50246	5.77966	8.70094	10.3762	9.89808	11.5289	13.8407	12.9744	9.71318	4.18813	12.1552	7.92864	4.29473	1.60585	6.5819	11.7422	13.7223	13.0045	11.8393	11.0709	9.57366	6.2208	14.227	13.7375	14.2631	18.1491	18.3915	14.788	9.51277	5.71184	5.36268	3.36094	5.2948	7.87436	5.35142	7.40729	7.13965	5.7715	6.13582	8.19804	10.2374	11.8972	14.4915	33.7106	60.2732	61.0743	64.937	61.0463	59.5868	54.8596	25.0133	18.7904	14.3636	58.1583	59.2201	52.9268	63.5185	72.5155	70.6372	53.0332	69.7809	69.9216	71.2741	72.0281	76.2113	76.1782	74.9172	76.7321	73.7994	70.0162	65.9276	46.0344	65.1566	72.1137	68.42	53.9057	68.301	75.9438	75.2466	76.2411	73.539	80.0834	79.906	76.9068	70.9836	69.1013	70.4591	65.2625	60.3371	47.6858	61.1905	66.8939	14.6292	56.6636	61.3604	71.9879	69.8793	48.0372	53.06	47.0539	39.9216	56.6518	62.9433	70.461	75.1446	74.6128	62.936	44.6542	67.414	68.4968	72.2289	74.6377	76.6618	77.7296	77.0917	74.6324	69.5864	62.7314	54.128	43.417	34.5052	30.6632	28.7743	31.9811	52.0195	50.4289	35.1519	46.7025	46.541	32.15	19.4314	14.0044	12.4434	12.8943	11.6837	9.56943	7.08099	4.83213	3.58686	7.68639	9.15678	7.98675	6.83328	7.85215	7.31252	8.47613	8.08045	8.46074	9.43884	6.28769	3.20912	4.70616	5.44039	5.39331	7.43898	7.01339	4.06023	2.96418	6.09458	6.96899	4.70621	9.39327	19.7305	21.724	20.5983	31.2909	32.1406	33.4582	16.6404	13.0929	11.0363	9.28083	6.67441	4.72859	2.65166	7.05783	7.52043	5.93795	1.48816	9.91583	14.4342	13.3809	9.40156	5.38778	10.3742	15.8766	29.2303	39.4921	38.3239	27.8583	19.7127	15.9551	21.1687	23.3548	19.2749	14.4418	12.6813	11.4553	9.58637	6.86992	9.78635	9.01895	8.68691	6.06232	8.19839	13.3575	16.672	19.2175	18.0142	14.1999	8.84811	5.1105	11.5354	14.8368	14.6228	14.6361	11.5603	10.1463	8.43404	6.60015	7.23699	4.34711	8.98633	7.13117	7.5282	19.0343	49.8834	62.9537	59.697
5.49175	7.68539	8.85567	7.3118	7.6663	5.4918	4.50996	6.59047	5.92455	6.28677	12.1153	7.1577	8.24087	8.82934	7.80779	8.09036	3.69835	5.03884	5.93235	5.45069	3.09848	5.03871	4.97876	7.83791	4.9758	7.21168	7.30985	5.43985	2.80674	6.6039	3.76324	6.86929	5.90192	5.7945	9.72273	11.9153	3.20874	10.262	7.50388	5.99484	2.15372	5.48363	5.77106	6.9958	12.5726	12.1918	13.8604	16.6213	14.2028	10.724	4.01517	8.6814	9.91469	8.03027	11.2034	8.44564	5.74788	5.83574	7.13084	4.89682	7.17415	5.90179	7.20724	5.59999	4.57285	8.80733	9.39245	5.64775	7.77731	9.55454	40.4938	61.9988	51.6177	36.917	52.5287	32.0696	21.1752	37.8562	13.4688	38.9041	58.6709	52.6243	50.7181	62.9316	73.8915	66.9987	66.4336	71.9645	65.0244	63.4029	51.5404	36.4567	32.2202	32.1866	61.3791	58.5608	55.3017	28.0736	59.6089	75.0823	69.0225	70.4235	60.4193	74.5777	78.0251	67.7382	72.9863	73.1824	77.979	70.1659	47.2256	59.002	73.9722	75.3867	61.5759	35.0922	22.8994	64.4577	69.1721	18.2049	60.8395	61.5551	72.7462	72.5904	48.1856	63.1344	63.4842	55.9532	66.3476	70.1194	71.4655	57.7792	38.0487	68.8346	63.717	60.4837	64.2618	66.2197	68.7993	67.6386	56.9317	34.7346	64.2703	59.0936	44.3139	29.363	37.4718	43.3481	47.1536	34.793	28.5634	34.4763	53.78	63.5602	66.3684	65.186	52.4034	33.6799	18.3469	10.8434	8.72009	7.28715	8.34895	9.5192	4.48633	3.85039	5.7713	6.69161	7.40067	9.04301	11.8677	13.3848	13.2374	10.5388	6.14045	4.97575	8.26915	6.97696	7.46251	6.31552	5.85617	7.52754	5.01182	5.83552	1.11533	2.75233	7.37633	5.65325	15.7503	22.1965	14.5588	6.14014	19.2884	12.9421	25.2322	11.9579	11.4277	8.80091	6.25607	5.91206	5.59204	5.21464	6.73355	5.62394	2.11828	6.86918	8.82729	8.88244	11.9554	10.0316	7.11417	3.49709	4.04519	8.20497	9.27989	9.52275	9.64622	10.6969	8.19751	6.4185	6.03729	4.93961	2.9639	5.29434	5.05064	6.1135	6.2202	5.20578	9.53151	9.71369	3.48411	9.95407	12.1167	16.3247	21.6247	24.2803	22.2936	11.3109	5.87406	9.83188	8.26947	8.34759	5.21464	6.63764	11.2303	5.9119	3.04436	4.43233	1.5577	9.224	8.0666	8.05013	20.5683	47.3529	63.5266	65.0109
9.16568	9.19603	6.21929	3.56925	3.25063	4.38779	2.09653	7.30878	4.79375	5.77821	11.2509	9.46124	5.89366	6.79705	7.97782	8.16074	6.25541	7.43968	5.3137	9.76962	5.04133	6.25536	6.64603	3.58612	5.59959	8.20242	7.72155	7.96837	4.42538	8.10977	3.81861	6.82942	4.86841	4.29388	10.2808	11.1893	3.19422	8.63094	4.43187	6.36408	5.89366	7.55032	7.6267	4.94212	7.13607	10.8089	11.0103	13.0902	12.5041	7.45574	7.1798	9.83262	8.81175	6.13479	10.8833	6.13491	7.11356	5.68717	5.18246	5.39501	2.12517	7.43968	10.1744	6.98676	4.18014	9.88245	5.74966	2.58779	8.1335	10.6714	33.5686	54.55	64.8673	48.5209	48.1896	50.3111	49.4611	35.4017	16.9643	39.6931	53.3922	58.9975	51.9824	55.9896	69.1668	67.8584	71.8742	73.9345	69.046	61.8598	55.651	32.9059	9.35763	36.5716	53.1644	44.8658	33.7446	54.0025	66.3146	76.1899	69.4132	69.2846	69.8296	73.9805	76.5662	67.5391	68.9316	74.3735	73.8674	54.6673	40.8363	57.6012	74.4562	77.4675	67.8594	33.3895	25.0884	64.1324	69.3987	25.1506	60.5219	57.9063	72.7834	73.9906	52.8096	66.4315	71.5302	67.0232	70.9099	66.8291	54.6209	51.6578	68.0024	65.9293	41.8687	26.782	17.1072	12.1242	21.9294	10.7798	57.3458	65.7869	65.0487	57.3604	45.2058	31.4685	35.0195	42.4782	42.3366	20.1988	15.3242	22.9884	37.8377	54.8865	56.1434	67.0373	55.5478	39.6517	24.139	12.2955	9.62058	7.92531	9.4921	9.35705	3.9734	7.10508	6.52871	10.0424	18.1516	21.0976	18.9922	14.5427	12.1695	8.23962	1.74126	7.34925	10.1169	3.42688	3.88888	3.81465	6.60351	6.62598	3.92372	6.28855	1.25583	5.59938	8.36595	4.23047	24.1127	32.2331	28.517	19.2878	3.50096	17.0654	13.2848	1.11523	6.19293	7.01851	3.83032	6.30786	7.51337	5.75247	6.77038	6.42717	4.05601	6.43861	10.7145	8.90599	11.3015	13.6388	9.1341	5.43636	6.59891	7.386	7.47187	8.61271	9.96672	9.5845	5.92416	3.65698	4.97825	3.44467	2.75206	5.31642	6.87499	7.56021	5.74737	6.21247	8.92579	7.75929	2.83333	9.4179	10.8367	16.2057	24.7897	26.5909	37.5808	21.4844	6.75306	9.21528	6.21963	5.4035	4.77177	12.4211	10.3219	5.94182	5.92416	3.47943	3.52244	8.54178	9.01728	14.8604	32.4143	41.4237	56.2703	66.8609
9.22228	7.87221	6.24764	6.21901	5.10902	3.71805	6.97537	4.81838	4.31819	4.27613	6.98603	12.1509	10.3422	7.97147	7.02234	6.86801	5.06452	5.15555	5.51796	10.1218	5.28203	4.09244	6.06084	6.69259	7.18756	8.15281	8.56041	11.0106	5.59099	4.24413	5.03789	8.19598	8.85402	8.21946	9.87582	9.81945	5.03776	9.61976	4.34935	4.03313	5.29335	10.1505	8.07789	2.87011	4.86811	9.01658	7.93961	5.96377	5.21354	8.54105	11.5713	10.9738	8.16556	9.71196	9.3907	9.29234	12.0617	10.181	7.35304	8.8109	6.83782	5.21356	4.96875	8.31563	8.77384	8.15975	6.13196	6.11246	6.98612	9.34387	21.2755	33.7734	61.0764	58.4627	58.7753	49.5792	35.2506	22.4659	30.541	38.0888	48.8789	63.4986	68.1105	69.861	72.3407	70.483	71.1213	74.1311	67.3908	56.6731	44.7427	24.0755	13.9459	35.8457	51.8258	48.6442	50.7312	62.5462	63.0648	75.3192	74.1071	64.5171	74.6883	74.3903	74.3827	68.373	30.5046	23.5359	39.9753	69.7905	70.7535	65.1406	74.1618	75.8456	67.1191	50.3816	30.2066	66.1858	74.9166	69.4748	61.5065	58.9825	69.2349	72.0357	66.6458	48.2529	58.7251	68.7898	67.1238	40.1741	51.0074	69.0831	66.3457	45.2987	4.39759	22.4527	19.8122	25.361	42.3655	57.7092	64.166	63.351	61.2878	52.678	37.6858	29.857	28.4021	28.5613	32.7863	20.5499	28.5535	34.477	33.6543	51.7866	13.0887	64.7792	60.1506	52.6501	35.37	16.5567	10.6201	7.72813	6.86789	8.64915	12.0082	14.9959	19.6309	22.1684	11.0736	3.2082	10.7071	15.7796	16.8803	11.1822	6.69035	6.43815	8.31553	4.7271	3.96528	3.86124	5.51523	5.04086	3.81822	3.19394	4.26189	6.53689	7.20589	1.94648	24.5714	33.3767	23.8253	23.9273	23.0116	17.9317	8.43738	4.26189	2.97359	9.50541	9.11885	9.96575	10.5107	9.56674	8.81917	10.7072	11.084	10.1967	9.34387	10.3881	2.97348	8.64915	11.463	12.3683	9.29673	7.51855	9.59437	11.0684	11.4934	10.8029	8.57072	6.21184	7.66664	6.98629	9.12526	9.44224	9.66088	7.54391	3.66907	2.03034	4.31797	6.36843	10.2762	9.84201	8.27647	11.9994	29.8532	13.089	30.1405	25.4977	9.99638	6.25478	2.21577	8.00106	11.5568	14.2713	10.1162	5.60433	0.888031	4.81857	8.4145	12.3559	24.8	44.934	67.2542	72.4249	69.1104	58.4475
9.87487	8.14276	4.84592	4.07352	6.25424	8.41374	7.77323	1.0592	5.21304	4.45479	2.8961	10.6845	12.9696	13.9206	13.6199	12.5389	10.1798	6.96007	5.60383	5.28146	6.24704	6.79577	7.51197	5.74629	6.13375	7.9613	6.39596	10.6695	6.93628	2.26281	7.2832	7.32583	6.76025	5.01037	6.90176	7.5939	5.76933	10.4747	5.20428	4.60109	3.99901	7.97586	9.01569	5.21018	4.91661	9.08849	9.04814	9.9996	11.2084	7.74112	11.277	14.3855	3.81396	11.3077	8.17549	11.2276	12.3194	12.8874	8.97701	8.52855	8.65706	7.68743	4.91387	5.68576	10.2591	5.08481	5.03759	4.00276	6.01297	6.13835	11.4918	15.9845	49.4593	43.5454	44.9984	32.2981	21.331	18.2789	28.9643	37.0526	43.2488	51.9982	58.6124	61.0216	62.4247	63.7267	60.4543	69.0079	48.3177	37.7991	16.6539	19.9589	27.6579	2.95275	28.7468	40.7398	53.9222	59.6725	63.6516	76.0456	77.934	68.2938	62.458	55.609	67.323	58.9712	39.6859	48.9361	71.1425	78.482	78.9167	75.0308	74.2258	73.6298	65.4698	57.3477	64.2066	69.0132	76.7989	77.8359	73.9744	61.889	61.9641	64.1515	61.9938	64.1203	47.3564	50.6593	46.0455	31.8866	61.0229	69.9409	61.1671	25.3142	12.7119	32.8246	31.0427	48.9151	62.3945	62.8808	56.4888	46.0959	40.9348	30.3038	21.1722	15.6393	17.3967	28.2004	35.5309	25.4461	27.3513	31.3272	28.3549	48.1811	44.3528	50.924	54.1815	56.8737	41.6362	18.9252	9.83046	5.14346	2.85405	8.95741	18.0934	26.1844	24.9228	12.6775	21.4887	22.4597	22.0564	19.5902	14.1632	6.59086	4.512	6.56378	6.24466	2.49185	3.65629	5.12878	6.83027	4.69466	1.98489	4.8678	6.89993	4.00276	6.07231	5.04918	10.8884	30.6347	35.9767	30.8062	21.4716	11.9222	8.37123	8.10825	7.77922	10.4767	9.49245	4.91998	6.13364	8.10825	7.15567	12.2724	10.2824	11.4248	8.88494	1.92285	11.5448	11.6587	14.2807	15.9092	10.1568	6.81529	6.05297	5.22467	6.33017	7.36847	8.19554	9.40429	9.60256	8.01506	8.20274	8.539	5.23606	3.19833	2.70162	5.30164	8.79694	12.2357	13.8307	13.074	9.81905	6.56378	16.506	20.9503	18.8063	17.676	10.7588	3.75401	8.6483	11.8257	11.7039	11.7769	7.35204	0.550692	5.90277	7.90923	11.28	19.2676	38.5396	60.2571	76.5101	77.7131	77.6865	74.5788
8.27493	8.97572	6.6194	7.2824	8.43024	5.03993	1.98462	2.97292	2.81095	5.12834	1.23113	3.20748	3.34575	3.84105	7.77441	10.403	9.71326	7.525	4.1755	3.23576	6.81031	4.35553	4.91618	1.87487	6.76197	7.28253	4.34517	10.2058	9.26338	5.16334	5.92992	6.05952	4.71989	6.24407	9.03599	7.3088	5.92232	10.5702	7.45346	4.87642	3.28208	5.74549	6.55383	3.7335	6.11113	10.7697	11.7867	11.1374	8.6475	2.87999	9.19037	14.2372	3.19334	9.92689	6.47396	10.8646	10.038	12.4364	9.32028	5.22117	4.35897	4.91948	5.06377	3.51729	6.89905	5.87185	3.48277	6.92485	7.33924	6.56301	11.5792	13.8227	41.7049	20.1296	31.1859	15.1359	9.0364	13.5136	16.9194	14.1539	11.8739	25.2162	41.2944	53.8578	49.0451	57.44	45.9663	62.6356	52.1613	16.0032	45.9203	50.1143	54.1426	30.1071	26.4536	53.6921	66.4244	66.4135	68.0008	77.9056	78.0396	60.077	38.7446	61.5072	71.8727	66.8996	42.8074	12.4363	74.5359	78.5948	74.3258	75.2108	64.0311	68.333	65.2915	64.7616	69.9633	66.5503	68.0615	73.4401	74.4478	66.7993	65.5228	73.6407	69.7579	60.9789	54.6615	28.9487	15.5057	30.0809	62.5011	71.7674	60.367	13.5436	22.9041	51.5638	56.518	60.5272	60.49	49.8089	42.5668	32.6232	7.98837	5.70894	14.1892	9.4915	17.1059	29.4852	28.6336	13.8665	9.15084	16.7854	30.1627	40.463	52.1593	59.9693	63.0973	58.3429	37.7926	13.5104	6.3763	4.1864	15.2096	17.4955	18.0235	20.8936	12.7296	29.3899	24.5756	10.1674	6.9849	6.31288	4.94363	5.38512	4.81747	5.92232	5.38513	4.30342	2.63332	4.3032	6.36696	5.48157	2.86956	4.05842	6.93144	6.50853	8.30708	6.7686	5.8997	5.96265	10.5703	7.50131	5.93521	10.2696	14.5536	10.0899	7.54262	6.51765	8.41279	4.9375	5.22399	4.48464	6.0521	11.3333	5.97007	3.8607	3.48279	9.64983	11.3071	15.6255	16.5993	13.6049	7.61087	2.83235	3.81357	5.59798	7.15502	5.01299	1.60502	1.8748	2.33494	2.91649	2.86956	3.09747	5.07269	5.89216	3.61881	6.9336	9.13797	12.8322	14.7737	14.1188	12.496	13.568	13.1664	6.51765	4.39662	10.4253	10.4696	9.99407	9.73714	7.36746	4.27515	6.52649	4.97388	3.54713	6.4438	6.41599	12.5715	23.8587	43.1164	64.9924	78.5156	74.7128	71.538	71.2488
7.58668	8.9141	8.23655	8.72092	6.96907	2.21516	5.39313	3.94148	0.738662	1.74061	4.13171	7.07734	8.13071	7.34901	3.99826	7.0075	9.94675	8.55106	10.6456	7.13564	7.28189	5.0125	6.06873	3.49545	7.77178	5.90169	2.71789	9.43919	9.79289	5.98204	5.89898	5.98198	3.17418	5.54616	11.4219	6.1372	7.35664	9.96245	8.51101	6.86606	5.53566	6.79432	8.00416	5.35966	4.26079	7.30806	8.44851	9.08379	10.0021	11.1543	11.3474	11.0752	6.51444	8.15026	6.09343	10.0265	8.15746	9.13038	10.6171	6.07384	5.03664	5.779	6.77914	6.07157	2.72343	2.58663	5.29181	7.73347	7.83038	7.81911	17.9055	26.4917	35.1737	11.1004	33.8177	13.0442	7.0204	12.5657	15.0968	13.4758	11.9878	20.1986	36.0108	54.2637	57.0357	55.9821	54.2735	51.831	58.2804	11.5286	63.3419	49.2967	63.2126	48.8886	24.0007	65.4214	73.6683	64.1447	50.3139	77.2792	77.1545	42.7621	68.6986	74.3268	77.018	77.1033	57.1282	37.007	77.534	80.1812	68.1996	75.8358	71.0789	57.2057	65.4517	64.4113	67.0773	60.3208	52.9365	63.3077	70.5705	72.388	71.7109	74.4845	56.5955	34.4273	42.9873	32.7322	19.0783	29.719	64.4033	72.4061	56.7896	9.99371	36.7495	63.3628	62.9885	57.0624	46.6461	26.5822	24.6845	19.4109	7.98228	2.86921	16.6304	13.6025	17.8407	23.6365	22.9416	7.68208	3.41692	15.113	29.2912	42.5457	56.2831	58.5243	55.3746	40.1501	20.9978	5.54616	4.80479	20.5298	32.6415	27.9572	13.2123	14.7659	30.5552	29.7362	11.1337	4.17856	4.22887	5.89163	5.21206	5.6318	6.25521	7.10834	4.79194	2.20142	4.07302	4.54762	3.28159	3.92213	2.34132	5.98204	6.85517	2.22877	6.53501	5.81738	5.44809	5.28903	9.80175	5.12782	5.04851	8.58003	13.0999	9.048	6.3593	5.40147	10.9457	10.1549	6.63454	2.83219	5.83275	7.97437	7.89248	3.24928	5.53801	11.823	8.45544	3.6885	4.77006	6.1372	4.97338	3.90691	5.66657	5.22369	7.63354	7.81747	6.44348	6.44348	6.39707	6.69076	7.07109	6.96951	5.53566	5.93949	3.82901	9.27839	11.5399	21.705	27.0084	24.768	16.8212	13.0152	10.672	8.68928	7.23476	9.89938	13.5339	12.4531	7.68744	5.29181	3.37684	6.05149	5.24917	2.83206	5.69256	6.87889	17.0555	31.4378	47.1773	65.0881	79.0001	74.3549	44.1026	51.7092
10.2337	12.0188	11.1845	8.38484	2.26881	8.42885	9.75965	8.92186	5.76781	5.10992	8.85086	8.04593	8.90213	11.2502	10.4028	3.37658	4.94263	6.3938	14.9675	10.3841	5.73669	8.81582	8.29838	7.30767	10.334	5.98171	3.66764	7.77656	9.33859	7.05103	6.55249	5.00891	3.09668	8.20173	11.5967	2.50925	8.666	7.25232	8.02524	7.64998	2.86892	6.08056	8.04747	6.47279	9.41396	9.76704	6.9494	6.64286	4.74107	12.1461	14.1826	11.4022	10.1123	2.50925	6.93868	6.37506	6.80877	5.51586	7.13491	9.59981	5.76796	2.42357	3.96393	7.22615	9.35324	8.50375	7.73877	6.89775	8.91486	10.5503	33.4693	47.1075	33.199	25.8615	28.0492	11.0851	9.35768	13.3506	14.3468	13.7133	13.8639	16.7439	26.6439	39.1498	43.8042	40.1861	49.4382	57.2024	53.9819	16.9035	67.4529	37.6632	68.6331	44.4083	22.3917	67.1274	73.9001	60.1914	61.7882	78.0536	78.203	73.0756	79.1453	78.0594	77.7463	79.2002	71.8173	70.7361	80.2213	80.347	68.4593	72.9142	76.7899	69.9964	66.992	58.5591	61.5387	69.585	62.4016	53.4195	67.145	73.5753	72.7956	68.3592	40.6961	43.7671	43.5663	25.8301	31.0639	53.9188	69.5768	68.8246	41.2388	19.5483	40.5892	65.1797	56.2661	28.1667	24.2154	17.3611	15.2234	14.497	16.5687	17.8884	18.7977	13.4513	8.88036	18.8225	30.2109	30.7985	41.6717	45.5838	47.6325	53.408	54.3571	43.9112	30.7773	5.07173	33.2935	46.2141	44.9739	34.7065	17.6265	10.8795	20.2229	21.4139	22.1492	13.3978	7.29133	6.81999	6.21669	6.02128	7.51526	6.69415	4.42975	6.43329	6.86535	4.29889	1.64197	1.25531	3.42983	4.35806	3.81285	6.86535	3.97129	2.97744	6.02128	5.70779	4.29182	5.55631	9.99206	7.28301	9.65721	10.5604	6.22601	9.17263	11.5408	5.39243	10.7031	12.5626	13.4078	9.18743	6.72987	7.1536	7.82403	3.34508	6.07055	10.2717	8.63544	6.32834	6.57779	7.44421	6.26435	6.809	7.6659	8.51063	9.97361	10.7357	10.8323	10.4029	8.59492	6.43589	4.89093	2.58654	1.94572	3.68399	5.67389	11.2191	13.4609	36.2852	48.7098	54.6451	54.7826	48.6405	38.3559	33.4336	29.5204	19.4625	17.3177	13.9399	6.51378	4.45349	3.68812	6.05829	3.37643	5.39243	7.95714	9.71136	22.8542	43.8086	59.7983	69.5817	76.4949	71.4315	65.9939	63.0031
10.5453	11.7772	6.77758	1.16766	6.85405	10.69	9.94493	11.6932	9.11578	9.57883	11.6306	8.24792	6.77758	8.97988	11.1912	10.8576	3.96348	5.04727	12.6309	13.8299	3.48176	8.83497	9.49318	8.0027	9.34265	3.99747	4.42937	5.86992	8.9141	7.98031	7.13206	5.58806	7.97293	10.9304	8.59204	2.60941	10.5164	5.90813	4.69289	7.99698	6.14584	7.34917	7.68026	6.93157	10.0176	7.99547	6.51347	9.148	6.01349	5.03535	11.5201	12.6817	13.6751	5.44703	4.52016	1.49716	6.79311	6.21606	6.18941	10.186	11.0783	4.82561	4.71857	4.30194	4.2423	5.2083	5.25404	6.58834	11.094	14.1499	47.4987	45.4533	32.5763	40.2343	17.448	6.98301	8.46799	13.0934	13.0825	9.98985	10.1688	9.40064	11.084	21.6707	34.1979	29.7406	21.1933	43.653	34.1725	19.0218	64.7441	52.8372	66.5739	27.3174	28.2307	60.5041	71.668	67.4905	65.8593	77.8692	77.9752	77.1988	78.494	72.0826	75.8731	77.3765	70.3678	76.523	79.603	77.9391	64.9176	66.587	75.1699	73.6209	72.497	71.981	67.1341	68.9068	71.0949	47.7604	54.9895	63.3915	60.4752	45.8251	27.9821	39.2163	33.246	16.3249	51.3127	65.1339	68.446	55.2638	16.9039	22.5932	35.623	64.8863	55.1965	11.2945	6.92284	6.76002	9.01901	9.12889	9.89067	13.795	12.7488	4.89036	4.3439	14.8068	43.459	43.7872	41.3207	46.0763	45.7807	42.9878	27.3577	2.99228	16.6111	46.4452	59.2074	61.1019	58.7458	50.7672	37.8075	25.6353	20.5253	23.221	5.39177	4.52016	6.07018	4.34374	3.28097	8.04663	9.64704	3.69588	3.82823	6.92944	7.82334	5.42516	6.51576	7.30501	6.20404	5.38357	4.67706	5.03846	1.57602	4.05717	4.55977	3.79647	4.5698	7.40153	10.3944	7.52255	11.5969	10.0075	9.3523	5.01165	15.2655	8.97807	9.67131	7.88918	8.04674	8.52526	8.4473	9.10957	10.186	6.13636	8.19736	8.34168	6.86473	6.05794	5.55597	6.31108	5.23403	5.72831	7.13433	9.51649	12.203	11.3268	9.56694	8.92099	7.30695	6.26376	4.91178	2.09532	2.46041	3.68791	7.83294	11.5674	13.634	41.7046	45.4449	32.9705	49.0832	56.0927	53.8137	46.2154	44.7168	37.0128	23.3666	16.0425	5.76721	4.29148	4.51012	4.6769	1.39241	7.37144	9.15438	11.0159	24.1536	49.758	65.8809	69.7605	60.8987	68.3777	71.5148	68.4059
12.6297	11.9483	1.23065	6.93092	6.39278	8.84888	5.2192	12.1439	9.90097	11.5437	10.9872	7.6217	3.85915	9.35089	5.59565	12.0496	3.47722	7.47455	9.81096	12.0068	7.99426	4.18466	9.04395	6.60575	4.74336	7.06862	6.47138	5.89995	7.06862	6.82702	6.98201	7.92007	10.8243	10.0627	4.44923	6.59882	12.7837	8.01125	6.25383	4.45265	6.41574	8.81387	8.2127	6.59882	8.63714	0.348134	1.79151	8.43734	5.22217	7.68378	9.6796	10.4005	12.3717	7.70825	5.98783	10.1636	9.19055	10.7076	14.5566	13.3701	19.274	8.06096	8.73905	10.3657	5.74864	4.34347	5.27917	7.0666	12.5936	20.8841	50.2917	25.0899	49.0236	36.1825	14.7537	4.8033	6.81834	14.2318	13.8235	6.82489	5.27893	4.1739	6.62158	21.2357	30.5063	36.3189	12.4269	42.2565	16.8516	10.8835	52.3345	50.5142	54.4426	13.0819	24.817	47.6704	63.9202	51.9361	48.5075	75.2385	71.745	70.6106	69.0335	44.1379	76.721	74.695	71.8407	74.1735	71.6255	72.1768	55.256	49.9531	64.4397	62.6733	50.3332	54.1189	60.5817	69.3127	68.3469	34.3721	17.2953	20.3878	25.577	13.897	21.693	7.11929	32.8074	56.2291	65.1459	67.7115	62.6899	37.1174	11.9448	19.3745	46.84	63.5459	50.2774	12.5451	6.5399	6.93734	8.81413	7.70859	6.69321	6.42294	4.18454	5.74617	7.3063	6.8075	43.9356	48.1953	33.8877	28.457	34.1844	40.5513	40.3101	41.4466	49.9028	56.1797	52.4459	39.6948	48.6107	57.4394	60.3611	51.8712	21.4632	20.5147	5.66461	4.0308	4.71806	6.12817	5.55536	8.50859	6.62131	3.81213	4.05703	6.83356	6.66614	4.91763	7.03327	6.17462	5.89995	5.21916	6.45074	6.5152	5.06189	5.59575	6.69536	6.08938	5.66492	4.34684	6.91575	9.05696	12.9368	13.1672	7.52217	10.4009	13.5291	10.2741	8.91317	7.70825	3.90553	4.31575	5.03517	2.72249	7.99426	1.71383	9.79895	6.43433	5.23348	5.59554	5.58749	3.19208	4.13047	2.66087	6.76576	5.31016	6.83601	8.04597	4.91131	5.86938	5.22196	5.34669	5.72515	5.66492	5.83137	4.72461	6.89646	10.2657	10.9239	35.9298	45.0502	48.7105	47.676	25.6089	25.7285	22.6248	37.8952	40.6207	26.4177	16.6356	4.3015	3.57953	4.39491	4.66033	2.58588	7.70825	6.28195	9.45501	22.0321	47.3005	66.2562	69.0056	68.2929	67.782	62.7056	60.5542
13.9853	10.3813	5.0375	8.32438	5.54424	7.51331	3.00184	12.7237	9.19077	11.5836	11.4779	4.87412	4.91406	7.72485	1.43499	11.8971	3.65436	7.74589	8.59724	8.80483	9.38443	2.85239	8.46816	7.33599	3.2061	8.47315	6.73876	6.52344	7.78412	4.51933	4.52917	9.35013	12.0402	10.8766	3.19181	7.96214	13.3974	6.20262	3.12983	2.45998	5.48706	7.03221	7.74591	7.47183	9.76394	3.88589	1.92174	7.95656	7.5838	9.17196	10.8292	8.83332	11.5738	4.63412	10.3995	11.3535	7.5978	16.3926	17.6918	23.3466	20.6356	7.68491	7.87663	10.564	7.73658	6.43404	6.15695	8.312	16.9355	27.2751	40.7405	35.6228	45.127	22.148	10.6135	6.24109	8.09818	15.6361	15.2602	8.94064	9.20393	10.3999	9.66828	19.498	26.6993	40.4072	21.6817	42.5633	24.9614	8.02346	28.7235	36.1431	32.4732	9.66079	12.7561	35.7815	56.1938	40.909	45.5216	73.987	63.974	66.0342	61.3533	45.3142	75.0829	74.4893	73.928	71.3754	64.3902	60.5131	64.1396	54.103	61.3711	63.8651	46.5039	62.0603	60.44	61.5122	54.3592	20.1846	10.3522	15.9694	25.8804	14.8567	17.5425	6.17368	52.4252	65.6653	68.0123	66.6141	56.8698	34.3963	30.0996	29.2058	47.3009	56.8357	40.6061	7.63832	12.3112	17.2644	19.6089	16.3325	10.9511	10.2354	12.2225	8.50785	9.57734	13.8167	30.6614	39.6742	50.2524	56.2265	57.674	55.874	53.474	56.6299	59.7272	50.0895	22.8968	10.5034	14.5502	23.8947	59.1902	60.9548	21.8783	13.2674	9.92946	7.29725	5.4352	6.64106	5.38804	6.14947	3.71564	4.97472	4.00047	7.06801	5.51433	4.23082	5.04655	4.8371	6.28382	3.84697	6.69231	5.68274	6.47094	6.01972	5.55224	4.59835	2.74983	1.11431	3.9052	6.25287	10.6877	17.0494	10.3645	5.72207	8.7732	7.10151	6.2624	7.97151	6.03214	6.69254	6.41313	3.5198	7.72302	4.34309	7.46578	5.67204	5.64293	7.5388	4.55891	2.65496	4.67621	4.13009	6.06645	6.63422	3.03682	8.11813	5.10838	5.98729	5.95981	5.38256	5.97248	7.06624	6.89604	5.31269	5.59514	9.56474	8.31358	24.2669	24.3909	24.0284	46.4014	56.4831	55.7798	51.0933	47.1611	36.4238	22.9701	14.7146	4.00038	2.63206	5.10556	8.01028	0.778355	7.77444	5.81771	10.4036	20.6384	35.8606	57.5655	65.5623	64.9435	60.1277	59.2521	60.6861
11.6528	7.01255	8.83242	9.32131	10.0801	11.1056	6.63173	13.821	8.72692	10.2679	11.2964	5.23257	9.888	9.63726	7.68425	12.8613	10.364	4.55851	9.24697	8.82054	6.61557	3.20567	3.58329	9.4862	9.4862	11.6716	11.1738	11.6664	8.53284	5.74509	5.74509	6.68493	11.1115	11.4581	6.57533	5.8146	10.2962	11.5236	12.6282	10.0151	8.96282	9.84642	9.34003	8.1248	10.6667	11.0129	12.8983	22.2197	18.2337	11.2548	9.54593	7.48728	4.96493	10.4546	14.0024	8.38166	3.68673	12.1469	22.7863	26.4543	15.5156	8.445	10.0801	13.1128	13.3125	11.0915	9.59624	9.74094	18.4058	30.6471	40.4978	42.6989	33.2291	13.8723	6.08824	6.44696	7.51246	12.124	11.0558	14.8032	21.6386	18.6721	13.3929	34.8504	60.2926	66.8985	59.0655	52.5175	25.3907	16.5121	18.1349	11.5931	1.4866	6.79108	9.88743	32.9142	45.5297	38.8193	47.8153	73.0621	59.2989	68.4352	65.3694	63.9492	74.3815	77.7649	77.7043	75.5905	74.6897	72.8181	68.2876	58.9023	59.2043	71.836	73.9714	72.6909	65.6241	53.6488	33.7138	14.0883	11.6964	12.3377	20.7079	12.0335	4.72347	23.6373	66.8468	73.7868	70.022	60.3339	36.9148	18.9121	30.0725	42.3212	47.9814	59.0799	65.0587	66.2299	66.3729	66.6809	66.2952	64.0985	60.7068	60.9157	58.4226	42.0845	1.79118	5.97912	17.2808	39.4433	46.6651	45.7671	40.7584	37.2315	33.904	35.5236	28.5574	17.1396	22.2876	30.4197	39.6645	51.6	64.1854	58.321	15.1592	10.3971	11.3016	8.06445	1.60406	3.88555	5.3904	6.43333	5.52219	5.44854	6.93609	7.97081	6.83473	4.52899	1.64146	4.10025	5.27794	3.81534	8.32359	5.21822	4.20186	5.51379	4.99808	4.80226	5.22098	2.26798	4.42811	4.76769	7.88681	14.9206	15.2291	6.43109	4.94077	5.04593	3.51528	4.55845	3.69506	9.08295	10.3193	12.5162	9.14573	5.39055	6.6406	9.15988	9.86838	8.32369	11.0655	13.3969	11.4323	10.3137	9.78879	7.13234	5.03423	10.9501	13.9035	13.9115	13.4482	14.7517	17.6486	18.5757	17.3303	15.3342	13.7578	9.45372	3.19619	16.8994	28.642	29.7031	33.9236	42.7778	47.9375	46.131	38.5796	27.3524	19.9821	12.2448	4.17311	3.84659	5.62946	10.3971	4.29047	6.93168	8.79903	12.5848	28.3622	39.2813	37.1583	20.6243	18.9783	50.6471	63.1821	64.4782
9.53699	4.50855	9.03341	8.52708	10.686	7.74478	7.51191	14.0862	7.22858	7.93286	8.69073	9.55838	6.0679	9.14481	9.79826	11.5335	13.6734	6.69346	7.94766	12.1206	3.88515	2.2677	6.03818	6.05549	5.81425	10.3963	11.09	15.3428	12.596	5.2462	2.8306	1.88159	8.37384	10.1722	8.91114	5.1775	2.09455	7.8659	9.63635	10.5992	9.60444	11.397	11.6742	10.0314	11.142	14.3162	27.5582	27.3908	22.0573	13.0079	7.031	3.88531	8.47164	15.5766	12.5841	6.36301	6.07035	7.66227	12.4238	11.8302	8.19648	7.51216	8.53245	10.4507	10.1994	9.04173	9.545	10.0791	14.537	22.2731	25.8852	21.0648	12.2394	6.77509	7.61935	9.20181	9.96864	8.26946	5.27776	16.1489	18.033	19.8088	31.038	54.782	70.3987	64.721	68.547	63.9618	21.7014	14.9088	15.4857	15.5771	9.28884	19.036	22.2427	13.8653	33.3498	36.4285	47.2193	70.381	53.3367	68.5993	62.2479	59.9238	67.0052	72.4279	73.3919	71.313	71.2924	72.9761	69.879	59.3036	55.8747	67.9867	70.3776	63.0551	48.2003	30.5876	9.15762	6.03082	7.2308	8.96991	22.8196	36.1295	45.2937	55.9433	74.8882	76.0549	64.9248	47.3011	29.1153	19.5866	25.7527	44.5099	50.8411	56.2995	62.68	63.4261	62.1005	62.5642	64.5949	65.6832	61.1887	53.8056	59.2686	56.6759	8.48043	9.659	37.2116	44.4819	40.5771	26.7419	18.1864	19.9663	15.8925	14.617	33.9688	40.4719	34.8508	33.1546	39.4588	51.0453	56.4603	40.8842	11.9309	10.7693	8.11662	4.5581	5.89086	7.06701	7.26557	6.46966	5.1775	5.2891	6.94614	8.10216	5.70514	1.16717	3.29809	3.1912	3.34356	5.12514	7.45859	3.9696	3.58288	6.2993	6.26135	5.48624	7.90324	4.73908	2.47169	5.17724	6.79023	9.29821	10.9263	11.3832	10.4021	8.80354	8.21085	5.31169	4.9645	5.28883	3.26606	10.1724	12.9862	10.7362	8.34599	9.65423	11.0471	9.659	12.8625	13.7034	13.6325	11.6068	11.372	8.67087	5.62889	5.52163	8.21082	11.966	14.2356	15.8898	18.8815	20.1391	19.8736	15.6409	9.6363	4.20134	8.17477	16.8735	30.2984	37.2985	33.1097	23.5585	18.5978	18.4959	17.4944	14.3321	11.0055	6.96109	1.73971	7.75204	2.99116	10.172	1.79102	6.59709	10.2953	9.81118	41.9672	53.2255	44.9185	30.2172	22.8371	35.8276	50.6863	50.461
8.8189	2.28746	7.98215	8.17379	9.41909	1.23021	9.58484	12.2422	4.34175	7.11635	4.39325	9.26427	10.181	6.74563	3.88497	6.30809	10.0199	8.50542	5.8976	13.9323	6.5239	6.10673	6.27738	5.88995	2.78727	9.18182	10.0127	13.5749	13.6439	6.43191	4.58413	4.58416	6.96036	7.6188	6.72609	6.7921	6.63936	6.27748	3.34332	5.06854	4.69065	6.26058	7.19904	5.73341	6.26307	11.0223	28.2289	35.9326	6.24174	16.8352	8.31175	12.1296	11.8974	10.6155	3.37467	7.10411	9.2457	9.70166	9.7061	5.4337	2.65979	3.9041	4.51806	6.59201	7.44802	5.76471	3.12895	3.35664	5.26851	4.58386	6.06714	5.3975	5.15932	8.4794	9.71177	9.3271	7.53663	8.47128	15.7675	14.9082	4.78908	34.7543	47.5845	59.5988	67.5827	43.5701	72.8297	61.7804	18.6257	5.47753	11.1406	18.033	18.1944	24.8204	8.75226	9.5192	7.73443	14.5	44.4178	66.0222	40.8265	64.1102	46.6657	20.413	22.4363	24.1641	25.7785	30.586	30.2285	26.8972	35.8964	38.6349	34.4645	29.4665	20.8265	11.2683	7.22209	7.77221	33.868	49.4613	52.0033	42.0846	56.2895	70.7233	71.6555	70.5424	75.8694	71.0726	34.7075	26.9888	34.1538	21.9112	24.7799	31.2768	30.1739	10.5982	28.2862	32.2884	30.6663	30.6371	18.7137	31.3069	44.9052	28.4262	59.1073	57.3132	9.77912	10.4951	39.7756	20.7919	23.3875	22.568	25.0425	22.3473	17.664	19.2292	34.2205	40.3745	38.7972	33.8235	27.4619	38.4019	38.6947	23.9263	10.2956	8.92957	4.39325	4.48148	3.33882	2.53183	3.96163	7.60537	7.64619	7.34617	8.30777	8.31119	6.92597	2.28742	2.83017	2.22728	3.44106	1.40262	5.15062	2.8034	4.0703	6.94549	7.27701	4.17232	4.28943	4.22947	0.936975	5.79542	7.16598	6.37147	7.30357	10.8262	12.302	9.66564	7.2303	6.26328	7.81229	9.16792	9.77912	6.35747	6.97977	7.27706	5.38102	8.0575	7.80267	5.90554	4.80149	3.99936	7.68073	6.6393	1.73956	2.72161	3.03592	6.52183	8.23165	5.17706	2.53192	3.56552	6.24869	3.04105	9.2454	10.3616	11.8829	14.6459	14.8162	14.1782	12.0016	8.30086	6.22269	3.51895	3.66548	3.75875	3.13383	4.67489	5.5749	4.80149	6.55819	5.30817	6.66589	7.91711	2.61404	7.67669	9.5362	10.134	46.2789	52.511	29.0123	41.7785	42.6156	28.6665	12.7875	10.8542
11.4136	2.45905	8.43348	8.0403	6.89533	3.20473	9.90231	9.10901	4.29973	9.657	8.81026	5.28523	8.15131	10.8714	4.52759	4.93328	8.97464	7.82833	4.77584	12.1208	7.97584	4.28903	7.14902	7.39155	5.935	10.9374	9.60987	10.8726	12.2331	5.57436	5.44418	5.53141	8.1353	9.01398	7.34533	6.69004	7.11575	6.35459	3.68158	2.56711	6.53689	6.78896	6.2482	4.25744	5.91727	9.99727	16.5109	32.1389	26.3497	21.7207	15.5738	13.7823	6.28171	8.8414	7.35113	5.28523	5.25108	7.88476	7.61035	3.74253	6.39188	5.44679	4.02892	7.01062	8.04224	7.45339	7.82871	6.7454	7.27637	7.96859	7.11569	4.18269	5.62757	10.0581	8.08049	6.35459	9.46812	13.7366	13.8259	6.72553	7.47091	44.1702	57.0881	61.0454	50.3671	60.1881	67.9638	42.8082	18.8344	6.0472	10.1703	14.5561	18.4349	27.8241	12.1961	15.3007	7.88506	15.1697	39.0259	59.421	51.6853	59.8826	41.6351	16.4623	15.4404	14.3661	11.9016	12.9019	13.4778	12.6448	16.3492	17.4638	12.5672	16.7826	12.335	3.6857	6.38963	33.3074	57.3497	65.0815	65.7118	63.932	71.841	76.8367	74.1522	71.431	70.9848	59.5329	11.4754	18.2208	28.7532	19.9994	9.5845	39.4407	49.8025	45.6803	43.7801	37.2017	33.8338	34.5569	38.3206	5.3219	44.2565	50.1721	59.622	53.318	10.4165	11.0657	34.5692	21.8816	29.8088	19.1926	21.9926	26.7768	23.0229	30.461	38.8602	35.581	37.0792	32.5922	23.1099	31.825	34.564	21.3461	9.4507	6.77364	4.5837	5.44697	4.96978	4.55738	5.89479	8.92926	11.5017	9.57379	12.6353	9.75281	7.44713	2.608	2.64825	3.65298	3.04074	3.30664	4.35508	4.86291	1.21772	4.93328	6.26005	4.97263	4.55725	3.29747	1.81584	4.56715	8.15153	9.50805	9.51884	9.71282	11.5002	8.63519	6.58478	6.80884	6.96842	8.19667	14.3919	11.4399	0.49211	5.38884	7.30286	10.1589	9.33751	4.43724	2.22694	4.68716	2.2607	7.37723	4.02897	5.10369	6.6184	9.45081	7.40563	9.05791	9.62851	10.7918	12.1024	9.48199	10.8636	13.9404	15.1314	14.0282	11.864	9.8732	7.78312	4.71585	1.16695	4.06616	6.08649	6.35709	4.7666	3.83776	4.65836	9.26861	8.57386	3.30664	5.59295	6.75622	4.17191	4.88756	8.21085	12.3338	35.4015	50.0793	49.0712	43.736	30.9562	17.4843	10.4517	7.91867
9.41734	1.43427	8.49686	8.60165	5.14966	4.14248	9.34569	7.5802	1.74783	10.6909	10.9618	12.8569	8.15642	7.74222	5.86602	4.25714	9.66501	9.33336	7.7881	12.3616	6.25958	6.12711	7.22025	2.80826	7.82751	10.9389	8.6816	11.1542	12.3881	9.60949	8.56115	6.0664	6.15394	6.89463	4.82528	2.71538	4.68976	5.82777	5.30717	1.22998	6.53623	8.94923	7.09813	4.50713	6.2619	9.26252	10.1104	17.9362	24.2377	8.34372	12.2632	6.18533	6.10543	8.11429	9.87047	6.94419	7.89184	9.48088	6.06864	5.62699	9.34569	3.90336	3.51813	7.00986	6.61759	4.20368	2.63078	4.96339	6.35414	4.55679	3.31996	5.55251	8.60204	12.508	12.4068	14.0356	16.5397	15.3564	8.32082	4.8993	12.3648	50.3117	60.4459	45.2587	58.5946	68.1572	59.3061	31.6501	20.3262	7.1361	8.84405	14.0922	21.0582	21.7993	13.4516	15.7966	11.3082	17.5442	34.3254	50.4595	57.7094	54.1271	33.6349	17.053	16.1927	15.7134	14.4961	15.4819	16.6698	17.6144	19.2886	19.4809	18.0584	12.9868	5.56037	14.4835	16.5689	57.1497	69.7236	70.9527	69.6287	72.6932	73.729	71.2718	46.4217	56.0257	53.2488	30.6826	36.9512	42.9801	42.6737	43.5479	46.1982	47.8634	48.0811	38.9654	43.4697	43.1421	35.1194	35.0774	41.8531	20.9581	29.5797	56.8397	67.154	59.5441	12.4644	10.5594	29.3213	22.7636	23.5809	16.834	16.6522	24.8815	26.4048	27.1245	36.1591	32.9857	27.2228	3.99483	25.9948	33.1408	31.8118	16.3478	5.68771	6.89503	11.0092	14.8724	19.5346	19.91	13.134	5.58471	1.11378	8.03404	10.6624	9.18012	8.21006	5.54167	4.34108	4.67401	5.66177	7.44682	6.66277	3.13318	2.58456	6.78845	5.64826	3.66479	5.15864	7.2125	6.91219	4.38239	4.51718	4.51387	3.35616	1.81566	7.39062	8.04901	7.70427	6.35398	2.58456	4.51718	13.2402	14.4803	11.1081	7.30233	1.11385	6.40989	8.26709	4.55673	4.91148	3.80997	8.63288	10.6899	8.17252	9.24413	10.3952	10.1793	7.35079	8.4697	9.28199	13.4308	18.2034	19.8558	21.1689	20.3368	17.83	15.0343	9.96591	2.26039	5.82554	9.85338	11.134	12.9271	12.1097	9.33666	4.17151	3.88403	4.34094	7.34467	7.13603	8.19595	10.7963	12.3102	11.337	3.57772	4.91148	15.2657	18.3346	27.2541	32.1298	28.176	18.9732	10.4272	3.80994	1.49616
5.5411	3.58133	7.35563	9.90032	5.44288	4.51341	10.1609	9.00539	0.936702	12.9806	13.3604	7.89104	8.57217	7.82704	7.82692	3.8449	7.71091	9.57152	8.4684	13.191	6.24967	3.6645	7.61637	2.80269	10.8546	7.35972	3.82522	10.6764	9.77632	6.06577	6.2114	5.27554	7.72612	7.88499	6.51969	4.00947	3.54338	2.80258	5.32066	3.41352	5.62642	7.61637	8.65186	6.65275	6.06294	7.95756	7.46147	7.34367	19.5765	13.2674	16.5012	1.72146	7.34964	6.87233	10.3474	9.40551	6.89856	6.97761	2.74838	7.70315	10.3754	4.55633	5.21568	6.84864	3.90293	4.0652	4.96862	3.31952	1.79032	1.98264	5.53306	7.8178	9.24299	10.3366	9.85971	9.51862	10.509	8.35522	7.45163	6.98581	14.1392	55.9249	57.1224	41.1871	63.3965	58.0136	37.4648	19.3975	12.5067	3.99831	8.90733	15.3932	17.9129	18.6239	15.5298	10.8392	7.4699	12.6096	23.6157	30.0194	32.2372	25.1553	15.0252	9.84203	10.6889	10.7467	9.28569	9.75294	11.3829	12.0364	11.4721	12.5546	13.3031	8.78853	10.9917	13.5716	10.6292	66.3682	72.0493	65.5569	58.0645	63.6545	58.2349	51.9493	34.1727	26.6047	18.4574	19.3008	38.5974	41.5144	44.9091	47.086	45.6111	28.3417	34.183	51.212	35.1532	32.5578	33.8494	44.1915	40.9358	28.5496	26.7446	48.1177	71.1327	68.0767	17.4932	10.5379	23.5073	22.9106	18.1209	8.73508	7.38984	21.6835	23.5263	18.5129	30.3253	35.3957	37.2405	30.4322	25.6062	28.6883	21.1449	9.7881	2.41527	6.05343	8.95857	13.6603	16.9534	18.3808	15.4453	8.42134	8.88281	9.4861	6.09489	5.92864	6.01614	5.07908	3.30601	3.3736	4.7214	5.91643	4.28842	2.31951	4.81237	5.43192	2.10088	2.33907	5.97661	7.72089	7.99667	4.38194	6.07542	7.06004	5.90383	4.22842	1.32451	4.59581	7.92979	7.64349	2.36462	1.77338	7.74143	9.66403	7.65746	8.79517	7.43989	4.50667	8.60078	5.15202	4.58582	4.42596	7.48738	7.71887	6.42802	7.12894	6.24727	6.23753	7.00082	5.28423	6.32295	8.68105	11.0198	13.2608	14.3936	14.8865	14.1398	11.06	6.41863	4.34035	8.50497	9.64487	9.93466	11.2407	11.1957	12.3314	5.15783	3.20407	4.82478	4.66363	2.48909	6.8728	9.14783	10.6942	12.2981	7.13502	1.60329	12.4826	12.2065	11.2674	12.0138	11.1729	9.41685	9.44271	6.2991	4.7372
3.42654	6.18414	6.62763	9.79168	4.72075	4.56582	10.6157	7.8824	3.10847	11.4717	14.408	2.60724	4.25621	4.88618	5.2835	3.58102	6.96184	8.33637	9.07744	13.8185	3.85627	4.42581	6.84803	1.2541	11.777	6.30568	5.48367	9.20233	6.86528	1.40203	3.66416	6.43644	9.60711	7.97355	4.72075	2.25995	2.48877	1.05788	5.06663	3.37324	5.72327	5.44512	7.5963	8.0049	6.5939	7.74078	6.69015	6.18426	19.6964	29.1519	22.5125	19.5539	10.2849	5.64718	9.50492	10.7306	5.90292	2.96951	1.16661	8.55898	10.9763	5.50789	5.64718	6.2607	3.4133	2.26666	4.19932	4.90758	3.35548	3.07923	4.1707	3.54313	6.95123	6.59394	4.81215	5.68692	5.93335	5.8113	10.1243	9.53249	20.0184	55.3213	47.854	53.3443	48.2484	13.8964	7.87123	9.9347	4.29483	3.58105	11.6009	16.2007	14.0541	9.6435	2.12214	3.57699	4.54292	7.09699	9.83044	7.11384	5.40129	6.06746	5.10506	4.11641	7.26196	7.42916	5.54854	5.98341	6.66133	4.87083	1.73883	3.62699	5.35379	19.7591	33.5034	32.5561	31.6283	67.7547	71.3588	57.6368	37.6364	18.5364	5.73915	33.486	43.1757	31.7992	9.91279	31.3452	26.9938	19.8931	24.3864	18.8029	14.0143	21.2563	14.253	58.6371	43.7593	15.0491	38.7255	45.6787	39.6629	39.1408	41.9221	44.4939	70.9579	68.848	18.3153	8.78898	8.96556	5.57269	5.54055	8.30488	6.52844	17.2155	19.8474	13.8794	17.8441	26.4129	38.545	39.8031	22.0485	5.60203	7.48261	6.24647	5.91583	5.59687	18.9512	37.3962	43.66	44.5115	40.4505	27.7909	12.3304	5.51061	3.58105	4.43576	4.11624	3.81296	3.51743	3.09376	4.44588	1.77326	3.422	3.47437	5.5833	4.5029	1.6405	2.78622	3.88334	2.4583	6.15266	2.26667	4.58542	5.35657	3.03985	5.03414	3.34196	2.78622	8.38386	9.3736	5.55929	5.34284	5.8955	5.29479	2.12214	5.04294	7.40313	2.80238	8.21198	5.93328	5.60203	6.54635	6.91056	5.84728	5.37618	6.535	1.88069	2.87668	6.89331	2.56647	6.58273	7.2986	4.82149	5.05203	5.20373	8.05448	6.42949	3.07421	3.42213	10.4622	10.0091	5.12269	3.74144	4.99525	9.77086	14.5603	5.64447	2.11504	6.1406	6.93209	4.66989	1.2541	3.29661	8.79408	10.8377	7.20043	0.173936	8.22803	8.19042	7.27618	6.10415	3.17082	6.85878	12.3038	8.42061	4.02774
6.34304	9.85325	9.77482	10.1593	4.00877	6.49095	9.20921	4.44543	4.90711	8.90573	8.70598	6.90987	3.24567	7.33048	6.42682	6.55488	9.18379	5.38662	10.3847	13.0908	4.35351	7.34064	6.84764	4.72026	12.7142	7.58391	5.55073	7.78581	7.09423	6.19096	6.40831	6.92503	8.79815	6.00497	3.51286	3.24555	2.85005	1.25399	5.73835	3.49139	8.09204	6.92505	6.05205	5.76166	5.82608	7.05854	7.51579	9.40894	17.8546	43.7029	11.6676	37.0753	14.6085	4.22403	8.29311	8.18416	9.86318	3.47845	3.07884	8.91221	10.5023	5.97514	6.51838	5.65974	1.01398	2.15029	5.24349	7.96578	7.33048	4.62107	5.91517	5.82637	8.30579	8.87148	9.26832	9.89914	7.09656	10.1075	12.9261	12.5766	28.8175	41.3779	45.4315	55.5921	38.5826	14.971	10.8371	11.2076	2.86601	7.67298	23.6031	30.6249	23.4956	11.9367	5.42003	5.05726	6.35239	9.48456	11.5754	7.50795	6.74287	8.63028	8.49319	8.09609	9.02842	8.97146	8.50173	9.12037	6.89303	2.48865	2.86592	2.95401	15.0301	50.2019	61.1491	61.1999	58.2714	60.8227	65.595	61.2333	51.2994	9.55806	3.68418	34.1999	44.2759	25.5384	9.49183	22.1943	32.529	37.0667	40.9211	38.8322	34.372	15.1412	28.6061	59.1455	58.2003	46.2002	54.1794	56.1003	52.4919	56.6456	62.4705	66.4516	69.5784	60.5908	15.8604	10.9121	7.60937	8.57058	8.05407	7.13391	3.71282	8.74812	17.0572	17.2975	21.2355	31.6482	41.6693	35.8869	26.8919	20.5903	19.0421	23.4302	22.7126	22.088	31.7673	38.8526	21.4383	21.9011	38.1293	39.4192	17.0198	6.66059	5.37845	5.41993	5.13661	4.67246	4.05337	3.47845	5.37834	2.17822	5.00369	3.82436	3.95953	4.16671	3.85594	3.74911	4.33967	4.02743	6.38716	3.74911	3.91763	7.27338	5.71775	7.60176	7.11315	5.44216	7.60147	8.49441	6.72258	5.78517	7.0462	4.5027	2.08611	5.55053	7.74757	3.23177	8.48782	9.04947	9.19674	8.26483	6.47064	7.65603	8.97144	9.55602	5.38662	5.95539	8.14834	6.43612	8.26504	7.46829	6.12575	7.06304	7.11315	6.95704	3.81257	2.22621	5.82637	13.7728	11.1808	8.59113	6.50055	4.12697	10.9752	14.4508	4.81147	4.97097	10.3347	9.46442	6.35942	5.73835	4.88565	8.40935	9.40377	5.12195	0.549954	6.85808	8.06639	5.65974	3.58069	4.25579	9.75497	12.2458	6.58191	4.51245
6.85352	8.56953	9.64789	12.1378	11.4087	14.0399	13.0165	7.65515	5.22853	6.864	3.57616	8.14749	8.05293	5.88419	4.26962	7.82462	9.83877	7.50722	10.7061	7.11216	7.82462	6.63537	6.25738	10.6314	12.6282	6.94993	6.40988	8.05298	6.49955	3.46073	2.7475	3.58035	5.70135	6.35168	5.91461	5.86381	1.64931	3.71246	7.29106	2.80189	9.79141	6.5815	4.93413	3.51254	3.13191	6.42856	9.39097	9.38001	12.3272	43.9595	35.7299	39.8131	18.689	10.868	11.506	11.7606	11.5556	2.26629	4.47866	8.73214	9.26691	6.12481	6.00695	6.35406	9.6421	10.3059	8.43164	6.82954	5.91456	5.20574	8.71225	7.73965	8.70556	8.84421	5.91472	5.34158	7.46566	12.5201	10.5932	9.7201	30.3665	37.0453	43.2947	32.5854	15.1669	12.1333	11.4363	7.79844	6.74186	8.46598	30.1341	23.5598	8.3823	10.852	10.2382	10.1584	8.66672	8.11158	10.8465	9.62997	9.0245	9.93325	10.6332	11.0675	11.8418	12.8552	11.226	6.82747	2.36396	6.42603	10.3896	25.3309	48.3602	58.878	49.6509	15.313	16.9229	33.8271	56.8568	60.677	62.2267	54.5332	38.3521	41.9501	43.442	25.609	20.8087	10.2335	27.3406	34.3395	41.0998	53.9822	61.4462	54.8012	52.1662	64.6757	62.2986	47.6092	55.9897	59.4588	55.9075	62.3497	65.5194	63.5646	56.7843	40.4089	15.046	12.342	5.92224	7.05804	3.61398	5.44409	3.6138	2.19861	7.49115	12.1332	19.8824	34.6065	43.4424	47.7319	50.519	51.3905	49.7988	46.6272	46.0899	47.1852	45.6685	31.7139	11.0162	25.0895	34.0829	36.4583	16.7694	10.0162	10.5486	9.62986	8.14767	7.05804	7.42602	7.82497	4.28715	2.1779	4.44504	3.68393	4.50554	5.14796	6.03447	5.17405	4.54197	4.17358	6.63541	4.72004	5.17398	8.3031	4.22355	3.41257	4.29402	2.178	7.38781	8.0457	5.82555	5.79216	5.53933	7.91304	9.50364	7.32976	6.75069	2.12174	2.99927	7.29106	9.53072	6.36783	2.70322	2.33182	6.97541	10.1224	9.31405	7.20117	5.2485	2.09309	3.99706	6.25968	5.73807	4.16632	3.85535	2.53039	3.99715	5.44161	9.02757	14.6801	8.6311	7.26678	2.97405	3.13195	10.9309	11.8991	5.21719	10.1585	12.6555	8.95119	6.7706	9.32976	6.65989	8.78401	8.52819	2.45779	4.02704	7.36381	8.11125	5.81275	3.65116	5.40011	10.1238	9.81657	6.25952	6.72201
6.27581	7.80703	10.1743	9.81573	6.06103	11.8981	12.9815	8.65562	5.48211	7.50626	3.09306	4.91217	9.53751	9.23932	3.03401	9.18051	5.12099	10.1517	6.78549	1.04321	9.62862	10.2664	3.29556	11.7289	14.4916	8.7113	5.92145	9.13904	7.27411	5.96687	6.46943	5.64578	5.90144	4.96675	6.48288	6.8633	2.28589	3.65082	9.18208	1.81479	9.46226	5.50909	3.83557	3.51663	5.68537	8.2387	8.78371	9.9088	10.3231	27.6425	31.1877	24.1696	16.1371	14.5656	12.0957	14.1543	8.00309	5.52792	7.97699	9.09916	8.84304	6.68595	1.73828	7.22335	10.8724	9.74487	6.96655	7.44884	4.67159	4.51504	8.93208	6.89174	7.7844	5.84549	6.40908	10.5431	4.73533	5.37746	13.2898	17.6223	27.896	31.6997	20.5408	8.59814	8.42395	10.0717	9.31373	6.10267	9.25818	9.34127	27.7299	25.8271	28.34	21.5693	16.3123	12.9505	8.58953	6.32058	8.34503	11.6179	9.93098	9.2776	10.3205	10.1177	12.2906	12.982	7.82433	4.61021	7.54738	10.4094	17.421	36.0155	50.8094	35.7422	35.2544	49.7469	46.2179	43.2726	53.7979	53.2684	56.1828	60.5369	58.5877	54.9852	46.2995	51.8879	52.9332	48.6989	21.7643	26.2335	21.5436	22.5109	40.5444	67.9025	64.359	54.1208	54.3241	33.0532	40.1889	52.5706	46.3021	51.0284	48.4764	41.064	27.7582	23.1996	12.8537	11.8799	5.02993	7.60795	3.91689	5.68499	3.61367	5.24251	1.60268	5.64578	12.8537	24.5073	35.135	41.6784	45.0272	48.0719	47.9275	44.7829	44.2772	44.7182	44.7827	40.9111	40.629	34.5062	29.3917	24.2827	14.7906	13.1482	11.848	11.171	9.34632	8.08721	8.20473	7.70846	5.71919	4.14049	2.8497	6.85726	7.60814	5.77132	6.75919	6.74158	4.96701	3.95899	6.36724	3.27741	5.84566	6.82878	0.549873	2.53014	2.58317	0.521646	10.2593	10.1573	7.04488	5.03272	10.0827	11.3317	11.6634	10.2303	5.0655	4.00796	7.91424	11.18	14.7221	8.36787	5.8838	7.29873	9.21581	8.96314	9.13904	7.35694	5.58204	8.31687	8.7603	7.67192	6.72163	6.75887	5.10055	3.58022	4.96101	5.65903	11.0558	13.553	5.27376	7.85954	5.17326	4.96675	8.76476	7.04452	7.05964	12.5022	12.1367	6.81164	7.27404	8.35162	8.11953	11.1281	8.78312	1.81486	7.79381	6.99834	5.26501	5.77093	4.26901	6.38596	9.42687	7.65231	6.40684	9.56797
4.912	10.0345	10.8285	7.17516	1.94322	10.6606	10.2655	7.53687	2.87559	10.6118	9.52943	8.79615	6.58703	7.37234	3.23067	7.95391	4.06717	9.47999	3.68329	4.71271	6.58012	10.3972	7.24283	6.25835	14.3198	11.7497	8.78571	8.38074	2.69717	4.58064	6.42719	4.17267	6.30327	8.62417	7.96327	4.28619	4.23687	1.3239	9.86642	2.948	6.92516	7.92638	8.03531	7.82353	8.20387	7.06101	5.44334	8.12443	8.53895	9.815	6.20126	5.42683	8.54222	9.48166	8.40026	10.8643	4.4611	9.76724	7.96315	6.48232	6.86918	5.20164	4.86904	9.66868	7.32839	6.30353	7.7608	8.52494	5.17289	2.56539	8.90323	3.90114	7.5896	7.83443	7.74547	7.72843	10.8128	11.4066	9.07452	8.25393	7.81409	10.2867	8.5558	3.19332	6.91469	7.38672	5.60012	5.20453	9.78806	13.2996	16.0483	10.0952	13.4565	7.51363	6.07257	5.78353	4.18003	5.37695	5.10029	5.72126	4.36948	5.9613	7.12364	6.12884	8.64297	5.20177	4.54097	7.95764	11.9329	13.4218	18.4691	33.4761	43.259	28.083	28.3239	20.0417	17.9568	32.2677	50.0565	51.0508	31.5108	44.3779	63.1646	66.2958	65.8572	68.3738	66.7898	63.8286	45.2635	39.1394	39.2027	55.9614	60.1607	60.795	66.1238	62.3869	55.6436	22.3856	26.1294	44.1951	39.851	33.6457	17.8027	23.7748	12.7967	18.4769	10.5094	11.2925	5.44056	8.82415	8.49907	4.52445	4.68404	5.30715	8.12439	4.76342	9.40586	6.67867	8.99672	14.3791	14.6777	11.3776	17.8381	19.1592	16.4322	12.8574	7.43442	9.07407	27.3122	38.0926	37.8216	30.7741	21.9742	12.2009	8.29627	9.6082	7.99285	5.97372	4.5839	2.80136	6.27491	5.13518	5.76027	5.7214	6.94018	4.31081	4.52466	4.85671	3.1073	3.88194	7.22244	3.33625	5.38526	4.5146	3.1932	1.43349	3.1073	3.3407	10.3371	10.4926	3.19318	3.82342	13.9863	13.1358	5.92113	3.99631	4.19418	9.83695	9.56743	11.969	12.223	5.50606	5.50876	7.46612	8.45768	6.80432	4.09639	6.5917	11.0979	10.4559	8.28928	6.37131	6.05037	6.30332	2.48783	4.46121	5.35479	5.81189	9.53667	9.88555	1.01375	7.89446	7.45232	8.28928	9.46159	7.35663	9.77958	11.6645	6.58029	8.33326	9.47999	7.42639	7.65353	11.4437	8.42964	3.84295	7.50547	4.59355	6.25608	8.12443	6.94023	7.02503	10.7052	9.13688	6.61408	9.32645
3.72764	8.05068	8.30074	4.22244	5.39843	9.1021	6.89003	8.3799	1.22913	15.9472	8.83823	11.0801	12.0216	10.4743	5.48114	7.11639	4.42367	8.93042	5.42906	6.27699	7.33981	9.48831	8.80987	3.66243	13.313	13.8646	10.7162	6.00522	4.26845	4.47765	7.28897	5.76728	8.30062	9.68103	5.62325	1.0574	4.83142	1.22919	8.47223	4.88382	1.11303	3.95824	5.81139	6.00313	5.05566	3.09248	2.2855	4.39305	6.85583	9.33043	6.44298	5.28413	7.79606	7.0999	7.31351	7.9625	5.69971	9.93148	9.37703	7.59863	7.06631	5.17255	8.98119	9.1424	3.8074	4.19732	6.99885	7.6739	4.71225	5.98319	8.82987	3.10686	7.96234	8.66899	5.8239	5.06455	7.51298	7.42399	6.73369	4.554	3.54138	11.0483	9.30698	9.37745	6.38507	4.51417	6.95853	9.69322	11.4427	12.8115	7.86752	8.41535	6.59113	6.90728	4.35174	5.54854	3.9583	5.31789	4.82238	7.44745	2.64625	5.74158	6.27699	6.37109	6.57967	1.2291	7.32743	7.65277	13.4495	13.8091	15.626	29.0392	28.1931	21.9869	19.4303	12.6602	11.1409	22.2185	40.578	52.3666	36.1441	40.3735	54.502	67.2986	66.1023	64.4609	68.0993	71.4827	70.5342	69.8916	67.098	67.9936	70.9015	70.7324	68.1688	65.1611	54.1524	7.82266	10.6518	25.3209	31.3137	25.1014	16.7234	20.7537	10.5649	15.193	6.40577	8.48957	3.71133	6.78603	10.4917	6.99704	6.4081	5.82418	9.37431	8.4276	7.82254	0.549746	3.90096	10.2349	10.0042	8.10893	9.37395	9.53577	11.612	19.5996	25.0694	26.0248	20.5417	23.8952	31.1406	35.7409	30.6543	14.9178	10.1855	11.37	9.21394	5.13482	4.56375	4.36908	6.46799	4.90527	5.71542	3.65022	7.11031	4.41698	2.82794	4.46067	2.48771	3.13114	6.9969	4.54082	6.06461	3.84273	4.93562	2.1774	3.09248	4.76292	6.05953	9.24856	6.88802	5.62325	15.8238	10.6392	5.41501	5.05539	5.6419	11.3293	6.99885	5.04067	9.32561	5.35401	4.51419	6.10128	5.62325	2.4139	6.91409	10.8332	12.4171	11.5615	13.6165	11.8921	6.67799	2.33759	3.96585	7.42587	9.03332	7.94065	6.29333	8.9007	2.96823	6.75768	6.46345	7.35556	6.51835	6.86894	6.81688	5.00488	3.7397	11.7267	9.42512	7.72769	8.16153	10.5644	6.59074	3.66235	6.24343	6.73333	7.33744	7.59284	8.33099	8.99592	12.4178	9.98711	6.97384	10.9294
2.33104	7.80473	9.24776	3.72726	7.75936	9.64282	10.0226	11.969	5.0402	14.3597	13.2179	7.65434	5.37316	3.9577	2.71347	7.99136	6.01234	8.53716	6.24313	8.30387	11.0021	11.8447	5.10219	8.82909	15.7007	11.6621	7.66945	8.41627	7.83337	5.27218	7.59796	7.69832	10.5306	11.2291	4.28536	3.54112	6.57679	5.17211	8.92962	6.92824	4.88662	4.09582	4.0479	4.20072	5.15474	6.9625	6.78353	4.06268	1.94278	6.57679	7.4352	7.72153	10.3524	10.7197	9.10172	5.38156	6.207	7.96909	8.14456	10.5172	12.67	14.5646	15.4731	9.10177	3.62494	5.35355	5.28332	5.89218	10.2274	14.0964	11.1398	4.88352	7.05937	7.86683	6.52477	8.47191	7.76531	6.35168	5.92002	5.73592	6.58583	9.83532	9.37653	5.8999	3.51544	6.20703	8.66828	9.1605	8.22344	8.46306	11.9908	10.0976	5.21229	7.122	5.35378	8.87718	6.51571	6.3564	5.14602	8.49933	7.98423	8.3038	6.59046	5.54825	3.67843	13.3577	15.5577	17.0679	19.3481	16.0821	16.7507	24.7998	13.3878	14.9871	16.3674	14.6394	11.9728	20.4744	31.6042	43.3706	49.2111	47.4904	44.759	53.5318	56.2249	52.5436	60.7935	70.7312	73.1918	73.7739	73.8029	72.6584	71.5887	70.7564	66.8835	58.318	40.3439	10.682	10.3021	13.7506	14.1827	12.3638	16.336	14.9864	8.18068	12.0058	7.79553	10.1489	5.88977	7.42493	8.14981	4.51035	2.87505	7.70592	10.7587	15.0275	13.2193	10.4581	8.90203	14.8462	14.1592	14.6325	17.4838	21.1657	25.9772	28.1977	29.0873	30.5141	29.4118	21.1375	5.55616	25.6406	41.0796	43.0624	39.8157	32.5082	20.4674	8.0007	6.74841	7.06594	8.64136	6.46295	6.4075	5.48054	7.76526	8.38833	8.20237	9.05987	6.88979	5.44232	7.65044	8.4285	7.66972	4.66084	6.21679	6.25504	4.78449	5.1198	5.69939	6.6797	4.91082	6.81594	17.6106	11.9914	6.58579	8.54063	6.38419	8.96727	13.2193	14.6091	13.9028	9.43663	6.27612	3.37145	7.33716	9.94714	8.49783	4.38924	2.98803	3.31736	13.7755	14.0036	7.51196	3.85409	7.50428	11.119	12.0865	11.2794	8.81114	7.89493	2.26537	5.78998	6.8094	7.09909	2.45686	1.98129	6.62417	10.6915	14.2875	14.997	11.4807	8.31431	8.03542	6.97286	3.64985	5.67583	1.60227	7.96172	10.6288	8.96706	8.08464	6.24296	11.2483	10.8464	8.43544	12.4897
9.39904	11.6036	10.4968	5.76655	8.68138	11.2324	11.1758	11.8996	7.87732	5.27149	11.3428	10.4846	8.62699	7.72625	5.0277	7.00428	6.01192	7.8922	8.62712	13.05	12.498	7.35462	5.76876	11.8816	10.1019	7.19186	10.4944	9.34302	6.05839	7.36035	7.09233	6.88673	11.0709	9.8577	4.35114	7.50365	10.239	9.73828	12.4864	10.8748	8.34193	7.67296	10.1768	11.9326	12.5059	11.7931	9.7651	9.94185	9.0495	5.6411	3.18773	2.98792	1.4011	6.58986	7.15903	5.44185	7.78145	9.12646	10.4558	12.9371	15.6625	15.3831	12.854	11.0012	11.0102	10.5067	10.4558	12.3795	14.0319	11.985	8.71678	8.8367	9.29283	10.7134	10.7014	10.5876	8.49023	7.5036	5.0546	3.68226	5.37542	7.10898	6.07087	4.68593	6.50336	6.57825	7.65134	9.09564	7.22266	11.0625	11.2784	8.66773	8.08385	5.89918	7.49782	9.48689	8.31378	8.8485	8.41378	9.77693	11.1916	7.44051	4.23565	3.82235	14.9566	20.4638	18.5294	17.6181	14.383	8.45706	11.4103	18.3729	16.2798	15.6686	12.2895	9.14875	9.85194	25.0707	22.0692	19.7206	41.1441	45.21	36.2434	29.2322	40.5369	41.7051	41.8288	49.4082	53.0284	54.5515	58.7498	58.9085	53.1993	47.7463	40.0569	28.4175	20.3329	10.7256	10.7149	12.2409	18.2987	21.5607	23.5751	24.0122	15.9249	12.1848	9.45916	9.5113	4.96817	8.78163	8.62699	8.68138	8.47118	13.7073	13.0971	13.3526	11.6579	11.2796	12.7392	13.2009	10.0963	11.0981	13.1865	13.1737	14.6826	13.5426	8.20116	9.89317	14.2668	20.6958	21.2704	7.06532	16.1518	28.9699	35.2588	41.3082	35.7199	20.4009	17.6454	14.4102	13.0097	13.7129	15.4293	12.8902	11.9111	12.3553	11.5495	12.3	12.2711	11.4036	12.4252	11.3279	7.37071	6.24499	8.78378	8.4971	6.38388	6.73909	7.05908	9.26295	7.50374	4.88303	15.3982	16.5701	11.1154	22.8186	25.8472	18.8095	8.0842	8.94168	14.6958	7.50346	11.3582	14.0944	16.2798	14.5586	7.60318	7.09025	11.401	13.8054	14.4608	10.3859	5.00394	7.38465	12.1076	14.2744	12.2072	12.8199	14.8379	10.5726	3.83413	8.32912	4.57908	6.12228	8.99916	6.88664	3.20166	2.21121	8.43422	10.386	9.44225	9.03164	7.5036	0.549665	9.79163	10.8259	8.99916	3.29432	11.4305	11.5091	8.72644	6.96151	10.6926	9.13565	4.58237	8.18677
11.4735	11.0911	8.13594	5.89117	7.57545	9.81569	12.7227	10.0952	9.13502	5.96402	3.73843	7.85017	7.12884	6.81669	9.20315	2.61102	5.21128	5.89087	10.5858	4.51286	1.98081	5.50662	10.3501	10.5285	6.06021	1.63926	3.82207	8.42819	11.6376	8.14276	6.21541	7.82029	9.05775	4.81757	4.85807	7.29317	11.0337	9.2354	12.1731	10.1484	7.42373	6.8863	9.3248	9.6548	9.91608	8.20084	6.30115	7.05628	10.217	11.1351	9.41673	9.63675	9.56393	6.30122	3.57844	1.2288	6.36451	9.63217	10.1758	8.10704	5.47949	3.33948	1.40098	3.51052	8.02676	11.4023	11.2773	10.4893	7.22207	2.82705	3.92643	4.50944	5.41642	7.32563	7.02264	4.37819	3.47181	6.02334	5.57905	2.71277	2.33047	4.88246	6.25369	6.40625	7.87651	7.16411	8.18775	7.90997	4.19634	7.64899	8.51675	9.89217	9.26181	7.04153	7.54801	6.55072	5.02752	5.65633	7.04153	7.29334	4.33692	7.33732	10.1866	8.74265	16.4756	18.2813	5.39702	3.42375	7.16442	9.78638	13.3678	16.8511	13.51	9.81144	12.3211	5.51447	10.2995	27.3745	16.5108	19.3866	19.9474	18.2038	15.1669	12.6118	15.1386	12.9924	11.2773	11.7349	13.2169	13.5431	12.2711	11.5235	10.2832	15.1117	15.2412	9.71928	12.8389	7.38389	6.5304	8.34815	16.4615	23.4759	26.6629	28.2082	21.8517	9.6789	6.12142	5.15349	3.57847	8.82759	11.7349	13.0357	12.5273	11.6748	8.83558	4.44276	6.97156	3.74661	6.17959	6.82567	4.73615	7.97309	13.3793	19.5557	20.9392	20.3091	16.882	14.6418	14.9844	7.95104	15.1083	17.9054	12.5759	19.3015	12.0608	22.942	34.7713	27.5229	20.4163	16.0834	12.0241	18.4177	19.9342	15.9643	12.5961	11.8414	9.78041	8.83273	11.3835	10.9923	8.11609	6.57777	4.88253	4.99165	4.55268	5.78121	5.57934	7.45564	7.05628	11.1554	11.2773	10.626	8.78074	15.8307	19.2036	11.7539	18.0878	21.3244	13.966	11.3264	11.6707	4.80852	12.2014	14.6727	12.9837	11.5194	15.0091	11.186	7.32563	8.58547	8.32859	3.29398	4.96766	10.7136	14.3303	13.113	9.25427	9.6246	11.9898	13.3836	11.8301	10.0303	4.29525	15.0208	18.5876	18.1401	11.5483	12.95	15.5903	14.0693	6.58887	3.82195	1.0427	8.13033	10.5711	7.59101	11.2579	7.08953	8.44028	11.656	7.27059	9.10594	10.2277	8.74235	7.75968	7.76344
9.13236	7.63265	7.23972	7.57853	6.67802	11.7721	12.9427	10.0298	10.4218	8.96962	2.26471	7.34277	7.50197	7.67117	11.2769	7.34877	5.07426	3.68153	8.49502	8.67971	11.134	8.2713	7.38897	9.023	8.25863	8.06079	8.66112	8.20153	11.4082	8.72639	6.40548	7.57819	4.43197	4.33648	3.92629	5.9707	11.5912	6.78369	11.4021	9.82063	6.80108	5.05366	8.09146	7.25595	6.00078	5.07426	4.685	3.66113	4.82975	7.46072	5.71867	4.80804	7.57853	9.09431	8.62375	7.10765	2.91073	1.26496	2.11323	5.50319	6.27192	6.02299	6.57728	5.51428	3.61157	2.09169	2.99732	1.73738	2.8479	4.49906	5.75741	6.14762	4.61752	2.58182	2.78381	4.52237	4.59144	3.91466	4.96694	4.33982	3.2617	3.9944	4.62707	5.26202	7.72468	7.67297	8.1853	7.95955	5.34943	5.38268	6.74634	10.9908	8.46925	7.93756	9.33651	6.30057	3.37052	2.91073	3.03226	3.99429	6.38234	9.0699	9.81013	7.2618	14.4414	14.9389	3.57811	5.14745	5.19941	5.14453	7.79312	9.8102	5.42695	10.3282	15.4017	6.62221	11.8975	26.8998	14.7974	19.6227	15.4304	9.50046	7.95978	7.29464	9.74338	3.67736	5.39652	8.87463	6.9114	6.59519	5.33828	5.27071	7.54707	11.9738	14.7976	15.2737	10.9911	5.75756	4.8821	4.57845	5.89058	9.23418	10.2494	15.8491	17.7252	6.99424	7.17175	6.16432	5.31582	7.439	7.16371	6.50239	6.91783	7.29455	7.29241	3.37052	8.19962	2.17645	5.15298	4.50904	4.25265	4.68498	3.03711	9.42153	16.41	15.5651	16.9776	15.5792	13.2011	12.864	8.08952	21.0691	8.87438	17.6354	20.2325	22.8913	21.8346	13.5908	8.00928	18.9027	27.1139	30.8264	24.3785	16.0305	9.09431	8.18561	9.23436	7.81982	8.28554	7.77427	5.59725	5.33809	4.88206	3.37047	1.57332	4.28414	5.95077	5.33828	5.17061	10.4988	6.93693	7.11401	6.80771	8.28693	19.4967	18.9252	16.0872	22.6782	17.6645	7.50188	6.85295	6.97082	8.5347	5.14453	2.95678	12.4677	17.262	11.5466	3.89925	2.41909	4.2208	4.55221	6.74854	7.89265	9.55043	8.25855	6.29102	8.56402	7.61932	10.7579	13.4571	9.99059	10.7597	19.2071	15.3102	20.5093	4.55216	5.54636	18.2084	18.5929	5.89046	1.32331	7.77238	9.98334	10.3646	8.2713	11.0184	12.5977	6.84219	14.8891	9.99064	7.65	7.09077	7.7132	7.43867	6.54995
9.95468	7.70294	4.02398	9.52541	15.3252	21.4067	18.6625	9.49469	7.88243	7.23865	6.33765	11.275	7.54272	4.50198	13.1175	11.8722	5.53534	6.14718	3.64847	6.92119	9.15585	10.1582	10.0001	9.4763	9.90349	8.78611	13.6355	17.0345	16.5085	11.5175	5.55407	5.578	6.73714	7.36858	5.64203	7.35823	13.3091	9.40084	13.924	15.0181	12.4204	9.97695	10.2148	8.25805	6.71729	7.62629	6.89141	4.90923	3.87973	4.52211	6.72824	4.81696	6.20495	9.97839	12.2375	12.4067	11.3676	11.7668	11.5165	7.05704	5.99986	5.38203	2.96667	4.7355	9.65305	12.5758	11.2854	9.70708	10.161	7.65148	5.10012	4.0646	3.66073	8.03265	10.0291	13.5405	28.4398	39.137	37.7731	27.6309	20.2107	15.24	10.1796	4.9637	5.16982	7.63192	9.60306	11.028	9.17665	6.65739	5.75699	10.3482	9.63484	10.0781	8.42536	6.18569	4.34619	5.71801	7.2043	11.531	15.2361	13.4617	12.2501	15.7549	17.5251	8.39534	3.47549	4.66551	5.17017	5.27026	9.05607	8.86526	3.78974	9.49469	16.234	14.0746	15.4858	25.6593	19.0928	23.1758	19.0757	15.4144	13.4535	10.4542	13.8462	6.06172	7.87505	8.45798	6.19777	8.94453	8.10553	5.71269	6.88675	6.67736	13.6273	14.1602	7.33441	5.21323	6.33765	7.23708	6.57671	9.7886	12.2032	19.7043	25.6515	18.9259	19.3987	15.2817	8.11978	1.81358	5.03842	7.2043	6.95566	9.04678	8.52046	4.9637	9.50824	3.20088	6.51525	5.00249	4.12327	5.02939	2.84779	4.99049	18.0314	18.3955	16.4921	13.3189	16.4782	20.4676	8.80787	16.8918	27.7484	26.9675	18.5971	23.8114	25.5291	14.4629	9.99957	20.4278	29.2708	26.7528	28.5511	30.0299	29.1243	21.9418	16.2952	11.9864	8.71428	11.0744	7.43811	6.14706	5.97034	5.44028	5.58633	6.24072	8.11438	6.88501	7.9591	9.32602	6.38172	8.41136	15.7761	22.2792	22.975	8.62311	9.21421	15.7985	13.9384	8.89833	8.34642	6.06906	6.42338	5.21326	9.12361	11.244	14.9439	10.5689	3.96018	8.56343	11.2025	10.1511	7.38252	5.2445	7.10672	10.9174	11.697	10.0073	4.16676	12.0861	11.2948	3.95621	6.25245	22.1015	16.2866	27.4398	11.0173	13.8376	19.4148	15.2175	3.51425	9.39779	11.4714	12.3917	14.0653	9.5073	10.4606	14.3543	3.51406	16.6475	7.71813	2.25779	5.03826	8.98834	11.1523	11.0709
11.3133	7.87455	5.46971	10.1226	11.2851	15.0466	21.5741	13.1604	11.6676	3.53936	8.1767	11.8571	11.3299	10.8377	14.0013	11.9478	3.89868	6.04649	6.2401	11.3534	6.99493	7.64858	10.997	13.4604	13.0922	10.5915	9.04589	10.4351	8.99573	2.98674	3.07601	7.71786	10.1501	8.45739	5.71486	7.66585	13.5718	11.8569	12.1138	16.0276	14.2547	12.967	12.2491	10.077	8.7252	9.5307	8.45915	6.67454	4.42119	4.50169	6.45993	4.9632	6.79972	8.71341	12.4192	13.405	10.9957	10.8589	11.8777	10.9234	1.87872	8.81841	8.16246	7.64658	7.57682	9.32226	12.1618	12.483	12.184	10.3867	6.64562	1.57302	6.139	7.76132	7.80886	12.1615	32.722	44.6756	56.5005	61.4403	57.206	44.2578	24.1719	11.524	6.85202	2.79949	2.58125	4.51161	4.93298	3.03668	3.66034	7.44733	7.12721	4.81958	2.8632	4.53795	7.36746	8.18197	6.17784	11.9634	12.0522	9.73433	17.698	26.7279	20.6895	9.54423	5.60956	4.73188	6.00956	6.29932	10.7505	8.98725	2.32992	5.75651	11.4703	11.027	14.2075	20.4584	24.2521	26.4266	19.7218	14.8555	11.9863	10.6173	15.4992	12.9201	9.56121	7.58856	6.95057	7.997	9.02789	10.7826	7.02038	6.52822	9.9845	12.6583	9.28928	6.34635	5.8183	6.62327	7.16237	10.0682	13.3344	23.2635	34.4654	24.3855	25.5571	23.1513	16.0064	12.3904	5.50216	7.15623	8.84507	7.92116	4.58084	5.02594	10.1838	4.90873	8.4521	6.04654	3.83264	5.19246	3.12929	1.7108	19.0549	16.1846	17.0726	15.8597	13.7229	18.7581	19.3951	16.5194	22.8616	18.0591	10.9104	10.5463	4.88105	12.9884	20.343	17.0253	9.69234	0.54945	9.15644	18.5869	25.6343	26.362	18.5499	10.4199	8.32807	12.0806	9.64432	6.88426	6.20429	6.57607	6.82167	6.95918	9.17077	8.99573	11.8381	11.9244	9.58093	15.1051	17.2201	20.7532	17.2636	16.2317	14.2132	14.6905	10.8266	7.4315	8.09011	4.12303	4.50836	8.93877	9.30645	10.709	12.3282	5.80526	10.0928	12.0242	10.6229	10.5794	9.37685	6.95495	8.79843	14.8253	13.2244	2.69536	10.1668	11.3987	10.4638	5.39556	9.31404	26.0523	16.4989	35.754	15.2804	13.6625	14.4428	6.36708	8.7918	11.0164	12.4556	17.1242	18.2	12.8786	13.5894	14.9123	1.91845	14.523	11.1627	8.51966	7.72355	8.08469	8.46772	7.86316
7.05123	7.38111	8.03115	5.37832	9.84771	14.3957	17.5511	17.607	12.7013	2.43704	9.94101	7.47412	6.58204	9.0967	10.9945	9.3132	2.95612	5.20927	4.59005	11.8279	8.36748	10.8483	10.2847	8.0453	6.0555	3.56009	4.69322	7.1263	4.68383	9.92535	11.0624	11.0521	7.88141	9.46971	4.34884	6.38275	12.9347	12.9868	4.41404	11.1706	11.5439	10.0633	9.92405	10.2344	9.74113	9.95307	8.62304	7.18856	6.45936	5.67254	4.82842	5.71691	7.16143	7.83048	7.16174	10.5015	6.51196	5.65421	5.19799	11.1742	9.15543	2.26407	4.75975	11.1705	13.4837	9.69132	3.62284	6.52796	7.57645	7.43697	8.71266	8.4098	3.64768	8.89656	6.99226	8.92454	31.1853	48.3811	40.8598	41.5795	60.0884	63.2492	48.5975	20.8808	20.6463	15.1795	9.25879	7.61725	6.67397	6.11691	4.61626	4.17672	4.88062	6.17728	8.42362	8.41147	6.43846	6.71561	6.45908	11.0722	9.01876	10.5287	21.2366	23.4089	10.0111	19.4583	5.56644	4.36617	3.47062	6.51162	11.1497	8.05806	2.86302	3.92522	6.51171	7.01955	9.57048	8.87232	15.8962	15.1795	8.99503	8.02344	6.18429	7.6015	11.8186	10.9646	6.90303	5.13127	7.72247	3.51359	12.2508	14.083	3.5092	13.3372	9.99794	11.3487	10.2582	7.21118	5.03751	2.95612	4.26537	8.19724	10.7521	18.3152	42.0051	33.3957	21.3279	23.5436	16.5743	17.2403	8.84377	2.11263	4.71541	3.09041	1.71946	3.5771	10.0628	3.33816	6.753	4.8653	6.09747	6.60908	4.29007	3.33374	17.5579	8.62095	10.221	13.6107	4.39012	6.9155	8.96708	27.6711	28.6912	11.1706	5.00155	6.25152	18.3933	25.259	23.7846	14.4072	2.64448	4.88069	7.21938	8.95595	5.37288	15.394	20.575	14.5251	14.2682	16.7386	12.6649	7.69409	5.85853	5.34796	6.14603	6.45936	10.5015	14.0886	14.7415	11.3238	8.1816	16.9605	14.1278	11.9623	7.94256	17.5475	26.7083	25.9426	13.5218	6.2394	6.23944	6.40383	8.92454	8.51887	10.7527	9.6389	6.64461	4.75984	9.97624	6.58676	4.7942	4.11176	4.88386	4.7818	7.89042	12.7502	6.94335	11.3627	11.8475	5.59564	9.33344	7.39472	14.6664	19.6481	33.2519	35.2278	12.8223	12.4086	8.51345	1.8705	8.72232	8.56139	11.8112	17.011	13.8158	13.6448	16.9731	15.0952	7.89042	7.1179	9.13003	7.00514	5.84068	6.08742	6.95392	6.76398
8.61689	6.527	2.74461	2.0981	9.12918	10.0752	8.78339	18.1781	12.215	7.8617	10.026	6.17656	8.60833	6.58143	9.52275	8.87133	6.29822	6.07727	6.9576	12.2463	5.34999	5.54429	9.93582	11.438	7.98617	8.11231	8.64771	9.87741	3.8045	9.02615	8.45745	8.67642	9.6198	11.7495	3.29245	4.96508	12.5716	12.9466	4.17624	6.0454	10.3386	9.02648	8.51803	8.26822	7.72211	9.66061	9.1101	8.48359	8.29477	5.5257	4.28965	5.80677	4.96208	8.1822	1.8704	8.41043	6.72632	5.30263	2.60981	7.49321	9.30473	7.48363	3.12388	5.81952	11.9837	12.5695	8.78833	4.17624	4.34852	5.14551	7.84697	9.74604	7.446	2.99613	8.92389	10.2163	20.548	43.1504	56.8576	58.8218	41.1526	50.4196	56.3797	23.1186	18.8132	17.2479	10.7182	12.2931	12.6875	10.8357	8.9616	7.23702	7.98617	8.05765	8.83169	8.73855	9.02003	7.87501	5.4138	11.0401	9.49646	14.4515	26.0063	15.4679	18.3273	22.5131	5.89598	4.73092	2.88892	9.60303	10.8352	6.04518	5.20883	3.29245	9.18157	7.87288	4.12211	10.2544	12.4942	7.58741	7.32194	8.11195	6.31459	7.13822	8.28227	8.84978	6.96832	4.88023	7.88777	3.55997	13.8868	14.7096	10.5829	14.8227	8.45227	8.82327	7.94738	6.3825	5.5257	4.4574	5.96842	8.65579	9.85223	11.8209	42.4382	39.3332	11.5955	21.223	20.4345	16.7592	5.0987	7.38041	9.48124	1.22822	1.01288	2.56331	9.40415	5.43852	7.75987	8.16075	6.74394	5.90857	5.34999	3.16691	16.7984	14.8921	19.41	16.5519	8.75202	9.20717	8.73859	10.1477	27.4055	28.6615	23.0637	24.1073	30.2418	28.2959	21.1246	10.7182	8.19657	6.9576	4.73414	6.14541	5.73716	6.84642	22.0615	25.7702	24.6237	24.6041	17.0694	8.80515	6.31459	5.80435	6.73519	8.58142	12.371	14.6126	9.62008	9.54258	6.90881	17.9388	15.2784	13.2021	16.1822	23.0028	30.8018	38.5016	21.5264	7.91945	7.49932	8.39316	8.64751	5.94854	3.83967	2.58076	4.3348	4.88027	6.3449	1.05659	3.29706	4.30712	6.0282	7.49945	9.23089	8.35968	4.55045	12.3251	9.92441	6.16232	10.4785	10.0519	15.3855	19.2628	35.303	23.5946	12.3206	10.3119	0.776874	7.55405	10.257	9.99703	12.3329	14.3543	9.38084	9.01481	16.9408	15.5025	12.611	1.84609	7.47756	6.42178	6.06002	7.54032	7.59294	7.10494
6.67232	6.9078	4.17593	5.24254	8.98468	5.5893	7.52416	14.4884	9.2108	14.1723	14.2799	13.3953	14.9162	15.1811	15.1322	12.8016	9.85779	5.04537	10.9134	13.7977	7.44524	6.2121	6.13729	7.54352	9.64193	11.1805	10.7064	12.2453	4.7083	8.51854	8.61934	4.44338	10.9502	11.582	5.67157	5.15081	9.98131	11.0482	8.40961	4.29253	6.57425	11.5159	13.761	11.8205	10.1473	10.8385	9.48522	7.05009	6.57406	4.1761	5.52523	8.15474	5.11885	8.80243	5.37198	9.06268	7.55351	3.8976	4.58918	5.03642	7.21999	9.54172	8.29568	3.10437	8.02921	12.3743	12.9795	11.5961	10.1115	7.87433	5.00077	1.40019	8.81596	8.89539	6.4375	2.96555	10.7316	23.1454	37.5741	49.9375	57.9075	45.0424	44.9578	29.5082	11.0637	11.0276	15.8626	20.9481	22.6939	25.1777	26.3164	25.2542	22.1574	16.4176	12.3162	13.1273	16.401	18.0721	14.7772	7.96884	9.01708	18.8991	24.3672	11.3521	26.0608	18.8388	7.94688	6.76313	4.90117	11.3261	9.36593	5.88535	8.99327	10.0148	10.3791	8.13871	13.3061	14.8218	9.04028	6.40961	8.53419	9.27264	9.55862	9.35549	9.03848	10.527	8.75612	8.40823	9.16824	5.92065	12.7348	15.0429	14.9772	12.9068	4.57634	6.13729	6.25262	6.80458	6.19062	7.43514	10.2192	9.25666	8.7891	9.2533	35.2504	40.8519	23.9706	18.5001	23.1967	13.8853	3.57227	3.87827	8.05291	4.30647	4.3893	3.22778	9.04294	4.11099	11.3151	9.1539	6.9911	5.89548	9.65053	6.08648	16.7029	21.1543	17.1113	12.0818	9.23027	9.24912	10.5886	9.33228	3.99239	16.5871	21.0943	17.7534	12.6513	5.21106	3.03084	4.89185	12.3144	10.1067	4.90108	5.15087	9.68507	9.62627	3.80414	11.6687	16.2759	25.6508	20.9361	15.8555	13.2849	11.1316	9.4115	9.39286	8.45665	9.33167	5.42443	4.76811	3.57631	15.7833	11.8822	8.66855	10.9083	16.0093	18.7379	40.3278	24.4207	10.5448	8.46537	8.18361	10.1757	9.5995	8.51909	8.7563	7.71003	6.85662	5.04537	3.45691	5.67946	8.66222	10.0167	11.1843	14.6674	12.5476	12.6946	13.9495	10.3837	10.8825	15.5507	11.8071	15.6141	23.8183	24.806	14.5278	7.82927	0.173704	7.27488	9.31164	10.0509	10.7798	12.2639	12.4927	7.5688	5.87992	11.7229	16.0541	16.9802	4.21873	3.26001	5.67148	7.78576	8.45652	6.92296	7.47696
6.81041	5.4375	1.35626	6.07594	6.74243	8.4088	10.7534	7.4584	5.54352	14.834	13.3076	13.3939	17.1697	17.062	13.8677	10.3438	7.83598	8.61861	13.861	13.5203	4.43958	3.12811	4.62457	7.45071	10.3438	9.09405	9.39632	12.9834	5.41279	9.09534	9.36832	3.33716	10.7063	8.20045	6.51017	6.09571	5.50282	8.14292	9.12886	8.78665	6.0956	11.1214	13.0197	10.1691	8.28788	8.89422	8.49028	5.2675	4.13582	4.12148	5.7544	7.9551	5.09498	10.146	7.08497	7.4584	7.32057	3.96206	6.25201	6.50103	6.7141	9.2983	9.12909	5.72314	2.09057	9.64075	12.3137	13.0628	13.2168	13.2254	13.22	9.72182	1.56281	7.61506	11.982	10.6299	4.53648	7.58573	26.9347	36.3086	41.881	48.6459	34.0279	33.3264	13.0138	2.09779	6.94144	7.05134	4.50991	6.99043	8.67488	11.6308	13.037	13.9329	14.389	15.854	16.3498	13.7404	13.6781	9.0941	9.4658	18.8223	16.543	20.4615	20.9536	12.9913	8.38124	7.60539	7.99374	12.6768	6.79278	7.41893	8.49063	12.8791	13.22	15.5574	15.5977	11.0139	5.75428	5.25906	6.11751	7.50586	8.15397	7.61486	7.52332	8.84814	8.15942	7.19265	8.00491	5.7544	9.12909	10.5918	11.5519	8.4561	6.07594	3.12805	3.49116	4.55942	4.04802	12.9443	13.8601	7.25588	4.80514	7.52321	22.2314	31.9914	32.4383	20.7804	18.7989	15.5101	7.18641	8.24541	6.08589	7.69939	4.17555	5.09474	7.70889	5.21063	11.4709	6.88816	6.23769	5.02418	10.089	11.6492	16.3454	18.5641	16.624	14.161	6.7273	8.24541	10.1418	9.93878	13.4971	7.81545	4.75824	5.55146	12.984	15.6292	12.6438	5.20785	10.5546	14.3054	8.02862	3.72392	8.25926	11.6633	4.57567	2.64929	6.80361	20.7771	19.0076	15.4568	15.1888	11.4825	6.29697	4.47316	2.6093	5.97496	8.51823	8.05264	7.59745	14.399	11.3948	14.4274	16.9437	16.309	11.2237	35.3439	24.3655	11.5121	11.9438	14.8928	16.1098	13.3771	8.51823	7.73021	8.78709	10.913	10.6853	9.77997	8.18287	4.30632	0.69472	3.5381	12.9834	4.9613	22.2301	16.5592	8.64598	7.50586	8.85964	1.64727	6.07594	14.6155	13.6991	10.255	1.09835	4.81754	7.79812	8.15923	8.78176	11.9815	15.011	15.1433	10.823	10.1418	10.3782	15.1302	15.3497	8.29322	5.5943	0.388381	6.0071	9.11941	6.79718	5.66025
5.16698	4.549	2.45455	7.94489	6.46125	8.78581	11.2797	3.30064	12.4814	12.6826	12.3123	10.4976	9.39537	4.61423	4.1679	0.776647	7.69088	9.46461	14.4321	13.4952	5.43437	6.99195	7.66824	6.28931	2.95487	7.34797	8.9342	11.3493	3.2961	9.36737	8.77419	3.27332	10.6053	6.29615	4.58838	5.88415	5.14111	7.12356	9.54414	10.0719	6.29608	7.01693	2.28305	5.78446	6.38036	9.23903	9.62448	4.06231	3.33691	6.51168	4.18954	6.46125	5.59373	8.98637	2.60327	6.7241	5.29809	5.76414	6.00661	4.57538	4.61445	8.0552	7.88744	7.80492	4.04384	3.85028	7.10289	7.79753	7.93767	5.70946	6.67106	7.2652	7.28758	7.75764	3.72354	6.95588	10.2304	7.75795	10.6488	31.9281	37.7078	42.4904	43.3696	34.7043	17.4766	13.2854	15.9286	17.296	18.1978	20.0549	20.3883	17.0149	11.9748	6.04365	3.40802	7.97626	7.72909	3.0892	6.36405	3.64636	5.58294	10.9796	11.8036	14.7964	11.1664	8.96368	5.91945	5.5643	9.47692	11.7365	7.4972	7.12377	3.31436	8.42708	6.24908	9.62487	7.47366	5.92429	6.77674	3.14214	4.00303	4.41892	6.23688	6.14335	7.23254	4.00291	5.83842	4.61445	6.17477	3.75179	6.14354	7.66824	6.86171	7.05898	7.84432	1.73617	1.73613	3.5756	4.26376	12.0547	14.5088	10.3357	7.33212	8.39753	13.7577	13.8357	19.1935	24.3506	15.4076	13.6558	7.47329	3.33682	5.11491	7.18556	0.49119	7.56738	3.8032	6.67106	11.6474	5.19871	5.12942	2.71087	4.57865	9.40495	13.1546	14.6716	15.9578	14.6451	6.11429	6.019	8.80262	6.94726	6.68015	7.87082	6.96651	9.18853	4.96079	7.33193	9.21691	8.4825	6.00639	11.8236	8.89324	8.43401	9.01541	11.0461	3.8504	9.40495	6.99195	12.5681	14.8481	7.752	7.55187	6.34307	8.32207	7.95424	5.65203	6.53677	6.60668	6.20134	8.12422	12.9247	10.4469	11.8721	17.5602	16.3104	5.14977	31.4483	26.9474	9.81578	11.2472	13.0357	14.2866	10.7803	5.91938	5.19019	10.2698	15.0466	14.6975	9.45122	4.00299	4.82637	8.51033	11.0375	20.8004	20.6254	26.3997	14.0197	7.88744	7.91921	8.03529	4.44268	9.32997	14.2007	7.81049	8.34157	5.36803	3.57562	11.2467	9.92129	8.92118	13.3324	19.2434	17.8189	20.8533	29.9183	33.2085	25.1005	9.84358	8.34886	11.7053	9.57641	3.33243	6.0948	8.66006	6.20109
11.5677	5.75293	4.1746	7.66519	6.41689	9.77754	10.8044	7.80406	13.6392	8.15228	8.67278	6.35874	5.55038	7.81023	9.5177	5.75317	6.00578	7.04993	14.3779	13.7969	5.65154	6.60612	6.80912	3.99136	7.94782	10.7793	9.67038	6.61695	3.7434	8.9855	7.59773	3.89647	10.9104	8.3967	4.49898	4.96342	5.72995	4.05825	8.41752	9.46986	7.09183	9.15111	4.70687	5.38674	7.42703	9.43288	8.27884	3.33662	6.89975	6.57235	5.37029	5.58788	8.18125	8.34092	4.34355	6.88018	6.12133	7.57292	8.41963	5.66984	2.79784	6.2671	6.77605	8.06518	5.52057	0.982207	3.96111	4.89966	8.10878	8.19336	7.75687	6.77623	5.43642	6.72342	6.26951	2.9545	4.41193	8.05461	7.64422	0.245591	7.66537	16.2044	17.9768	14.9021	11.9845	10.1785	9.78842	10.1487	10.7517	10.8158	12.385	12.9652	12.5405	12.746	10.3416	9.31669	8.55769	8.80536	5.34541	4.04367	5.91885	7.78722	3.2913	8.19881	9.04047	6.98894	3.12742	6.6504	9.01616	7.97545	3.02984	5.26655	4.50903	6.84787	7.49653	4.6624	2.71045	6.37971	5.18946	4.04367	4.02123	5.87316	5.26643	6.48113	9.26482	1.35608	2.09022	4.77951	6.56992	4.09155	5.11447	5.19837	4.00257	9.60988	5.91855	3.08893	4.75736	3.87705	4.5057	9.55541	10.5293	7.59001	8.91195	11.553	10.2417	5.75308	8.42673	13.3104	11.3928	7.60374	6.60567	6.60567	4.50901	5.1982	4.38802	8.18092	4.57501	7.77407	10.8985	7.15803	5.2098	3.84998	3.9876	10.308	12.2085	13.3523	11.4983	10.3763	12.3113	8.67278	4.92386	5.85543	6.11647	9.76772	7.82528	7.4332	4.87836	8.18092	10.8324	7.78722	8.97104	12.0961	10.1896	11.5381	11.5096	12.2189	15.5992	15.3877	12.4431	8.27909	12.2277	6.67259	7.58407	8.65922	9.16844	7.08953	2.95459	5.71438	6.20083	5.5824	6.34943	7.95347	9.26386	11.5534	20.9139	19.4725	11.3602	24.3412	25.0894	11.6714	14.5764	12.1725	17.3857	9.30881	5.8936	5.14938	16.3059	19.6722	18.8065	13.0113	8.93818	8.45423	6.29554	1.63775	7.78744	17.0141	18.2844	8.98243	7.38337	6.67269	5.02605	8.82527	14.4016	11.5233	2.41723	5.73503	9.25392	1.78735	14.4699	12.7121	7.48051	11.8788	21.6859	21.9265	20.6233	14.8725	33.1238	31.8402	6.91459	6.16001	7.26257	7.79672	5.94636	2.99497	9.18275	7.13551
14.3332	6.67209	6.43481	6.00536	5.85497	8.77081	9.80211	9.16474	9.36246	9.31452	12.4112	13.7841	12.2874	9.13149	9.82424	9.09748	3.33624	6.58954	13.5631	13.6657	3.57087	1.32213	5.04923	7.66467	10.8501	10.8036	5.43313	5.43333	12.3299	11.1761	9.75327	8.57737	12.3101	13.0394	5.50144	5.39192	5.69289	5.03459	6.83638	6.48058	4.96271	7.94341	5.81672	3.06895	6.90521	9.73362	7.59707	5.72938	8.95072	8.05397	9.99257	11.2769	10.9781	9.01091	8.19305	10.0215	8.89197	6.71216	7.95293	8.80094	7.10142	6.39778	7.66074	7.64533	3.02959	4.9959	3.80661	2.48451	8.78413	9.53779	8.45325	7.18821	7.08493	9.05921	6.95665	5.09627	4.0022	5.96579	10.4957	8.55685	5.04935	6.74921	9.47687	9.93592	10.8306	12.1164	11.2768	11.18	12.5461	11.87	11.6495	12.3825	9.63796	9.36246	10.245	3.83005	8.53125	10.1605	9.40786	7.95304	5.73443	7.50343	3.6579	7.86906	10.4831	4.55802	7.5269	8.23559	5.85493	5.71366	8.29447	9.68319	8.67232	9.62308	7.2641	4.99871	4.41805	5.96558	4.43829	2.90824	2.41078	6.14239	9.05921	9.50136	11.5559	13.4226	11.2718	8.17874	6.61658	5.26625	4.82563	4.19215	4.71269	8.27992	6.51734	7.32682	8.73442	8.40498	7.70504	11.0194	11.6856	10.4459	14.6115	12.9582	2.60855	6.23596	8.89031	12.3299	13.3734	7.28837	3.95317	8.78413	4.92344	5.42218	4.73187	8.78767	8.98175	11.3274	11.5088	10.4792	5.7138	6.72509	3.19836	12.9276	12.8359	14.3607	10.1077	4.10938	8.37843	10.8196	8.77948	11.195	7.21485	6.72319	9.8245	6.85395	1.16466	6.50796	8.1713	12.007	11.9405	9.65599	8.57028	9.55459	8.22153	12.7714	13.3261	9.89936	11.5781	8.65381	9.3905	8.35572	9.04933	9.77676	8.19809	5.8828	5.34744	6.05713	6.67674	8.48971	7.7658	7.28629	6.91615	10.1718	21.7579	19.5366	22.8881	24.087	16.2021	2.69924	11.1899	12.4019	20.582	16.8488	14.8886	11.9786	14.2519	9.09105	13.8592	17.1893	11.5469	6.0423	2.90816	2.79758	4.5086	8.74748	7.57957	6.0423	7.32847	5.14864	5.75248	6.37692	3.80249	6.07438	5.29721	6.34188	6.26659	3.68659	16.7645	15.0205	7.98238	9.38887	18.9358	25.4066	18.9864	30.8674	37.7102	22.4827	6.81715	6.11339	6.79522	7.2151	8.41882	4.51855	4.89928	8.63178
14.3086	5.87712	6.61787	4.92906	5.11615	3.53675	11.0864	12.5721	5.87752	1.5525	2.8241	5.87488	7.54021	6.67615	10.8184	13.1463	2.32816	6.57076	11.204	12.5354	7.25513	4.72805	5.43528	6.85293	8.79985	9.49102	2.36013	10.1149	13.1381	12.627	12.9107	11.0592	12.9962	14.5211	7.26143	7.25311	6.15886	6.88136	11.5375	13.8354	15.6913	15.8045	10.34	6.07619	7.11319	9.36152	5.56267	8.38843	10.9678	11.1431	12.2436	10.0567	5.09307	0.173621	1.74435	2.60245	3.12683	4.69014	4.41778	7.37587	10.3226	6.53456	8.70645	3.51106	7.8854	10.5101	8.35529	3.80236	9.46349	9.84521	7.72688	8.79985	7.94261	6.89814	4.11989	3.87642	4.95927	5.43288	10.3329	12.2863	11.2709	9.1943	4.11992	2.03129	0.347239	4.54769	5.54125	4.10902	5.3444	6.97312	9.54044	13.4035	14.2848	15.2872	15.1741	15.9323	14.5398	13.6364	12.2436	11.7338	11.1479	9.26827	11.4058	12.3288	12.2824	3.99073	10.575	6.1417	8.56134	11.9918	11.5069	8.3466	7.04888	6.22813	3.18859	5.26547	3.06864	5.11615	6.62475	5.71331	9.0971	12.3657	14.6606	14.9692	14.2513	11.3581	7.54021	5.81394	6.88133	6.72262	7.08229	8.12201	8.19761	9.52361	9.02796	6.72477	5.94513	5.27675	6.39715	10.2511	14.0294	14.2036	13.7823	8.13976	6.81846	11.995	11.6633	12.1049	12.7289	10.9765	2.3601	9.88185	7.75542	6.48007	3.18862	4.30441	5.25702	10.689	14.8176	13.9067	9.77635	11.6738	6.35755	16.2485	24.6112	14.9455	11.0617	15.9033	15.9646	9.02144	2.78119	8.85778	12.2812	6.8853	3.80232	6.96461	6.22813	5.69214	3.51124	5.43288	8.70693	8.26359	7.54974	9.64438	6.57115	9.06182	10.5511	11.267	13.5418	12.1529	9.17678	9.25229	9.43129	11.7115	11.4779	10.4784	10.1268	9.70467	7.53633	9.65518	11.581	16.282	15.327	13.1385	20.9702	25.758	31.9249	29.1251	20.1494	13.2649	13.7975	5.50073	12.9263	7.21426	8.8449	6.72253	4.66152	18.7097	20.1745	11.4902	8.61713	11.1931	11.9716	9.87183	6.90452	7.21426	4.22022	6.73096	9.72963	3.8491	4.34594	6.60471	5.14835	2.74301	8.51287	7.34587	3.03439	8.87795	15.4798	13.0573	5.83664	6.50739	9.39257	21.3342	19.1321	22.846	10.2271	13.0225	14.9289	11.4669	9.5738	9.02144	9.31522	10.0104	8.42517	4.90504
15.0333	7.8115	8.86538	7.91626	8.29286	6.61764	7.42518	6.73071	8.89025	9.29883	9.61382	7.57074	3.51092	2.6986	11.9175	13.5616	4.85253	7.01442	8.36814	8.89643	6.953	6.54316	7.21361	8.6349	8.32073	8.51379	2.60229	10.4425	13.1452	7.65936	6.507	2.69873	9.24816	10.5918	4.79054	8.79105	7.5824	6.80717	11.166	13.6909	14.5429	13.0482	9.4122	8.45175	8.03931	8.02471	4.80303	6.77434	8.39441	5.26517	4.87689	5.90438	5.39091	5.50036	7.41343	10.2168	10.9708	10.6802	10.6614	10.9025	10.354	7.7034	9.31248	1.73548	11.4953	5.78259	8.2412	2.99419	9.44729	8.32073	6.60387	8.16963	6.67085	9.05753	8.57577	6.24903	6.07304	5.91694	5.02178	8.85566	8.30352	8.71783	9.08981	10.1643	10.378	8.69098	8.40511	8.51247	7.60179	4.87702	0.776354	6.28441	12.3367	18.2432	19.6925	15.7988	12.0142	11.9156	9.64396	10.5868	14.0337	12.5123	15.7756	16.3517	11.6681	6.34095	11.2453	10.17	10.4844	7.8474	5.31029	3.99032	5.69164	9.21349	7.45486	5.90454	4.00153	1.26368	9.60778	13.9594	12.7093	9.66799	11.0072	10.354	5.81563	7.80201	4.33186	2.48406	4.79054	3.5702	5.20812	4.50774	5.97211	6.2845	4.85242	6.47937	8.77761	12.1701	13.1499	14.6035	16.6192	15.3375	12.3215	2.88685	9.91617	12.1687	6.36199	8.77761	13.2091	12.075	3.48513	9.91468	9.12456	5.96451	5.94459	5.41838	4.99473	13.9747	14.8752	8.8656	8.41907	12.308	19.7522	11.6533	33.2285	27.2463	9.97578	9.59382	9.7739	11.7703	9.85065	4.62236	8.22509	9.64513	8.36123	2.78093	9.18532	10.5391	7.65959	4.11951	9.201	8.95571	5.09255	9.38708	6.83513	7.62884	8.57577	8.41564	10.7687	9.12958	2.94862	9.08459	9.99027	11.5448	11.042	6.74153	7.4252	6.5771	5.37427	5.04834	8.93116	13.391	15.2441	13.4243	16.0418	22.5268	22.5074	18.881	15.0703	15.0957	20.137	17.395	16.9851	14.8201	15.262	13.5043	13.2857	12.5301	10.1016	5.57299	4.3834	10.4403	11.746	15.6476	13.1612	9.39798	9.20596	7.27895	6.73039	6.01674	6.99567	7.08985	6.98899	10.0194	9.2939	1.16444	8.22	9.20112	9.78536	8.85204	6.9147	6.00424	5.59144	13.0627	3.0733	11.5363	13.3354	14.9689	15.0217	11.9284	6.57032	5.46495	5.36878	7.71701	10.4816	9.22483
13.2597	8.22426	7.45234	9.46526	8.08254	4.54702	4.5039	1.55229	4.41701	6.41708	6.73016	7.04974	6.35673	4.66384	9.22361	10.3654	4.21602	3.70965	9.53965	10.4499	7.95066	6.74752	6.98633	10.6788	10.1045	5.63595	3.80161	10.5815	12.9761	9.73085	1.22728	4.66361	9.61999	6.59872	4.66384	8.4459	6.19851	7.62413	6.70991	12.8979	10.1403	6.89718	10.6399	10.871	7.61818	3.60726	4.81506	4.38301	6.6032	3.34866	6.0919	6.02329	4.68922	5.5483	6.34006	6.26478	6.22699	7.32465	7.37488	8.94015	9.64445	7.49368	6.87752	5.96386	12.9338	2.17408	8.22426	3.07299	6.56953	8.62076	10.4927	9.64279	7.47803	7.45425	6.40532	6.51525	6.58078	8.19034	3.70965	3.91032	5.43462	5.47283	5.03318	5.06852	5.51888	6.34742	6.75848	7.61841	7.59525	7.41467	6.8088	6.23431	3.34882	3.23939	7.28427	7.91374	8.30259	8.14937	6.19134	6.34031	9.66692	11.0325	12.16	10.5642	8.69024	7.69531	9.97523	8.822	6.43323	5.71205	4.72725	2.41008	9.77399	10.9221	2.95339	4.72734	4.57654	5.88379	7.28417	5.75116	4.92234	4.30389	10.1472	13.055	8.94803	5.39025	4.04587	5.21919	2.77525	3.06806	7.43622	7.16388	8.33093	7.69531	6.67705	10.0068	10.6882	10.1401	8.55407	10.3931	12.1593	10.3806	9.96316	2.11087	11.2681	11.8012	3.08777	10.2379	14.5182	11.272	7.15567	7.51903	8.17598	8.65092	6.95268	11.3532	5.19356	14.5324	16.7734	4.47056	4.85211	8.69009	24.607	19.9565	25.268	32.2774	18.4397	12.4618	4.66033	4.26196	7.98017	5.64939	7.4719	6.87761	7.34042	7.93556	4.75578	9.03748	11.7741	11.7778	11.1612	5.52156	6.58081	7.09946	11.1726	5.75077	6.28392	6.72136	8.19615	13.0745	9.08851	8.0385	11.0061	15.5088	15.0391	4.75549	6.19094	4.17303	5.04184	4.30389	7.45415	6.40537	5.88144	9.62928	7.08736	11.2226	7.96369	10.7474	10.5364	9.08897	15.9659	17.174	14.7816	15.6065	15.9795	13.6135	9.09053	8.78179	5.95176	9.12874	10.1743	2.26216	9.89624	16.366	14.5096	11.2414	7.86871	4.90412	1.9785	2.03091	5.33202	10.5201	9.97498	9.91664	2.20825	7.63935	7.25986	7.09957	6.14055	5.26448	5.87602	5.02101	5.89117	13.7259	6.87965	6.41686	2.79679	2.3598	11.2172	10.9155	5.99363	4.65392	2.25549	2.031	3.74982	7.52474
11.04	12.1665	2.11066	3.84811	6.91778	7.71558	7.7933	9.08807	16.389	19.9558	15.8988	10.2909	8.45044	7.14883	9.14703	7.49286	3.18774	2.98348	12.2777	12.5286	7.96283	6.78846	4.84842	8.77089	9.45936	2.79657	7.37995	11.2673	13.584	11.1717	5.95116	8.11973	10.4753	8.38607	6.0721	8.61992	6.34678	7.9351	4.57608	8.05057	8.78257	3.72159	9.79837	5.25557	4.19076	8.65568	10.337	10.4411	9.39659	7.03223	8.30173	6.67628	3.81295	4.96084	9.56162	7.79298	2.561	6.08185	8.03815	9.2499	8.62843	6.06224	5.5798	6.11327	10.2483	3.31249	4.24734	8.31782	7.4931	2.96844	6.6696	9.27974	8.96687	8.0433	5.38979	5.49645	6.74688	10.1694	10.2246	5.29522	2.88631	4.7553	7.66205	9.00757	9.47206	9.9162	9.2657	9.11359	8.39311	9.64215	11.047	10.6783	10.3371	9.73644	6.77328	2.62481	4.54644	6.34207	7.61003	8.57418	9.32983	6.37707	0.776208	1.9399	4.01935	6.05486	6.94337	6.42334	7.09905	8.16837	8.9474	11.1822	11.141	3.51009	5.51832	5.4203	4.49372	6.05488	9.55723	6.48762	4.98503	1.56176	13.592	14.8946	3.56937	5.39006	6.87938	5.0916	2.57866	4.75508	8.88822	6.23338	4.36197	6.75784	8.71446	11.6413	14.162	11.9264	8.45034	10.105	10.4406	8.18964	9.48548	3.25768	12.5105	13.2322	5.75058	10.1237	14.6637	11.4735	11.3283	11.1399	7.31596	11.5735	8.35987	13.51	11.2942	8.29104	14.6683	10.87	4.90034	5.37622	21.9987	27.5611	6.07442	34.7876	42.4563	24.4709	8.93904	5.19566	3.8365	8.66917	10.9543	9.41046	8.68925	11.0271	7.65816	10.7186	13.1477	13.7913	10.9216	8.27546	12.1574	7.52447	5.52074	11.6596	10.0534	3.67694	6.53311	14.765	16.4543	8.64022	22.3671	28.6406	24.9804	7.05503	7.32774	7.27734	6.66986	8.52808	7.98865	6.26204	6.29286	10.5848	9.77209	10.9738	7.53807	11.2939	10.9934	8.16852	10.4411	17.7653	23.924	21.9993	15.9958	14.2861	12.2783	6.0721	1.63707	9.77769	7.02985	8.51084	14.9503	14.2662	9.96235	10.3198	9.61156	3.65656	7.52447	11.4151	15.0638	14.3053	9.99751	5.83502	5.04739	13.9665	13.3664	10.2487	7.42392	7.04475	5.88326	8.24858	11.6597	14.4657	6.0817	5.33147	5.23864	9.08328	12.3229	9.4779	4.06002	4.41652	4.44018	3.65646	4.92159	4.41643
4.7765	10.6487	11.5767	7.56284	0.934567	4.40944	7.25872	11.9504	20.1348	17.3722	18.0178	11.2931	8.91557	7.8096	8.98075	4.0414	4.70429	10.6867	13.998	13.3238	5.33102	0.776098	4.04511	9.29133	11.9025	5.87268	5.19225	11.7373	13.1041	9.64242	7.44516	10.2111	11.8356	9.97758	4.3411	9.51973	5.99538	7.9325	6.39741	7.88246	8.81498	3.22502	9.24084	5.05591	10.528	11.5768	11.4016	12.0016	11.6223	7.49246	9.38909	8.37447	5.711	7.77917	10.6106	4.41591	7.07965	12.1741	16.0571	17.4262	15.2181	10.3136	7.26864	0.625721	7.88246	8.19456	4.57213	7.42326	10.5895	10.2858	5.29766	1.43091	9.64082	11.261	4.98437	5.19544	7.94382	9.46026	9.18253	7.24623	6.39475	5.81139	6.96198	8.65491	7.56863	8.5119	10.4526	9.79782	9.00679	9.6052	10.325	10.0343	9.96199	11.1583	11.2616	9.30412	6.5053	3.22502	0.867714	3.31198	3.95508	8.28145	10.528	10.2451	10.2111	12.5099	12.3862	10.5718	7.94015	6.43188	6.5413	5.88001	4.28916	9.35398	7.37943	4.01896	3.92875	9.16051	9.46023	3.87496	4.11818	3.84765	13.0783	12.8036	8.41512	7.94941	5.91562	3.95148	3.31198	6.0713	8.36574	6.23511	4.13265	6.96157	5.09083	10.2908	14.7195	8.65471	6.17812	9.26452	11.3735	8.3168	6.83315	0.520654	13.3782	14.4831	2.98337	9.53791	11.4235	9.32886	9.27891	8.63966	7.98806	10.6863	11.5317	10.4856	13.1165	8.31889	5.26346	11.1283	11.7485	5.78062	11.4862	21.3951	34.5631	16.6024	44.5433	36.3536	11.0143	7.37924	4.33064	2.82291	3.33004	3.74911	4.33049	7.66091	5.41682	3.18269	5.70587	10.1431	12.0724	10.325	12.3782	12.835	9.19858	4.89984	14.2307	7.52334	4.15803	9.41552	19.4877	19.8367	11.1898	25.0988	31.0923	14.9846	11.7095	8.65436	3.74118	6.41588	7.95676	6.11057	6.00269	8.44982	11.0305	8.98566	5.66665	10.1112	8.27448	7.32347	7.11095	14.2845	16.3373	15.0664	13.2603	12.3703	10.8372	7.72403	9.32902	9.79758	4.72945	13.462	8.58185	8.3166	8.31834	9.8782	8.68805	6.97005	8.16763	11.954	12.5818	7.91408	1.59967	6.18536	11.1014	15.1312	12.5818	11.1583	9.69534	7.72441	4.61145	8.63244	10.9947	7.28465	3.3122	7.60911	6.43179	6.1394	6.61324	2.71447	5.89047	7.56284	7.11277	5.88255	4.58538	6.60241
5.51996	2.74184	3.47086	7.11849	9.20252	7.25782	6.15552	10.7013	14.4061	0.934427	12.2279	11.0029	8.82254	6.11239	3.16359	6.24646	9.8187	7.7633	8.92745	8.9843	3.18255	7.41263	8.5093	9.88933	12.3032	8.55179	0.715491	12.5969	15.7965	10.0972	3.65585	5.37507	9.62181	9.78161	3.95114	9.32291	3.4838	6.79134	5.43026	7.51703	7.93356	4.38174	9.31046	3.98871	7.65635	5.04056	7.31458	7.37282	6.19669	7.28391	12.6036	10.1714	7.3485	8.10907	5.18601	5.43029	9.98679	6.99718	4.9027	10.1415	13.6047	8.10341	5.11078	4.3611	0.5206	6.49513	8.88645	7.94807	5.04641	8.83432	10.4899	7.25782	6.84318	11.5712	5.66607	4.30264	4.18972	9.40822	9.10673	4.64618	5.49805	9.78448	5.94966	1.97792	4.04461	2.74173	4.87499	6.09038	6.57926	6.96981	6.39676	6.11239	6.29168	5.78042	5.74935	6.39676	9.13279	9.45955	8.7697	11.0137	11.2706	13.1321	11.4065	9.38867	9.03489	8.61316	4.85979	1.73491	3.02785	5.27172	7.82916	5.57879	8.62677	7.57566	10.1332	8.25968	8.5675	8.82254	2.95264	3.60621	2.98287	4.54552	11.5712	9.8597	3.44061	2.79608	2.95262	4.77601	6.87554	5.9622	5.14561	5.64744	5.74911	6.35918	4.88718	11.9997	13.5555	7.88166	7.0309	10.7642	15.1511	10.9822	9.2404	6.34086	13.9455	16.2537	1.97779	10.1656	7.79141	6.05124	3.98871	6.29133	7.32675	10.1376	11.5095	4.65289	9.45775	7.7007	7.626	9.6401	11.6388	9.99373	2.6921	7.08484	29.1135	36.1424	33.2296	38.0889	14.1435	8.61329	9.64029	12.3037	15.2179	15.8112	16.6952	18.3736	17.5286	15.4247	11.6379	3.67209	4.53249	6.61517	8.70281	9.24043	13.6246	6.95067	11.9854	10.4798	5.40523	6.49513	19.6846	21.4251	21.5617	11.6962	27.853	19.2359	16.6581	10.7402	6.66827	5.34435	3.10123	3.67225	4.85056	4.2148	5.34466	5.99477	4.34066	9.53545	5.56009	5.14016	2.87024	13.3769	11.4722	4.96012	5.34466	5.7492	16.4385	13.4656	1.22692	9.93044	19.8286	15.7326	7.57566	6.41263	9.11945	8.6112	7.32625	9.98641	10.3052	7.37849	5.04038	3.50956	10.7217	11.531	10.4899	10.7922	10.4386	7.11022	7.72366	4.61098	5.33073	6.09029	8.88645	6.96104	2.40952	4.40869	3.87447	6.06106	7.63929	5.64779	3.18255	3.84726	6.99262	3.83561	4.53261	6.64637
7.72289	8.84829	7.70194	3.63906	3.29784	9.04338	9.83531	10.4377	11.1106	6.13821	5.7488	12.5794	12.0368	7.81932	5.06656	10.0792	6.48542	3.67593	8.78686	9.79422	7.42778	5.88166	1.32129	6.90064	9.79546	8.16576	2.40917	11.6267	16.2391	10.516	4.82226	1.93925	8.25856	9.30815	4.4523	6.26241	4.41508	4.17159	5.58897	8.78189	8.02849	6.64561	9.92465	2.6525	7.28329	5.68893	6.05311	2.35885	5.03101	11.3436	13.803	8.94947	8.23016	6.74484	2.60098	8.95613	6.62112	0.77595	6.23183	13.6866	15.1165	5.08992	3.03263	6.56719	4.32973	5.50565	8.5389	9.49493	9.17593	6.90096	10.4792	10.3491	3.50921	7.86577	5.79773	4.51554	6.94542	10.5596	8.17294	2.11005	4.67787	10.6748	7.63857	7.75138	7.65596	7.76067	8.17118	5.26248	1.59942	4.11754	6.00159	7.42185	7.22677	6.13112	6.13832	6.18411	5.9917	7.40991	9.91048	11.1688	10.1467	9.64973	5.87138	2.77959	4.50559	3.57254	2.11719	4.10664	4.04414	2.26122	6.5309	2.09578	7.09679	5.23713	9.92501	13.1962	12.2518	7.45155	3.53471	3.8275	3.87407	4.34003	9.76882	8.42689	1.63659	2.14537	3.56834	6.11633	6.43044	5.63398	7.81362	8.95613	8.98363	6.67209	5.03099	10.1135	10.3128	7.86416	7.49875	14.0348	19.7726	10.8957	4.54507	4.8501	15.898	18.1702	4.75377	9.78076	8.61744	6.62099	2.40928	9.79553	8.07944	7.65596	9.27691	4.21796	7.75107	4.87469	9.034	12.1634	13.6695	10.1537	6.46944	11.4252	11.0524	19.2825	13.6448	29.8383	18.1191	10.2091	9.46935	10.8883	13.1397	15.4508	16.9713	18.5024	16.4532	13.4956	12.9552	9.38747	6.70749	3.48767	2.82252	6.77132	12.4949	11.5012	5.13938	11.7401	8.64782	2.46463	13.8353	15.8343	21.5274	8.76707	20.4409	18.4472	17.5852	12.7449	6.71847	6.90722	7.43749	4.72855	2.70841	2.46463	1.93928	4.43889	5.01938	9.67963	7.72286	6.08991	5.94176	11.2792	14.0781	3.87407	3.57267	8.32739	21.5068	12.7879	9.12503	14.838	17.9668	12.5964	12.4679	8.18768	7.72257	10.2115	9.5545	11.0629	11.0369	5.57011	1.32124	5.72535	8.27447	8.82154	12.4394	14.2432	11.515	6.58522	6.3074	5.27405	7.78155	7.76086	6.96049	7.91236	6.11177	7.94775	8.27484	8.12291	7.71313	3.55571	3.40519	5.53803	3.36523	5.33019	6.96062	7.31386
8.50766	7.51577	6.74431	6.91074	6.29044	11.8213	9.8463	5.38215	8.78107	11.7826	5.50508	8.34979	13.4303	10.1529	8.61146	11.558	6.99587	9.05587	11.2976	11.4742	4.25992	3.4831	8.41252	8.35668	6.79647	6.41367	4.57107	9.76343	14.3188	9.15758	6.25957	3.18665	4.05479	8.77942	8.92949	7.79039	6.05011	4.80965	7.87844	9.80664	5.52695	6.55518	9.78268	4.11718	9.74579	5.36295	2.8009	8.15097	10.866	13.8462	13.7452	6.99562	5.56952	6.87678	12.5907	9.97054	3.19592	6.78567	8.44714	10.7409	7.63952	8.65246	8.65246	9.24622	7.02711	5.32939	9.16072	9.5837	11.6366	7.65888	10.9738	14.3	9.67444	0.387954	5.16223	6.5054	8.17036	9.99188	9.12439	6.28342	5.63066	8.15072	8.18695	6.63625	5.49708	6.72654	8.60972	8.89178	7.63801	5.88101	3.67568	2.9825	1.22669	2.84327	3.41811	4.57435	2.65226	2.64664	4.18909	2.90593	3.32907	3.95416	9.14383	9.55855	8.12943	8.88537	11.0753	11.1859	8.44739	6.57332	6.20503	9.38693	10.525	6.578	3.10065	5.01878	5.1392	5.83293	6.20503	6.93445	7.82785	5.90119	8.02011	5.51859	3.67568	3.57233	4.70285	6.87434	6.40227	3.61815	5.01861	8.55006	6.94472	5.81231	7.32104	9.95133	8.65191	4.90145	5.63066	9.66199	16.1041	18.4575	16.7985	8.97509	16.9587	18.8596	5.34058	7.79226	13.1095	12.3103	9.20879	15.4075	12.4747	12.476	13.8797	9.55855	10.1355	5.2736	7.94682	5.79959	8.94366	5.83277	10.5246	12.9865	10.3871	12.3741	4.38419	19.9859	16.3923	9.11962	4.89548	3.18196	9.40089	10.6082	8.3411	6.67371	12.7965	11.409	12.0108	12.8661	12.1378	10.1428	5.8708	3.40477	8.17434	15.7295	9.32173	6.49165	7.48993	5.04531	7.85228	14.2302	21.3766	15.9745	12.3387	14.7321	17.7878	16.5978	7.74469	4.9228	6.93416	7.12935	6.9068	11.9377	15.4504	13.9358	8.55053	0.981366	6.49199	6.57794	7.79786	11.4704	10.8484	4.98292	2.22077	8.48343	24.1937	18.8349	19.4852	20.6204	15.5686	10.7961	12.5369	12.8937	10.9817	14.4105	13.4583	11.0737	6.55518	4.46871	9.21985	8.01872	4.42479	9.26187	13.0995	8.97454	2.57752	4.05497	1.91571	5.23108	5.74827	2.71383	4.67745	10.3676	9.83481	10.4758	9.17075	8.48153	9.73219	4.77511	2.69159	5.23655	4.32952	7.16048	6.39557	5.68861
5.26174	5.3817	6.93355	1.93889	10.297	15.9015	14.5337	10.0735	2.96199	10.4219	10.9684	3.87334	8.26958	10.1346	10.8224	9.69712	6.46854	9.49363	10.9687	11.4231	6.64418	6.76972	7.63695	0.387936	4.95568	8.21459	6.74382	4.67699	11.2199	9.58753	6.5773	6.57275	3.3646	8.77716	14.1871	14.1038	9.71995	7.74989	9.09814	6.39254	1.43031	7.19239	7.44978	5.77085	8.77184	2.74095	9.02742	11.3696	11.6176	11.8598	8.44619	2.64069	8.18615	13.2721	13.5039	5.97069	7.33632	7.74958	7.4892	3.79926	10.0131	12.2495	7.95906	10.0616	7.99743	5.2303	10.5318	7.99743	10.1969	10.2364	2.70804	9.96661	12.654	7.15959	1.11071	5.74761	8.98196	8.943	7.78948	6.56372	6.66643	5.90824	6.56611	6.0788	5.57705	6.0372	7.07692	8.12863	8.35588	8.19142	9.25668	8.98224	5.53713	4.41441	3.99874	0.884546	2.57732	2.14491	3.84639	7.32464	9.53479	11.7348	11.6545	10.6382	9.61502	10.6085	10.1974	8.64484	8.7271	10.5322	10.8056	11.2586	10.5104	7.2579	10.0299	10.8014	10.6814	11.7952	11.342	9.5515	7.27414	4.57061	5.10938	2.48248	3.84639	3.99882	4.54426	7.0954	5.63276	5.87792	8.18768	7.96994	3.57185	3.46555	6.53882	10.51	10.4482	7.59639	7.37036	2.71345	8.98224	15.4063	17.7235	15.679	14.6721	15.5028	6.84133	6.41322	10.5143	13.4153	7.27414	11.9491	10.1517	13.2265	13.332	11.2216	12.5365	6.9678	7.95906	5.96072	9.14094	7.57712	9.64788	12.5218	12.3731	13.3786	3.2972	14.1864	13.0511	11.2264	8.41143	11.7126	15.8522	17.5829	16.778	12.574	9.07873	6.34349	8.27135	10.812	11.4269	11.115	7.46361	5.66427	3.84627	11.4819	14.7921	12.2078	5.63035	10.2195	7.28219	11.4694	16.8666	17.3339	8.7121	7.96804	14.7505	17.3029	10.1345	6.80454	4.92534	3.57185	4.72463	11.155	11.997	14.5999	13.7027	10.5306	0.548613	4.84917	6.84813	11.7334	9.38282	4.18518	6.89297	7.74994	21.5008	24.2197	24.1179	19.1957	14.4095	13.1191	14.833	17.3581	17.637	15.163	11.6542	4.45147	2.10965	9.57865	14.6837	15.7034	11.6508	1.97734	11.4731	17.3493	11.8781	9.0066	10.1517	5.53438	3.91959	4.61929	6.00016	11.5915	6.41086	4.04338	5.42848	10.0945	10.2659	4.2136	4.65795	6.42934	4.45147	6.56372	5.28151	4.66114
3.87295	10.588	5.06506	5.52568	12.271	13.6164	8.77946	9.46041	6.95867	8.31456	8.88968	7.2549	3.57151	8.40885	12.0201	8.7643	5.36473	2.74081	9.85596	11.7319	7.33557	7.51392	8.2721	4.04299	4.34245	7.08449	4.43435	3.31053	6.33586	9.67683	5.25254	6.72525	7.55877	5.9125	5.41453	6.9587	8.32019	8.79128	8.19069	5.04464	5.09143	8.27031	4.72719	7.6899	5.42797	6.48355	8.64352	5.91241	5.43066	6.41247	6.25849	7.0513	9.63673	9.89019	3.45231	8.18495	7.36962	7.56459	7.0822	6.74305	13.3725	10.6802	11.7173	10.082	7.72791	3.36425	10.2972	8.62349	10.3851	12.6996	8.85887	0.625421	12.1423	11.5117	6.0467	2.02964	6.2584	9.62446	8.04612	6.61907	6.87324	6.19437	5.72628	5.70809	5.53663	7.90852	6.70577	5.46079	5.36195	7.55925	8.17292	9.17821	5.06506	5.88749	7.95833	6.32688	4.19198	2.9667	5.03849	5.42823	7.07851	7.43166	4.84888	6.57214	7.24924	6.11498	3.18608	2.19325	3.53363	4.70843	5.87252	6.66603	2.82175	7.65728	11.2911	9.95535	5.29222	5.29478	4.4139	3.18136	4.41401	5.81153	4.80874	2.90539	0.867298	3.02668	6.50178	10.0592	5.79851	3.50806	5.26108	7.91013	4.17042	2.69109	6.18208	9.22863	10.8095	11.1347	11.8971	9.24492	7.46531	9.99601	11.4259	10.7178	9.41129	11.1074	7.84106	8.79578	6.20368	13.0487	0.548564	9.61368	11.257	11.1831	3.41289	7.72791	9.11765	3.67499	8.94876	9.76807	11.3169	7.78877	8.71079	12.7843	12.0048	11.6161	3.98718	11.0246	9.12242	12.2984	12.3271	14.145	11.035	4.78701	7.11577	7.95844	7.02828	7.11577	5.25274	6.02917	10.5566	11.4406	7.33965	6.6101	7.79601	3.80303	9.44073	11.1145	9.99194	11.452	6.08801	8.7759	10.692	13.3723	10.594	10.6723	13.7144	14.4698	11.276	10.9778	5.38689	4.76197	6.50419	9.5866	8.01723	7.74346	7.56465	13.0379	3.94945	5.40357	8.17282	10.1295	9.95569	11.3788	11.476	7.65381	10.6437	11.4983	12.1041	12.0677	9.9687	4.67655	0.715198	2.71332	6.34322	7.90852	6.24182	3.34643	7.75851	11.2153	14.9521	13.7343	16.026	14.1457	6.42897	7.87659	8.84905	6.87333	10.1508	9.71001	5.64564	5.22977	8.42447	11.8584	4.77422	4.95798	6.19407	8.2862	8.44536	4.76197	3.55492	6.56535	6.50212	8.29712	6.42897	5.14403
9.01417	11.2051	2.02944	9.30471	8.97211	11.3356	8.6428	6.04841	6.87258	6.57148	5.36413	5.18933	1.91518	6.87449	10.4338	6.60952	2.85838	3.31018	11.6909	12.2456	7.44652	7.4188	6.46702	5.02913	4.50389	6.57148	4.27618	4.87273	2.57684	8.76512	7.24814	6.23162	6.60952	7.8049	5.53603	2.26037	6.11436	8.16848	5.57625	4.34195	5.79539	9.1551	4.49401	8.60909	5.93963	8.16288	9.96756	8.97235	8.69021	7.48791	4.04263	7.82554	11.0487	6.10949	9.39312	9.95448	6.25782	6.28133	5.51708	11.5043	9.9123	12.2709	11.8178	10.6588	10.4848	1.39818	6.84016	8.78363	10.3077	11.2144	12.7934	9.08176	7.3451	11.6521	8.54979	7.31113	2.71305	5.46843	9.43948	8.04553	7.60501	8.57682	9.25295	2.08778	5.67134	8.2558	9.52831	8.80354	7.22611	8.37021	7.86133	11.6434	8.12712	7.69709	7.71999	8.04567	6.2295	5.06467	4.99351	5.58138	5.72343	6.28161	6.46733	8.33166	8.88283	8.62799	7.13377	5.58153	4.34192	2.45161	4.13051	4.70797	5.53589	10.508	8.93317	8.01066	4.11587	5.67106	5.89936	2.99158	6.39357	6.44896	5.33932	6.03603	1.93855	4.01667	8.98021	9.39312	5.42769	8.05659	8.314	9.60531	3.34613	3.43897	8.18989	11.663	10.4422	8.11433	9.14102	7.19136	5.6634	8.54946	8.79009	6.58271	3.73914	7.33495	8.40291	9.52801	4.4135	13.9224	4.66022	8.25549	10.9768	11.9706	2.99158	7.22577	6.10922	2.46382	7.0816	7.08369	7.87784	4.18797	11.4856	13.3762	10.4944	12.0076	11.0346	12.3011	9.28452	11.6372	12.9612	14.5598	10.4338	2.4637	4.41365	7.69709	5.16083	6.90464	5.26078	1.90732	9.45934	11.2865	7.71026	7.63563	10.6047	7.22372	4.54355	8.2558	10.7356	8.60926	2.14456	7.81601	7.70442	7.51913	5.1435	9.24389	12.4722	11.9411	10.8244	12.6426	4.89412	3.23703	5.93954	8.01816	10.7876	12.2461	12.2991	14.6873	11.1838	11.1686	11.4861	10.2799	7.07762	2.20671	1.43004	3.83383	3.65409	7.90777	11.1518	8.47939	1.73399	9.53148	12.0832	11.2654	9.04991	6.03608	2.60006	8.81827	9.63559	10.905	15.8822	9.11571	12.9768	13.6185	11.0549	0.867216	6.04841	5.70513	7.49568	6.08734	5.14324	6.63401	7.68151	12.0919	5.32793	5.8767	6.37255	5.99164	5.87924	3.99807	3.55455	5.37251	4.50059	7.48787	5.51733	5.64508
11.265	8.76423	7.12669	11.1941	8.16225	10.4783	11.4061	5.62882	8.92286	9.13875	9.03956	6.66264	3.46457	6.5278	8.32347	6.42753	3.36362	7.36834	13.147	12.9439	6.42762	3.81385	5.26029	10.9042	9.9887	9.62888	7.68107	6.67138	4.89386	5.25997	8.14237	8.35363	8.77462	8.77783	7.82479	6.7153	3.78242	2.59973	0.867106	4.98105	6.53697	5.27127	5.66298	8.97153	4.87243	7.65779	8.88804	4.60809	5.87103	7.5593	3.7984	12.6806	6.93814	7.92886	11.6994	6.66224	5.95165	9.19741	9.67086	10.8511	5.74588	10.419	10.9292	14.626	14.1389	10.0579	7.3347	2.41426	7.07696	9.19254	12.6805	14.4531	4.33821	5.91656	10.4196	12.2219	12.3702	8.40958	3.83345	4.45023	6.25985	11.8278	13.6388	11.3993	10.2945	10.5295	13.3567	14.1667	12.7916	10.3183	8.77641	12.4338	12.7309	11.0285	7.65244	5.0289	7.13316	10.3001	8.57639	10.1276	8.78965	6.42548	5.40256	6.10896	4.18381	4.34151	2.14437	2.71266	4.55284	2.35779	1.5986	2.19284	8.3865	10.3719	8.88151	10.4012	9.7914	7.09383	3.06544	6.1232	6.5278	2.0947	5.42976	9.30541	5.63137	5.5355	9.37996	10.407	9.39741	6.41163	8.36023	9.08723	7.20714	6.56435	4.65958	8.64867	8.72437	8.76967	10.3084	9.68294	9.11465	9.56361	9.15261	5.70702	1.26244	5.4022	7.8396	10.702	1.01119	11.647	5.40517	6.98877	9.68836	11.0537	4.68522	8.77641	12.9575	11.7219	6.03567	8.97121	8.33047	3.98657	12.0639	13.5514	11.9273	17.0823	18.1949	14.7928	7.84009	5.98854	11.4958	15.874	13.4999	8.27432	4.80756	3.95644	7.19897	9.243	7.20714	6.70452	8.00988	10.9653	4.87526	5.29379	9.10167	11.1825	7.86027	1.39805	5.87895	5.74627	4.18736	7.55737	5.84826	6.30434	3.4862	6.50066	8.78922	8.47826	9.11596	11.386	3.94865	1.63574	3.12374	7.17638	6.618	6.61789	5.9116	11.2626	10.8222	5.5034	1.42995	3.19472	4.81096	9.75591	10.0923	9.29769	2.85803	1.64491	4.43663	6.83982	14.0397	12.5828	8.09936	7.31831	8.23344	8.18554	11.2047	14.5439	12.9756	12.88	13.7837	4.32775	7.63477	10.6738	12.6414	5.09048	6.27847	7.07696	8.74278	7.77773	7.34439	7.54194	6.87817	12.9089	7.79465	7.08317	8.60653	6.66894	5.02878	6.46678	7.44814	8.76305	5.88656	4.43322	2.22008	0.387829
10.5277	5.64367	8.856	11.2843	8.52068	10.4664	10.8369	4.32739	5.80982	7.36786	7.44527	5.41296	6.48857	5.25946	6.27783	7.90593	7.92065	8.03638	13.3222	12.0167	2.26005	2.62255	6.73248	11.1303	8.39475	9.12804	7.74102	5.03721	4.49971	1.74235	6.41083	6.56348	6.78244	7.14857	8.09813	6.82797	5.57509	5.91586	1.8672	6.80841	5.6516	0.548404	6.44754	5.71444	2.21985	9.59729	11.8155	6.22821	6.5971	5.2792	7.77694	10.2369	2.57628	9.69339	9.00266	4.28231	7.74705	9.38866	10.3433	6.12258	4.42267	5.66232	9.21551	15.6658	11.3134	7.96547	8.97888	5.76863	1.78497	7.20805	10.7424	10.7371	8.06921	4.87476	5.99822	8.01492	9.45635	8.84651	4.98077	1.78486	2.86833	8.26819	11.2175	10.6032	7.7262	6.3554	8.655	10.2555	9.45793	7.27141	6.12767	8.39642	8.41564	7.40773	8.28392	1.91479	5.38533	7.02417	6.70396	9.67417	5.46755	5.26796	1.73364	2.57628	11.4049	9.01117	7.42362	3.48585	1.87512	2.25327	1.48142	6.057	8.01646	6.95629	9.42051	11.9777	8.63268	6.25668	4.29949	7.09272	8.39431	3.19454	8.04381	9.50495	3.46433	5.42636	5.04299	7.52778	6.95655	6.85159	9.72317	3.7383	7.09301	8.76179	10.1349	5.5989	3.12331	6.03506	6.87774	7.87647	10.5279	9.78996	11.5341	7.46266	2.84191	4.29949	5.2792	11.4386	1.80995	9.25108	4.08584	4.27513	8.56652	13.4173	10.3834	9.29708	9.8655	11.475	5.77659	8.65466	8.01632	3.82531	10.4318	11.0462	5.27952	9.62654	11.2583	9.01295	6.67054	3.34561	10.138	15.0847	14.3355	10.1406	7.57021	4.25765	6.44774	7.98187	5.99822	7.95605	9.28896	10.689	4.38219	4.99252	3.18025	9.27166	12.058	4.87175	1.49145	2.6053	8.05455	6.47255	3.25489	7.29543	2.27979	6.83866	7.80316	6.96473	8.40644	10.8367	4.2154	2.86818	4.72582	4.10432	1.81001	6.0446	3.48143	10.6996	11.4932	4.03805	5.62812	6.48891	5.95853	7.41747	5.01935	9.9233	4.34098	4.01595	5.38548	7.27141	12.5845	5.65188	7.17525	7.19775	6.35031	2.8421	9.84181	10.5637	9.96286	10.6501	8.01646	1.22608	7.79377	9.82231	11.4932	3.57051	7.85947	8.27348	7.2469	6.66386	8.49297	7.43327	6.0692	13.2886	9.77521	7.24488	10.7371	6.60813	3.30966	5.50283	6.15185	7.56286	7.03874	2.2197	3.94851	5.11031
7.22164	4.65887	8.23187	8.60481	7.59296	9.30205	8.92566	5.25898	9.14009	14.79	12.7317	9.67348	10.2936	8.2107	7.07341	9.52529	9.60251	7.59279	13.4047	11.2516	4.34076	6.39173	7.77259	9.82462	4.72244	8.70597	8.14614	5.04266	7.74241	8.64232	5.49413	3.66932	5.75256	6.488	7.44438	7.58718	6.10755	7.43835	1.73357	6.78184	7.15638	5.776	5.1418	3.12295	2.20595	9.48871	11.6253	7.29476	6.02691	2.52323	10.1397	7.63144	6.56962	10.676	10.3272	7.8329	6.10528	5.88523	10.4144	5.36828	7.7631	6.61012	5.30423	16.2911	9.88179	8.7929	11.7038	14.4154	9.83358	2.59924	11.4141	11.0518	10.5146	9.02452	1.59833	1.25022	3.236	6.20147	9.90399	12.3712	11.944	9.81164	6.04435	3.61607	3.46389	2.57619	4.15803	4.44924	2.08711	4.51254	5.41242	6.28683	6.50871	6.93047	11.8544	11.9914	11.1948	9.06191	8.92115	6.10763	2.9504	10.6613	9.28835	6.85135	10.6651	8.03021	4.54228	10.0945	11.8666	12.4123	10.8006	7.68726	7.148	9.4522	12.1286	10.7842	7.32685	8.47863	8.28154	7.26244	9.90675	11.2025	11.5828	7.43263	2.62229	5.65111	3.06978	2.08711	6.15092	9.06149	8.60148	4.36819	1.86695	9.36412	11.3124	7.11303	2.90437	2.94524	2.79381	6.9874	11.3312	6.80783	11.8517	9.92248	6.33585	9.29596	9.23343	12.0629	4.56843	9.08079	6.50184	6.76896	8.45096	13.2717	11.3438	5.4041	0.980862	8.44052	6.94538	6.93671	6.488	5.1418	9.94579	11.8434	5.29017	6.3894	5.15934	5.42871	8.94516	5.18783	5.14175	13.4867	14.4024	9.76242	7.63333	9.1572	7.53072	6.45166	5.08674	6.99168	5.84716	9.41972	4.67478	6.06869	4.77267	5.29007	10.1921	6.8101	4.8927	0	8.18734	8.8077	6.95602	8.97773	5.08959	9.9066	9.82462	6.73387	7.9422	10.7894	4.16157	2.86793	6.8725	4.76012	8.7929	8.03054	4.72558	11.1098	10.5636	7.09829	7.34298	7.00669	7.96466	4.98027	6.18452	8.39532	6.94116	10.2278	9.61505	7.38118	10.1639	2.59937	9.15563	7.02317	6.47222	9.23343	12.9806	10.0084	8.77289	4.98011	5.87023	10.9964	11.9011	9.30682	7.07956	4.91714	7.48576	5.95767	4.51242	5.13308	7.68694	5.75256	4.89261	13.6807	8.97764	6.90248	10.8371	4.70018	8.16968	9.39552	9.00235	8.50285	9.96918	8.87999	4.54228	10.0728
1.55042	7.03956	9.98725	4.64247	3.13711	10.6884	10.6548	11.0441	13.2313	7.61549	4.69973	7.20458	5.86428	5.33703	9.74068	10.2348	7.31805	7.87482	14.7124	10.2011	7.20292	8.39486	10.4714	10.1929	6.63186	9.12635	9.61995	7.446	8.6417	11.0473	9.37619	5.80877	3.56981	5.32585	4.65829	6.28599	7.36613	9.18163	2.63906	5.65082	8.12414	7.47942	4.64247	3.98528	3.80895	8.77176	9.30263	8.3158	7.65365	3.4679	9.72741	7.57858	6.47178	12.7272	14.2823	10.8789	6.46491	5.91476	9.00914	3.66912	9.72149	8.54491	10.9745	17.7739	13.5119	13.1077	13.6445	15.7818	15.5796	7.94142	7.97102	13.06	12.3101	10.2939	6.70271	5.98721	3.67324	2.90399	8.25271	12.9409	15.5907	13.6445	9.46234	6.74005	7.90481	8.16728	7.18868	5.30377	3.32707	1.22591	1.59811	1.59814	3.65281	6.48999	9.60968	10.1847	5.42843	2.77748	2.77746	3.18437	8.815	13.2231	11.0292	11.688	4.32642	10.799	7.58629	7.03966	8.50385	9.52793	10.1932	11.2866	11.3759	13.4465	9.52472	2.02858	7.09178	12.1067	9.60213	9.60213	12.7307	14.4955	10.7891	3.84413	4.72185	5.53389	5.55529	4.82494	3.19379	6.90618	8.98356	6.98706	4.4119	6.92957	8.39457	8.12365	5.79315	4.87102	4.72194	9.00914	8.77169	4.28151	11.574	12.024	10.1616	13.1691	10.3821	10.3262	6.75097	10.9431	12.4112	11.8512	10.7889	10.4038	7.55523	2.93984	4.89517	6.63186	10.3543	7.08138	6.08511	7.23936	8.94293	13.3484	7.8919	9.33719	7.94188	10.0072	9.93331	8.44153	3.99654	12.099	13.3993	10.8521	9.02693	13.1549	10.3259	5.72635	5.7755	10.1459	2.499	11.506	5.72356	5.42819	6.34949	7.36658	4.58089	5.26697	6.27888	4.59709	7.17431	10.5087	9.90604	12.2007	7.33656	11.6879	10.4645	6.40978	6.9466	10.2755	4.99158	4.11441	7.36619	9.1374	10.1917	10.9433	8.40022	10.7886	6.10443	7.99284	8.695	9.21365	11.8465	9.30148	8.38409	6.27666	8.16896	13.8256	14.7581	13.3719	9.0095	4.28507	10.1573	8.39486	10.9119	15.2484	16.7304	13.1504	8.16011	4.29868	10.481	9.99747	8.09703	4.72194	2.55844	8.69548	8.32856	5.45833	5.86691	5.28956	6.0263	6.66032	7.52605	15.7217	7.90638	10.4518	7.46127	7.20703	15.6252	16.5112	15.0444	11.9998	12.3652	10.319	7.87324	15.411
3.16053	8.91915	8.66426	10.2147	10.788	7.60125	7.96279	11.271	15.2493	13.8525	14.6743	15.5049	14.494	13.8525	14.7824	12.7908	8.55763	7.46284	12.4955	6.5345	10.0467	9.45525	9.28642	7.76166	5.20138	7.90379	6.94598	3.50624	4.80596	9.44916	12.1301	12.088	9.11781	6.33485	4.8705	6.82609	8.25159	7.97933	5.80792	5.62919	7.7543	9.30064	8.70637	5.01511	3.46324	9.25017	11.0276	8.09592	5.99619	5.49294	9.31898	6.22634	5.28908	6.33255	10.5456	7.7748	4.52814	6.1039	7.94808	4.07389	11.2191	8.26413	10.0239	18.394	17.0758	12.1301	9.39993	12.292	16.3082	16.0581	4.54143	10.2339	11.0639	9.4627	6.64006	4.75923	4.18934	5.57335	4.46507	2.86739	2.84127	7.4924	9.98628	8.4202	9.58148	11.4423	11.9893	9.11781	10.4638	16.0813	18.9659	17.1809	15.1337	15.3807	15.5463	14.4969	13.6299	14.6331	16.4623	16.3787	12.6373	9.70429	2.11528	9.37477	1.73325	8.02876	12.4235	14.8494	14.6857	13.9951	11.5611	7.68583	5.88409	9.18892	10.7986	13.4144	12.1825	9.88458	5.51203	3.67279	1.09636	3.65244	9.13677	13.1062	14.1779	13.6829	10.6015	5.90939	2.85701	2.08672	7.79166	7.41538	4.97934	5.68409	6.08445	9.01477	7.40539	5.141	5.08863	8.64071	13.6299	13.5448	15.2026	13.4452	9.37971	7.04071	8.0291	10.8818	10.573	3.50622	3.46333	6.02603	4.97934	6.17145	5.87644	3.12243	6.9438	6.75011	8.77968	10.7307	11.2601	10.275	8.76631	12.6259	8.47547	6.92053	4.29853	10.2903	12.0163	13.7649	13.5283	13.3861	8.77109	9.15551	9.99743	13.8278	11.3943	5.64213	3.34465	11.4157	4.18239	11.5396	6.12566	4.5674	6.14977	5.53071	8.9195	9.52852	8.44079	7.67801	5.5736	6.49839	7.32549	8.12295	7.83705	13.6582	10.3253	6.83283	7.31565	10.4125	7.6012	6.98637	8.96812	10.5998	4.84597	3.80859	3.19362	4.98809	3.64013	7.41528	9.34845	11.1077	5.66864	10.2636	10.025	7.58383	8.23925	11.7739	6.85008	8.26591	4.67401	4.74987	10.6542	17.1266	18.8473	14.6331	8.06721	2.7061	7.94085	8.18229	5.58402	7.79768	9.1813	9.04901	10.3184	12.2645	13.2972	13.8646	11.8704	8.16462	7.29349	9.02137	12.875	17.864	6.56177	13.0039	5.89666	11.7256	13.8211	5.51471	5.57335	5.62105	10.4702	9.09828	7.78428	13.924
7.07361	10.6218	8.49507	7.42675	9.67839	7.91824	8.09531	7.84532	6.47926	4.18545	4.9517	8.46733	6.17799	5.88354	9.0478	9.45246	8.27046	9.61234	7.93089	1.8665	10.292	8.75892	9.23873	6.8687	4.58003	7.55379	5.24906	3.63982	7.07986	10.3175	11.8992	12.2092	9.85008	6.22844	4.43471	3.50572	7.93066	6.51338	6.80587	6.25645	3.12221	5.14055	4.86993	4.72405	5.08817	10.0052	12.6299	4.12792	5.04117	6.05473	11.2574	8.18167	7.63141	5.50077	11.3733	9.37554	5.87599	7.30671	7.64845	5.53019	11.6843	8.37565	6.54989	11.8309	15.1158	8.16744	4.91872	9.23844	14.7033	16.0833	5.57279	6.53386	11.1504	8.8247	4.75861	6.04743	9.33532	7.50927	3.88985	2.73884	3.55231	4.65758	9.15038	9.00792	7.78363	10.4626	10.0932	8.65855	8.83164	13.1051	13.5765	12.7899	11.0233	13.8744	15.5591	16.0396	15.0799	13.0593	10.898	11.0388	11.7589	8.73903	3.1603	6.17799	4.89761	4.10278	2.79311	7.44461	9.39913	11.0272	12.8076	15.3226	16.4673	14.9988	14.9476	13.8354	10.6654	5.99598	4.42101	4.377	5.7045	8.23867	12.6604	14.1765	10.4792	6.94349	4.91872	4.42101	3.73701	3.30819	11.1873	6.87491	2.1152	3.42808	4.70531	10.6303	13.7749	12.7515	12.3084	13.8233	13.4558	11.8115	14.5633	11.8872	9.57624	3.2535	6.17832	10.4506	14.2932	12.6248	5.7045	3.79658	6.11093	8.43837	9.13596	7.48379	8.47426	7.80026	3.12213	5.51156	7.41484	6.44988	7.17298	11.5735	11.4112	7.09664	6.25919	8.91865	10.8466	12.586	15.1667	16.1211	14.2692	12.8162	9.83804	12.3558	11.8027	6.79071	5.57291	10.5447	12.4464	13.7089	8.60278	6.12052	7.85655	8.54291	7.61407	8.03387	7.02364	6.27549	4.15688	5.12009	10.7291	4.28057	10.479	13.3168	10.2784	8.12805	9.2544	12.6203	9.66631	7.79127	9.65426	7.92352	0.866691	5.21226	4.65445	6.4797	8.54849	8.70385	10.4019	12.7596	4.6416	9.88329	8.38254	7.26047	9.27929	9.84961	1.49099	5.52201	5.57312	8.46611	9.76174	12.5231	12.3131	9.19308	3.66827	8.54291	9.30103	1.16272	8.55869	9.71575	8.65865	9.39299	9.29355	9.95913	8.50048	10.5068	11.1458	9.04825	7.41484	10.0053	16.2038	14.0091	4.27356	10.705	5.08529	12.3639	8.16347	5.60728	6.79723	4.18891	7.44441	12.3197	7.33516	11.304
9.43329	11.3373	9.66982	6.94486	5.36067	3.61471	5.86529	8.47362	7.87278	3.8119	4.77064	7.31806	6.40767	6.06386	8.01265	9.0131	7.96131	4.33552	3.09785	4.15289	8.30823	5.88286	5.53228	3.33059	6.32175	6.22513	4.49103	5.33857	8.01276	8.8767	6.7293	8.4943	7.08946	3.6803	5.08484	4.16734	5.02576	6.22526	8.60858	9.66518	5.71173	5.36898	9.98857	9.66982	7.90256	8.66255	8.15735	4.56674	5.72473	2.81948	13.6053	10.4904	9.83004	7.92484	12.6735	10.9814	5.51072	6.366	6.38917	3.94643	10.9003	7.20263	3.70439	3.796	10.6719	9.34672	7.10412	8.96646	14.1583	15.708	7.7827	3.4798	11.3396	11.4595	6.25592	4.46424	7.32412	6.22513	4.70484	6.87028	5.69882	6.90427	4.56674	7.25973	4.4976	9.11089	2.8826	7.07916	4.28018	9.81786	3.8117	7.10186	1.59767	5.52152	3.4365	7.08959	11.9206	11.6057	7.44386	8.26968	10.64	11.0416	10.3956	8.81605	10.5057	13.5073	15.361	10.9702	8.16493	4.98739	2.9442	0.775172	7.34025	7.53783	5.64133	3.66806	3.56882	4.95426	7.46719	6.27491	4.57962	5.13983	10.6638	8.16452	3.02947	5.72224	6.7489	8.80425	3.17892	7.45925	7.88925	7.96348	9.12249	8.64427	7.11047	6.22542	7.75457	6.59411	7.57098	8.63755	8.93548	10.6086	10.6208	8.49969	11.0519	12.5093	9.76506	6.97646	6.79878	12.0958	3.72854	7.60762	8.51686	8.90466	7.95234	8.88321	9.77075	9.65335	10.3165	8.99574	7.90256	6.83576	3.26697	6.7991	12.8674	10.3068	9.45965	8.8441	8.86378	8.08569	8.67783	7.42602	6.51312	8.85221	9.33618	12.6735	11.9392	5.53228	7.93925	9.01353	16.0111	17.6535	13.4825	11.8479	12.7755	9.82995	5.06123	3.34391	2.73871	4.38005	1.70667	5.42387	8.44765	5.84525	9.93052	9.75441	5.71176	6.10544	6.91929	10.3565	7.93019	8.16664	6.40783	1.86631	8.99884	8.25036	7.57098	8.54249	6.87028	5.57783	9.37471	10.0532	0.346677	9.41623	5.6068	5.32466	6.80766	6.34745	3.99545	7.94695	10.0536	9.5994	6.73811	3.73656	0.387588	6.86994	8.67751	8.82395	4.95126	9.68913	8.43756	6.28448	5.25728	5.86803	4.65716	5.51342	6.04425	7.29205	7.72254	8.69801	7.03971	9.43329	13.4508	7.55317	6.57157	5.10503	6.87028	9.57045	6.06386	6.5604	9.13495	6.27746	8.46703	11.8501	7.20498	9.34989
10.0636	11.1239	8.4384	6.33082	7.40351	6.80501	7.17152	10.4344	7.9387	6.61345	8.91983	8.4384	7.41333	6.56652	8.59745	9.82869	7.55241	1.78396	5.42639	5.65923	8.07019	6.16969	5.84438	0.624925	6.89921	4.49718	4.84475	4.81699	7.7367	7.30535	3.50506	8.43814	5.74207	4.66939	6.71337	7.92417	6.73753	3.0292	5.86714	9.35971	4.94472	5.38209	9.04598	5.1393	3.55164	3.86965	5.36579	5.42639	6.49867	2.33063	15.625	13.9051	7.1098	5.45629	13.1448	13.0421	5.98706	5.19695	7.75949	4.11289	10.2871	7.56983	2.08617	7.42912	10.7593	10.6521	6.94181	5.265	11.3786	13.9667	6.38629	7.17152	10.6387	8.75515	7.30535	5.30156	5.64843	9.29134	8.35473	6.78981	8.68223	8.96896	5.46455	7.24897	5.89522	6.66453	4.20953	7.25112	6.13152	7.3334	7.65274	7.07226	7.29135	4.33853	5.0134	9.00734	9.00581	6.32151	7.55864	8.60782	7.20205	4.33867	7.59914	8.18383	8.8416	8.24965	11.9561	10.1483	10.8116	9.60613	7.5139	7.78992	4.89363	3.12146	4.1561	8.22123	9.87895	10.1254	9.29167	8.45919	6.33784	5.76551	9.34578	5.89507	8.21242	8.07054	8.38133	6.90156	5.39861	9.14818	1.54992	6.10979	6.52391	6.48757	6.64046	5.26526	7.31744	5.87255	7.03911	5.19974	9.11474	8.32682	9.83636	8.67721	10.1425	12.6191	10.9897	10.2494	4.49707	11.1238	3.91591	8.51577	4.43388	6.50541	5.72414	9.73582	10.1424	9.41575	8.3253	6.74828	5.87489	6.13127	8.47269	6.2577	8.92675	10.1256	9.34638	9.07536	9.29804	7.64734	4.89049	4.49718	3.12166	5.13064	7.78192	10.7272	10.255	6.22472	8.60087	6.03143	4.70424	6.22467	6.38895	7.32379	7.62999	5.26526	3.08308	2.35606	2.35606	4.18458	2.64388	6.21758	7.65112	6.47849	7.41924	7.55238	7.45654	5.77334	5.22565	7.69856	9.07484	4.84459	1.87406	8.79686	11.3023	8.12654	7.45701	7.03703	6.25318	3.8698	8.92147	5.29028	4.01369	5.66673	5.5641	6.47849	5.04031	9.61638	11.4664	11.9624	9.23401	2.8405	2.252	2.79264	4.80776	8.12083	9.75939	6.38852	2.46197	11.0427	6.80704	6.405	6.04403	6.84822	7.10987	7.57605	12.628	16.4527	15.779	15.6589	12.9058	12.3335	10.6563	3.50087	3.1597	7.2431	9.9822	10.2555	10.7209	10.3658	12.9487	7.57034	7.78236	11.3071	5.99458	8.24924
7.51265	10.7501	7.68262	3.47916	3.06801	1.35336	6.38807	11.5699	8.97932	11.576	13.2199	6.60598	4.22315	4.74779	8.51813	8.91399	4.94422	3.13556	4.16644	6.25738	9.80594	9.25175	8.71805	5.84416	8.06958	9.2613	9.29098	8.55623	9.52024	6.46856	6.48427	8.56932	4.03913	7.17063	8.82911	10.5215	10.4379	7.62936	9.12212	11.7442	7.70384	8.60016	10.6875	9.07445	10.442	9.03271	5.62707	3.63865	5.80569	3.2204	15.7421	14.3608	1.59737	5.90183	13.5832	11.9841	4.89283	3.17813	5.38154	4.16644	11.8941	9.10934	5.15644	9.25138	8.06023	9.49872	9.16488	6.90086	11.5451	14.6156	4.56589	15.7977	15.139	9.98119	7.07157	4.92016	3.55128	9.08035	11.188	6.13064	3.48333	5.56321	7.12773	13.061	14.7402	11.0306	7.44036	5.75219	7.84339	5.19939	7.55743	1.86595	8.64246	7.45625	5.0867	6.84706	9.80585	9.59768	9.19842	9.92895	11.3518	11.0202	5.86693	3.15931	4.37573	4.43323	6.04302	5.15644	8.65616	10.7839	8.99735	10.4915	12.9142	11.256	10.2305	8.76303	8.26994	8.32445	7.12137	6.10406	3.183	2.96391	3.80713	9.34077	9.82975	8.94063	8.70311	5.01323	7.61179	11.526	12.9142	9.62776	7.33309	7.13805	8.87369	10.2769	12.0413	12.0942	10.3883	11.2949	12.0118	13.768	14.7819	13.546	13.246	15.1116	14.6152	14.9504	7.55787	5.45559	9.5735	11.8598	9.62767	10.1414	7.29073	8.7177	7.03586	5.77237	5.13299	4.71951	4.74788	6.13078	11.1435	12.2965	4.49672	5.96449	9.68166	11.6243	14.0552	14.669	9.99277	7.97661	9.71592	10.9799	10.4555	10.7781	11.0041	7.12137	3.23414	6.25507	11.848	12.5239	5.90708	3.15938	4.86857	4.42982	5.87445	7.67541	5.27602	5.28704	4.4098	6.79783	9.84727	9.94796	7.65003	17.2343	22.1432	8.03108	7.75141	6.28326	9.24501	3.53035	7.7813	8.67591	7.33266	1.93691	3.67139	4.03561	7.03409	8.92103	12.7993	10.2095	12.0555	13.9633	9.91741	5.185	8.26277	16.1997	11.2509	5.80347	6.22387	6.53198	4.64026	2.73819	2.94871	6.28301	6.14737	4.49683	9.52345	11.9549	8.10395	8.82272	9.62776	13.8384	22.0998	27.3232	25.6037	20.0244	20.0022	26.8866	28.5453	21.8073	14.5173	13.5398	20.4335	27.5644	30.3409	27.4652	18.674	11.024	13.4652	14.5173	12.4429	15.0085	7.07802	13.1281
3.81079	7.31605	9.9728	8.87443	6.73616	4.81585	5.75131	10.066	6.84648	11.2936	14.2642	7.85359	5.57607	5.10355	8.47113	9.43059	6.89809	2.41227	5.96368	8.09226	9.14671	8.97848	9.39544	10.1236	11.8553	11.8589	11.103	10.4107	9.15952	5.15591	8.33923	8.59583	4.65577	7.15147	9.92769	8.67534	9.73412	7.41188	7.6896	9.38124	6.59214	7.93715	10.2981	9.84637	11.6962	11.3203	7.77112	4.0498	5.18726	3.40066	16.8561	11.5589	1.71493	6.02291	12.5952	10.5567	4.74738	5.30055	3.72745	8.38807	12.0398	7.24144	4.91388	10.6179	9.44603	9.81819	9.82839	7.24739	12.8895	16.2244	6.49505	17.9352	9.83313	9.712	9.3955	6.46119	3.8883	6.9511	8.30585	6.16135	6.39444	9.15918	8.68007	7.2029	7.24972	5.89386	0.774946	2.79203	1.84142	2.86602	6.8057	7.00195	1.42871	1.05397	1.54961	5.80542	10.7896	13.3676	12.4236	12.4609	12.4179	10.6653	9.75793	9.29005	8.83985	7.87052	4.72244	5.13834	4.18391	6.04266	4.36529	7.07716	9.81553	11.9837	6.60575	2.47954	3.94907	5.51183	3.34294	4.01284	3.88833	6.28272	10.8001	12.5812	11.0139	10.6613	9.72092	7.80332	8.26395	9.68069	6.86612	5.27525	3.77918	2.20459	1.09583	2.81871	6.48397	6.52258	5.71008	7.73523	6.8057	6.78844	10.1278	11.9896	11.9598	13.1702	11.2444	11.1412	11.0961	6.61223	10.4698	12.2138	11.3104	12.3148	9.25991	10.7292	9.08765	2.64322	6.49537	10.7496	10.2759	10.0378	12.1207	12.021	10.6259	7.36201	3.17785	3.86908	7.85389	13.1003	15.1176	10.8293	11.4069	13.4206	12.9984	11.6413	11.0096	3.06782	3.02354	5.87375	5.79257	11.276	7.03533	3.15907	4.15527	8.4711	8.16398	6.46119	7.36235	6.56983	6.29905	4.65263	5.41154	6.32023	20.9785	6.18043	27.6542	11.9594	0.693127	0.866407	5.93389	6.35055	8.59936	6.23532	3.70332	3.21991	3.56779	3.99425	6.46805	10.1405	13.7745	14.3679	16.1252	13.8179	11.0588	4.65565	13.7581	14.8818	5.38124	5.71776	8.91495	5.04792	3.48317	4.46316	4.67167	5.89386	6.92589	9.29627	12.8278	13.9648	16.7165	18.9124	17.248	16.8637	32.1694	41.1081	39.7559	26.9662	20.3272	19.1061	20.2293	14.9419	9.83313	16.014	26.7596	31.3172	30.647	27.1423	20.4331	12.0553	14.3208	16.423	15.1983	15.5368	13.0756	20.0827
11.5287	4.89527	3.40899	3.98265	5.26625	9.23401	8.25946	6.41211	6.925	7.97476	12.0338	8.49608	7.03666	4.32355	6.72661	9.46806	8.73453	3.74327	9.13295	10.7283	8.93229	8.28774	8.26124	8.9633	11.1534	10.782	10.0369	8.61911	6.34536	4.16561	7.82656	7.34727	2.47929	6.51029	10.0865	6.56895	6.54651	7.89925	5.42175	8.27684	6.95883	3.97889	7.56802	8.70153	9.42992	12.0386	10.0005	5.28605	6.1028	4.17982	16.9915	8.58643	4.6037	7.36127	12.0338	10.1292	5.03858	3.63788	5.25532	9.41275	9.64935	4.88886	0.883446	10.2745	11.0177	10.8082	10.4232	9.04354	14.6356	15.6528	9.16298	18.443	6.40539	2.8553	5.57026	7.82708	8.75656	8.76634	8.09148	6.06412	5.36693	9.01769	9.42952	6.56924	7.30356	10.787	10.0498	10.0498	7.17371	7.24079	6.49482	10.087	10.3628	9.11275	9.06798	9.8147	9.23137	7.79709	6.55808	5.57572	4.86773	5.58081	4.18719	6.55811	8.49106	6.54678	7.10782	10.2312	6.05185	3.90313	2.77563	6.49448	6.12218	2.3298	4.53857	1.63427	4.33736	6.16076	5.17843	6.80305	7.55265	9.46986	9.1824	4.94959	4.27866	3.67079	3.46126	4.87061	4.5485	9.66334	11.4297	10.4234	9.53525	9.71118	10.8284	10.0999	8.88025	7.7405	7.81753	10.799	12.8246	11.4993	7.83267	5.40836	10.1973	10.9551	8.39412	9.71053	13.9628	11.2063	7.64878	6.9166	6.49448	15.7693	14.848	9.50451	4.59403	10.8875	17.9205	20.0103	17.1072	10.7273	12.5066	11.9819	9.10579	9.16332	10.7487	9.84545	7.42323	2.77022	6.28209	9.48217	7.70241	4.27152	2.62026	5.48973	5.95312	4.27175	3.81033	3.26569	4.52554	11.0369	7.48784	4.03847	3.52968	7.32725	9.91501	6.28218	7.59716	7.24667	6.23703	4.36491	4.27152	2.20425	16.5091	25.5408	26.2412	5.41086	7.62597	9.23137	11.6112	14.0478	9.51872	6.49696	5.36708	5.36693	5.38068	5.69917	6.73547	7.23479	9.31368	8.70099	1.46991	12.2951	9.23389	5.87085	12.4399	9.75655	7.97488	8.37858	5.0826	3.46138	3.60097	2.35538	2.59724	4.18361	10.9779	17.2096	15.3742	20.1302	38.601	43.2384	37.9201	12.5388	36.1496	33.5078	32.1137	35.7111	31.9199	14.7932	10.572	10.6534	11.6173	15.0815	21.6303	16.295	7.80264	15.387	22.0737	18.1142	11.9223	7.12596	18.3892	8.73435	14.786	15.4961
12.5395	9.92616	5.74017	3.06716	7.95754	11.1518	10.0915	6.89697	4.03808	4.23967	10.529	10.0942	7.92088	8.53846	9.29448	10.0915	9.82068	3.44802	11.1005	12.1684	8.7339	9.66084	12.9104	19.8479	22.6412	19.3883	12.668	9.55406	6.04397	6.46651	7.34665	6.71704	2.27763	6.89024	9.54461	7.21758	4.85193	8.76533	6.29788	8.87902	7.84092	3.67854	5.65702	4.65176	7.88368	11.4268	9.75572	5.65677	6.52104	4.36426	14.4145	9.27564	9.37052	12.4764	12.5607	7.41039	2.98815	6.31905	8.44405	7.06758	8.49534	5.90525	3.12035	13.3645	12.9469	9.44885	9.94921	8.95082	13.031	10.958	5.1026	13.4105	12.2841	9.16246	9.87779	4.08201	1.03943	3.12029	4.97587	4.49877	5.01463	7.73379	8.5093	10.1288	8.46303	8.59937	6.25071	6.36321	6.38631	4.82115	3.86831	6.74583	10.0704	11.5327	10.8339	10.036	10.2081	9.86212	9.67289	8.56729	6.70833	5.08221	5.45418	4.64536	8.1769	6.52136	6.40489	10.154	8.71537	1.73205	4.56437	6.3283	9.61277	5.28856	5.65683	3.02304	4.15449	5.4241	4.40861	7.37494	9.99139	9.89711	4.25383	4.67078	5.90547	6.33537	8.75393	11.0803	12.9354	13.4481	10.922	8.24646	9.10523	8.55379	9.52231	9.57834	10.4199	9.73397	6.02204	9.3733	9.40572	7.31497	10.4226	11.292	14.2077	9.92609	4.59363	9.21744	14.7773	14.1283	7.83152	3.73486	9.79284	17.208	13.6246	5.48925	4.60352	13.4758	13.1084	10.3575	13.6157	12.2932	16.439	14.0655	6.97326	9.67891	11.3548	9.85169	7.57883	7.15014	2.79679	4.37803	6.41873	3.55049	4.02317	2.97808	3.1774	5.04722	3.19149	0.547864	5.4893	9.53857	6.49384	4.10024	4.57752	6.73472	3.74272	13.6983	15.5976	17.6718	8.38824	2.76996	4.80256	3.71471	6.00479	10.7876	10.4307	5.13743	8.23905	9.44749	16.4396	14.4847	9.13065	5.62269	5.33323	5.87277	6.90535	7.60975	9.33019	8.9185	8.9946	5.17771	7.70153	8.26204	6.45998	9.44297	6.89893	5.25454	5.58032	5.90518	3.36016	0.883383	1.24915	2.43034	7.33099	10.253	11.8242	17.047	18.6173	31.6136	53.5188	49.8037	52.3731	31.1959	29.2014	33.1026	7.78121	29.4549	39.7976	37.2414	17.7736	20.5854	21.999	16.1823	13.1836	16.2092	9.28797	6.12894	15.5779	13.5716	12.0844	19.2895	15.7416	0.866223	10.3015	14.1283
9.792	10.4051	10.4558	3.67823	8.30173	11.5112	10.5429	4.6958	8.96164	10.78	13.9311	15.8844	15.2065	12.4486	11.8279	12.2458	10.2712	3.99319	12.7249	12.5996	10.1148	15.0546	22.9798	28.9814	22.873	22.7256	12.9688	10.2853	8.91233	7.32589	6.25235	6.22171	6.17905	6.72536	9.07699	8.8387	5.22316	9.49694	6.94951	7.39979	6.3438	2.57374	2.25761	4.75545	9.76521	10.6458	8.9611	5.66403	4.8697	8.11699	10.4047	2.88097	9.94267	9.1298	4.72091	9.82613	15.5186	16.6015	12.2568	6.25273	6.3438	4.15755	1.87317	13.6192	14.7889	10.1842	9.33069	7.31398	10.1659	13.1841	12.1271	4.81469	6.57461	10.8434	14.5769	12.0369	10.3067	8.75316	8.2387	11.1514	12.6002	11.8914	10.8857	12.7697	13.3692	9.83048	8.96142	8.69992	12.2314	12.6836	12.4383	10.9027	8.51554	7.07538	5.37989	1.71455	1.90495	2.31011	1.71443	6.04342	10.8434	12.071	11.3815	9.73315	10.9744	6.40196	4.11073	6.86389	9.32921	8.03225	8.3999	6.0387	9.16163	8.55306	7.33032	4.1864	4.49514	7.79561	8.75493	5.52939	2.32307	0.547809	6.56775	8.2719	6.6351	8.38787	7.40995	5.76265	6.46585	6.98508	4.72115	3.69838	7.17401	4.6126	0.692932	2.08525	4.97559	8.03225	9.99055	9.81557	10.6673	6.44562	9.11743	12.807	16.393	14.6197	13.7004	12.3564	14.6866	14.5766	5.56109	3.99319	8.59681	10.1202	12.1174	11.7318	7.92594	12.9771	5.28776	8.48948	8.0609	7.31992	16.8373	15.8738	10.549	7.88336	8.39969	8.84693	7.26958	7.45496	4.16471	4.80207	2.08517	1.783	2.09241	7.69543	9.0037	6.7953	5.03782	4.22157	5.32132	6.73389	5.73943	6.21462	6.59028	5.64574	4.8423	12.5772	5.04646	19.9789	8.63891	5.65628	8.03571	9.67206	11.6601	9.26238	7.91303	10.3718	10.5865	13.6357	8.70474	10.517	8.87817	7.36619	6.19565	8.9128	13.1872	14.0007	15.8153	21.2626	21.9264	13.6839	8.76793	11.8366	12.8911	10.9642	10.5707	8.28643	6.77995	6.5634	5.01118	2.43009	2.47896	9.98751	17.2134	21.8494	25.9407	25.0617	27.7504	47.8091	57.756	43.0281	56.9201	55.6596	31.883	18.2261	29.0748	55.9367	56.8619	61.3344	57.5655	56.4726	49.9297	39.788	28.9982	17.1376	6.86389	7.06695	18.0917	21.9072	22.7984	16.1102	3.84094	16.976	17.6329	11.2732
5.9591	7.76452	10.6138	5.0814	8.80658	11.2413	10.4324	8.53643	10.6652	12.0499	15.2345	16.8102	15.2906	9.18126	11.3195	14.2064	8.59582	4.28098	12.0128	12.0867	11.8599	22.5161	34.605	27.8773	20.3089	20.448	10.9206	10.7503	10.2659	7.04095	5.90913	5.64544	6.94883	7.62575	9.32827	9.44532	4.63805	7.64294	6.10139	3.902	6.17802	1.56823	4.8905	7.83935	8.93429	9.66907	7.77745	3.94374	2.86505	11.8886	7.98378	9.17298	5.4065	2.44834	9.44271	14.0634	15.5729	13.93	12.8295	7.50356	5.01365	2.96244	1.87309	10.5269	14.149	10.0236	10.152	8.93611	9.61571	12.678	13.3124	12.599	7.58506	6.83136	15.6907	14.028	10.5166	9.46545	7.95646	9.7795	11.3325	10.9993	10.5534	11.3866	11.6968	10.3335	11.7269	11.8891	14.9376	14.8935	10.1836	6.04035	4.71726	6.00365	6.55622	8.75228	11.465	11.3629	8.91199	4.33624	2.49676	5.80321	2.81764	1.26091	6.56278	9.61089	7.64672	8.06037	10.0927	9.60521	5.87926	2.96244	3.9438	4.17882	3.42568	2.8177	6.02091	8.03508	6.29667	4.56341	4.86947	5.26508	5.57391	6.95683	4.36337	2.35469	2.57351	6.36441	9.60061	12.5285	14.447	13.6074	13.5499	13.1828	9.97648	5.73905	5.25347	3.63683	3.21886	6.72685	10.1037	8.42841	10.6828	14.5418	17.3222	15.7358	16.8935	18.1967	20.0611	17.0127	9.11651	7.32958	9.99793	9.95467	9.62295	9.44244	8.44248	12.1441	4.17882	9.12862	2.79091	5.51803	14.688	16.1856	10.1834	6.70914	8.96828	9.4529	7.62725	7.97247	3.56219	2.44828	5.42051	7.07466	11.9365	13.0796	9.41037	4.65385	4.60236	6.04015	5.39549	4.40752	4.86632	5.99128	8.34308	7.08468	5.51779	7.03464	8.48863	17.1699	7.40882	8.31323	9.89636	10.1836	14.1193	13.7596	24.7869	28.4757	16.6666	12.1473	0.387323	7.77745	9.38125	10.853	8.68728	10.8052	11.992	13.089	17.9819	22.2956	16.1394	19.1338	11.9852	11.7646	9.80159	10.7896	11.3654	9.01878	7.50339	6.11562	4.84181	5.39847	4.4077	13.9084	23.5308	31.6213	35.4916	35.6431	38.9012	48.6398	42.3742	18.9028	37.5166	54.5976	47.398	14.504	43.931	64.8435	54.5157	64.6773	63.9146	58.6348	49.1116	35.6742	30.6014	25.4015	15.4291	11.7639	22.4915	23.4901	15.0639	1.31903	18.2744	26.6148	25.4304	22.3567
4.1101	7.77679	8.81727	4.41744	7.86666	9.33502	8.51339	8.23138	10.1468	4.3632	3.66513	6.75883	11.3712	8.39796	12.7743	14.4553	5.26149	5.78729	10.9551	11.6417	12.4546	24.9678	33.4848	4.1497	30.0182	18.0933	10.286	9.34739	9.24147	6.16559	5.73851	7.56522	6.41688	3.86723	6.25354	7.5474	5.4525	6.99874	9.00015	6.03993	7.64589	2.47838	7.26822	6.14393	7.50845	9.43982	6.93295	2.79069	5.24472	13.7022	6.17298	13.3858	6.22054	7.30872	9.45385	9.29641	6.63367	4.40718	10.4604	5.0102	8.75804	10.1259	9.84175	12.372	15.2771	8.80908	8.77951	11.2483	9.60424	7.14007	7.26245	9.59969	16.3625	8.39975	6.32628	8.32156	11.9212	15.8543	16.9863	15.8918	17.6407	19.3686	17.8508	14.5026	12.581	11.4242	8.69142	0.865992	4.79208	8.53599	12.6633	16.1644	16.7609	14.9306	13.5928	13.6142	12.9654	12.0874	12.354	11.9496	11.3454	11.5737	12.5126	12.822	10.4855	3.46424	5.51748	8.67638	9.29183	5.7203	2.7365	2.73652	3.40783	3.66525	2.73661	4.048	2.98734	2.94702	6.069	5.1532	3.90174	4.05171	5.15339	7.41432	8.4932	9.65971	7.08434	2.947	2.70905	1.24885	1.78266	4.15682	6.3914	7.91677	8.11543	6.91402	8.45355	9.59215	9.67614	9.95794	9.69518	8.89776	8.39809	8.34238	12.625	7.86473	10.3491	18.4025	21.8986	17.0176	14.4836	14.2583	14.0108	12.7207	11.055	8.93383	11.7766	8.05598	6.07866	7.88326	2.60208	3.52825	10.4054	12.5121	11.5622	10.6439	11.6015	9.20387	3.80878	7.64202	6.25143	9.44177	14.5707	17.0637	13.9792	5.65532	12.3124	7.92417	6.27021	5.15327	5.56005	2.59627	1.39617	4.25242	7.71629	5.54955	9.49361	6.83711	8.71283	14.9354	5.80242	15.1779	22.1077	18.2574	15.8939	8.84561	23.419	10.2501	17.708	9.5314	6.03747	10.6173	13.6306	13.7139	11.8343	12.884	13.5156	14.1833	15.7339	14.6838	9.03712	18.8774	13.7119	10.4155	10.1259	9.11559	6.38446	7.03193	6.25354	6.58908	6.7066	6.21339	3.39903	15.8706	28.9294	31.6089	25.4015	20.0316	18.8849	30.2638	37.9937	44.7975	35.8277	42.2813	42.5507	30.0327	40.3837	61.1539	54.387	39.5588	36.0399	50.1061	42.2533	20.3545	10.9551	7.27023	12.7757	20.1143	28.4568	20.4809	9.5922	17.96	22.7928	23.8138	14.3806	14.936
7.46109	11.1769	7.09574	5.29772	9.32668	7.74606	6.33263	5.74799	6.7604	6.31669	9.22223	11.27	11.3628	10.2642	13.4561	10.3142	4.89294	8.32083	10.9957	11.5624	10.9917	19.7221	32.4125	22.3795	29.2352	10.2794	8.27302	9.55917	8.80495	7.2456	8.39073	7.54712	6.21997	2.18969	5.0214	7.69271	9.22177	6.9369	9.66165	6.71488	4.35248	6.00959	7.64692	5.10353	7.1801	8.67006	6.1433	2.32884	6.40228	14.236	7.41383	15.3479	7.41364	5.73783	9.01676	7.57787	2.44788	6.17687	8.87547	3.48121	9.94979	9.14017	8.87607	14.5754	16.9329	8.50948	11.5285	13.6762	10.7927	7.58365	4.77927	5.4603	16.8729	10.6268	8.78224	4.65313	2.57299	7.42967	9.27711	8.39073	9.15921	10.8087	10.5023	8.76232	9.40254	9.37951	6.39076	7.73643	8.71232	10.3537	11.0037	11.6164	8.59621	4.75427	5.94317	8.3418	8.43041	9.10367	12.2049	12.9912	12.1597	11.7925	10.9623	10.8035	13.0171	11.7055	6.94748	2.42938	4.86534	8.94749	8.84488	9.62146	10.0667	9.53086	7.50231	4.70088	3.70117	3.66888	2.14122	4.53664	5.27252	4.42717	4.16362	4.59184	2.77431	2.79044	4.6015	5.50865	3.52791	1.71405	0.774466	3.26433	5.62334	8.2005	7.67756	5.19594	9.24112	12.2292	11.6898	13.1195	12.9868	13.7217	14.5779	15.1446	19.7762	16.71	20.4694	30.5381	27.1463	20.5244	17.1098	15.036	12.9318	15.0575	14.1087	11.9487	8.87607	6.34656	11.5489	8.96217	9.53077	13.4815	17.0206	15.9842	12.938	10.6805	8.85594	3.56573	6.00999	9.33919	9.49295	13.0041	17.3856	15.9897	10.6446	11.2011	15.9404	6.27888	5.69907	5.57307	6.39076	4.27662	3.79296	5.56761	4.3999	8.10766	11.6167	7.40769	11.1654	14.2504	4.56256	17.567	23.4938	10.5772	20.2824	11.0596	14.2592	5.95058	8.54851	16.7595	16.1374	14.388	16.3493	18.233	15.9946	10.9973	12.1697	15.5487	19.53	18.637	15.9922	19.841	20.6088	21.7534	17.7702	10.2645	9.45279	8.00591	7.26984	7.39796	7.69876	7.9326	6.50075	19.623	36.1467	35.0908	14.2667	12.3111	21.488	32.1013	32.7344	39.8633	41.8324	36.7193	21.0217	21.0213	26.3021	35.7643	55.7886	61.2397	59.6979	53.1562	37.0857	24.9182	20.8723	16.3552	13.357	20.0752	29.0591	15.4774	15.2189	18.9001	21.181	21.49	11.0079	11.5788
5.19253	13.2463	9.62028	6.77305	7.81299	5.95741	7.9227	10.9949	10.8749	7.36337	7.21211	7.6406	8.17657	7.85023	10.0937	7.36337	12.7472	15.0056	14.9827	14.7058	15.6449	26.7841	28.4597	16.8318	22.502	20.257	19.1911	18.5492	14.172	10.6355	8.69655	8.53443	10.9128	8.43136	7.60615	10.5568	8.59018	1.97374	6.89772	4.91661	7.79259	10.557	8.59541	6.20986	6.0581	6.46344	5.0299	4.33499	8.63588	13.3291	1.54858	12.5669	6.41779	5.45159	10.5241	8.10133	6.54303	8.80425	9.49166	7.79246	14.4235	10.867	7.13867	14.574	15.1318	9.40784	11.8858	13.4171	14.6468	12.5326	8.0871	6.47942	13.3989	8.31129	11.4233	13.6951	14.5681	14.48	12.3803	12.6411	14.4086	10.8986	1.7655	5.73742	6.07771	5.61992	10.0437	7.50706	5.19253	8.53437	10.7757	11.2814	8.63097	6.49101	6.00194	7.45438	7.40688	3.72498	3.5021	4.66845	2.3286	5.19546	6.36019	7.08295	8.92734	11.8008	11.9226	12.8818	9.98524	3.72511	2.11286	1.39591	3.3984	3.64817	1.22435	3.4592	5.90237	1.97367	3.83937	6.78396	6.97218	7.32751	5.18405	1.84029	6.8937	7.82818	10.3693	13.5318	14.8958	15.4179	13.4639	9.77672	8.72992	12.163	14.0781	11.9464	9.35232	6.32766	6.70515	8.4311	8.22105	7.46012	6.63448	6.55405	16.3553	21.504	28.7306	28.3087	31.2922	50.5177	54.2895	46.8938	34.4245	28.3091	18.7081	6.39949	5.61465	12.3467	12.7203	8.67631	10.6797	11.2865	12.2091	10.6996	6.5609	4.49323	8.49163	9.38321	6.119	5.63597	9.65792	11.7237	10.7116	4.84055	9.85714	15.8303	17.221	6.49075	4.50642	2.94132	4.26909	2.90042	2.11296	2.95653	3.11892	15.1465	12.9046	15.7076	15.0875	11.5514	3.86635	12.9895	25.2879	15.108	9.40749	16.6621	14.216	13.2668	19.5809	24.5149	23.8159	26.5483	31.7881	29.3716	24.9996	14.8433	13.6584	29.0777	42.9979	46.0683	43.9061	41.8961	39.4333	35.5129	32.1309	25.33	19.7386	12.483	5.18393	3.94271	4.79099	6.27832	4.15252	17.5521	32.2825	33.649	34.9774	34.7943	27.3072	27.2494	26.773	29.6455	32.1963	19.3241	6.70542	19.6448	13.2319	16.5751	22.7301	27.0584	26.3649	21.4511	16.4189	15.049	12.6621	14.0518	17.4986	19.1774	20.8851	10.9949	17.8383	13.9357	12.6839	13.6631	2.42916	9.80911
4.88583	8.10057	12.2048	9.85666	8.06277	5.28268	4.49278	9.46617	5.89682	8.76036	11.6141	8.26274	8.09161	9.44358	10.5476	4.94034	10.0858	9.09225	11.4606	14.468	20.1025	41.7262	43.9787	42.9234	39.3309	39.4605	39.5652	34.8719	20.0968	9.81997	9.10037	9.70186	11.3258	9.29375	8.08616	10.5816	3.23149	4.54548	6.56029	6.56033	8.03191	7.36271	4.66814	3.40672	3.43287	4.59098	4.57492	5.45928	9.42352	8.38344	3.35823	6.56461	8.25781	8.17083	9.6132	6.32447	3.40672	7.02991	8.35556	10.0299	17.7612	9.80828	12.2078	14.6421	9.00371	4.66828	3.66424	5.18346	11.1189	12.162	11.458	12.3169	8.03155	4.33461	8.17605	10.544	13.2815	14.1914	11.9073	11.759	13.3286	13.2444	11.3606	0.88288	5.41819	9.2826	10.6743	3.97987	2.02597	3.40689	7.59195	11.1151	9.27511	7.02795	3.91978	7.50077	10.8867	8.39436	11.5374	9.84641	6.93765	5.13447	4.32061	5.35494	4.29326	8.08437	7.39658	9.7759	12.4687	11.4223	11.9406	12.6401	13.917	12.3337	8.06277	3.86596	4.65204	3.79199	6.49923	4.69356	4.07991	4.86456	5.13441	10.2904	8.8153	6.43801	5.56677	7.10307	7.74487	7.32291	6.27768	5.1518	3.4244	1.97346	7.29874	10.1203	8.53362	7.83653	7.5511	9.36328	10.2398	7.93113	6.81768	6.18293	15.7748	20.144	24.4877	33.4732	41.0245	39.9207	33.7171	48.9482	52.651	51.3993	36.8594	12.2045	8.6081	14.2141	15.8833	8.2714	7.55883	8.38172	10.2678	7.59168	2.45961	8.38391	10.8227	9.17639	6.49954	8.20466	10.4621	8.07736	4.71558	1.31854	9.61908	17.3543	16.22	6.24938	5.01175	4.8645	5.53458	4.71558	2.02597	4.12347	12.8598	24.4166	17.1192	24.9047	18.7998	10.1778	3.41128	8.59449	11.1326	14.4752	11.3116	13.9646	14.1847	14.63	23.2869	24.4272	24.9504	34.8862	37.9713	35.2329	36.0335	35.01	37.5693	48.3274	51.0831	43.4519	42.5545	42.6794	40.3343	36.3338	36.769	34.8292	32.7686	25.2572	8.15605	4.0356	3.50172	4.20551	4.81854	9.61156	23.6405	34.7219	35.8423	27.0576	13.3453	11.4915	15.2599	22.0226	33.44	45.8226	53.5989	51.0814	43.2526	34.0294	13.5918	4.42634	6.23311	8.26988	10.5327	10.7853	10.9315	10.6413	9.32482	9.77535	13.369	15.5961	13.1862	11.3982	13.7148	16.0225	15.596	23.7516
13.264	4.42906	7.98203	11.8658	10.2771	8.58046	5.61916	7.58137	8.86654	6.04732	13.0474	9.94127	7.81164	9.33937	10.6452	1.05306	7.54459	6.65322	9.87855	12.3079	17.0849	39.6742	29.2378	26.8578	55.4848	61.584	57.4766	50.0645	27.9404	7.40562	4.59073	2.42255	8.26717	7.17815	6.65762	7.92102	1.93501	5.27076	4.81176	6.51673	4.89128	2.61828	2.96106	2.7355	2.85314	3.49721	3.11833	3.30423	7.13094	4.32024	1.93504	6.45571	10.0752	9.8498	5.98846	2.63531	6.90079	7.75143	4.03526	14.5941	17.2034	5.98834	15.7348	17.4562	9.09121	7.06925	8.42989	7.55079	3.47583	4.97257	13.3298	16.0912	5.26231	4.36136	7.51547	7.24359	9.11222	10.4458	7.40363	6.55071	6.72154	10.4937	16.1015	9.7083	7.25975	6.07639	9.86705	9.96461	8.0856	5.02027	5.40402	7.54652	5.6922	9.32408	7.66815	8.07656	12.6597	11.3676	7.87884	3.69626	5.03483	7.10211	6.17043	5.32949	3.70034	6.74119	2.32817	2.24965	5.25121	7.21315	9.12326	9.1566	10.5034	9.33656	11.1369	2.95608	2.78957	4.42906	7.30589	6.43737	5.80049	6.21835	11.029	8.48976	6.25121	7.7609	9.21964	11.855	11.2557	9.74833	11.7792	9.49158	9.27446	10.928	10.1151	6.86249	2.57217	7.14542	9.38727	13.689	12.9385	7.92119	6.26787	5.52599	23.5287	26.7333	26.411	32.2953	39.5492	40.3278	29.9975	21.2999	5.12531	43.6775	42.4976	19.943	15.7208	17.9991	18.7494	9.81421	8.7096	9.21925	10.2766	5.29604	8.60736	10.7897	7.99658	8.42786	6.11786	8.96456	7.8621	5.49395	3.17997	4.33402	9.8377	15.2368	13.1624	6.94541	6.8667	7.17026	8.14839	7.39563	3.07982	7.41156	15.6911	17.4199	9.24285	25.7824	19.0109	8.19099	4.37175	7.19458	6.91981	12.9223	16.2411	11.8269	9.90372	15.551	29.6187	35.9022	39.2907	39.6967	33.6419	35.5333	40.1367	41.9887	44.0621	49.856	41.7477	18.6726	13.6367	18.1857	26.664	27.2009	29.2107	26.9265	27.3205	34.2862	24.2767	5.80023	1.93501	5.12555	10.7738	11.3413	9.4061	9.97323	13.3533	14.6341	13.4892	15.4537	22.4481	33.8683	44.2786	47.9371	36.829	39.1931	40.4441	46.1542	37.0275	29.44	26.9664	23.5618	19.5709	17.9018	18.2767	17.3635	17.5353	17.8481	18.5105	14.4315	11.0356	20.4201	34.5348	41.3187	44.1702	52.8859
13.435	14.3199	7.89258	3.88465	6.71238	8.38236	9.88838	8.60677	11.4532	5.09899	12.2758	8.86568	7.13022	9.23712	9.64125	4.16223	7.40491	4.20472	12.425	14.8579	14.9286	29.1542	36.3701	51.1746	53.1963	44.4687	51.2696	51.2416	30.4351	8.13313	3.9755	4.31994	8.33849	8.28066	4.7147	6.3442	1.24819	4.17626	5.87557	7.74293	2.73519	2.42849	3.47971	2.24948	3.50125	4.60967	3.94554	3.17501	4.3198	4.8847	5.01972	7.56162	7.69602	9.28921	7.82606	5.01983	7.25877	4.66727	6.86187	14.8248	11.6788	7.24054	14.956	20.5693	13.388	9.61791	9.51073	8.5321	6.63292	3.52668	13.8167	16.5407	4.36092	5.94063	9.05987	7.62124	6.47113	11.5642	7.23464	6.41608	6.55906	7.57507	13.5995	9.06514	7.0645	4.42551	1.39552	6.24856	9.07156	11.0038	12.8082	11.1472	2.42847	2.59503	2.25611	2.20237	4.89078	3.33975	5.52563	6.65281	4.57407	5.50659	6.11693	3.99038	5.52563	7.56162	5.37611	5.41986	4.04985	6.34463	7.19207	6.54123	5.4201	6.70539	10.2112	6.38169	6.59735	4.74316	3.02064	2.47718	2.24953	5.71263	8.61831	1.70455	7.59027	5.86046	8.23992	11.7325	11.711	8.29679	8.48391	8.17074	7.63868	9.48945	12.4258	13.2074	10.8008	6.25091	8.61136	16.4016	15.9382	9.86612	7.77542	6.25091	34.3696	36.9967	42.8584	57.6332	58.708	45.0373	20.0989	23.9182	42.811	45.7994	33.3213	11.8282	12.3762	19.6062	17.4817	8.59104	9.12355	9.22299	8.68198	7.40516	12.6218	9.17469	8.92954	9.34339	9.47267	10.5216	9.57126	9.0139	9.02345	10.1211	11.2986	16.3166	13.8531	9.30631	8.85301	7.24296	8.97	9.22625	4.5054	9.84421	17.6016	5.13351	19.3077	20.9675	16.0369	4.1798	6.72311	6.46187	5.90076	11.1472	14.956	16.4392	16.8822	20.3215	32.7823	35.1865	29.3	27.5358	25.5417	32.9311	38.2083	38.3756	37.1687	40.679	29.7179	25.7116	20.7285	17.0352	20.0378	22.6545	27.4472	32.3302	19.8438	23.7884	29.6103	8.45621	2.89958	12.7699	15.4972	14.7969	13.9523	19.1378	31.0241	35.6547	34.6679	30.0821	24.0027	26.2873	37.0536	42.4458	39.2242	40.3781	37.4875	29.5469	15.2355	18.8753	21.3324	21.6415	18.0249	16.0193	15.8814	16.5995	16.8519	16.1574	14.2457	13.7943	29.3825	44.8483	58.4846	61.0288	61.1281	64.0724
3.98997	11.595	14.5499	8.55123	2.96047	6.03635	8.7781	10.4551	7.25009	2.35313	11.5996	8.9624	8.48807	8.92365	9.7239	5.50636	6.03635	3.56003	12.5667	15.1306	11.8628	15.013	27.1554	59.2926	57.1673	62.3161	58.844	44.0509	23.7693	9.78455	8.90615	11.9574	13.793	12.1362	5.12459	5.95501	2.30834	4.89028	6.6518	5.79909	5.04293	5.3175	5.19055	4.6478	5.28406	6.02426	5.7994	5.37578	4.63497	6.65189	9.81679	10.0974	9.07065	8.15413	7.60327	5.41662	7.30428	2.64043	3.64676	10.6314	16.9733	19.1764	17.3959	20.234	13.3502	1.16112	3.4321	0.51931	6.14079	9.98302	13.549	14.5251	2.45874	6.86079	9.30021	8.99476	6.03409	13.1484	10.3446	9.12155	9.65722	9.28044	12.7774	11.2434	8.83248	5.56505	4.66693	9.96276	10.4359	5.55717	9.24091	15.3443	6.0461	1.7305	4.65076	6.24544	4.94482	3.02525	4.03452	4.94789	6.48866	8.55164	10.8314	12.0749	11.8349	6.96959	8.08365	6.65189	4.75201	4.01989	4.78938	7.26448	9.25088	6.59661	3.80669	6.86121	5.37026	3.45796	1.91134	5.73535	10.222	12.1273	6.46136	5.17323	9.32216	9.80817	15.3011	14.8974	11.5734	10.4	10.8022	14.157	15.7025	16.7002	16.4272	16.5894	17.8649	14.9417	7.89213	14.8444	15.6948	9.93616	5.88755	5.63385	40.018	42.432	36.8312	46.6464	21.3229	20.7188	33.601	30.9201	23.8373	28.2714	25.9334	19.7267	19.3381	19.9059	15.3337	9.81679	9.97095	7.6433	4.26765	11.9856	13.7447	7.92915	10.4001	19.3307	23.8184	22.2974	19.966	20.7218	24.1166	27.8771	27.6678	25.9415	18.0034	13.7529	12.76	8.02961	8.91548	9.44084	8.57886	12.7686	16.3985	6.02426	20.3907	18.8198	16.3985	5.69634	5.69617	3.9487	4.44161	12.1638	14.971	18.6682	19.729	13.7552	25.7764	25.4375	16.3473	14.7004	15.2053	15.4106	16.6666	25.7766	29.1952	24.9002	10.5091	11.6886	7.1133	11.2548	17.1448	19.3735	30.0457	39.3492	28.1544	28.6014	23.2043	5.92768	17.1906	26.8361	27.131	29.1245	30.9913	29.6978	30.6596	26.3286	30.0105	34.3435	37.9624	40.3317	34.4876	16.4123	18.8845	30.0945	33.4481	31.6634	26.67	24.6304	23.2561	19.463	12.4559	10.422	13.434	14.7004	9.15011	5.53303	9.10389	25.3795	41.6711	48.58	48.7204	19.4262	14.7862	43.6915
8.39454	3.35696	12.8143	13.1587	5.63303	5.57501	8.58954	7.21108	5.83692	4.71386	10.9908	10.2754	10.4538	10.2473	8.72552	6.35956	6.43552	5.07757	12.8307	14.3257	8.4357	8.61653	17.1272	48.0023	53.4585	51.3015	31.3938	18.0406	17.5871	10.8342	10.2979	8.79707	11.5166	11.9781	6.00652	6.06514	4.58925	8.25424	3.47905	4.16138	6.38039	6.75457	5.65158	5.41911	5.7656	5.93975	5.57521	4.64733	5.07757	7.23324	11.4175	6.32217	0.93203	4.71379	8.82968	10.9896	9.47211	6.70217	8.16766	14.2182	19.7509	19.7747	16.1975	14.135	6.26823	9.81762	10.6494	9.95149	7.1924	9.40331	10.4416	8.60976	1.93453	7.61967	9.21662	9.52961	7.07946	11.2775	11.1557	8.96198	9.72915	9.59787	11.2812	8.79199	8.31416	6.71948	6.20691	12.7938	12.5192	12.6262	4.21818	10.6745	11.048	9.1792	9.13633	6.55779	5.87477	8.87099	11.6115	12.6475	12.5259	13.4276	15.1148	15.775	13.1338	9.36171	9.94421	10.038	10.7176	8.68572	7.1846	10.0266	11.942	9.60986	4.86254	1.22375	2.44634	7.35374	9.75131	12.2038	13.5225	8.99598	9.59748	11.9557	11.61	11.1417	11.7686	8.66524	2.93998	8.23163	10.7162	13.2234	13.7512	13.5389	14.3781	15.775	16.4116	15.7207	9.65332	8.35246	14.4699	11.9758	10.0962	5.52447	39.4531	42.7386	33.5921	50.35	53.0786	35.5937	42.7614	31.228	18.3855	21.302	17.2133	7.67326	11.1707	14.1961	13.456	9.5251	7.7321	2.61752	10.1447	13.7191	10.078	7.77199	19.3742	36.2349	46.1233	48.7169	45.4266	40.2526	35.6528	32.5935	30.9012	28.4419	18.789	15.4854	14.0921	10.4907	9.2716	9.99059	10.0395	13.5878	8.70716	4.17908	10.9243	18.203	17.4486	10.7864	2.32737	8.03947	6.2093	10.3641	12.0216	18.7492	20.2545	21.2262	29.9594	22.5739	17.1436	18.3887	21.5173	22.3376	12.8373	11.2634	11.0699	0.88252	15.1535	21.5969	23.7167	25.0777	23.8828	23.8132	26.3396	35.2034	39.5846	27.2412	3.56369	10.7708	23.1142	26.7395	24.1224	27.1763	28.8679	26.3938	20.9565	16.7244	14.9985	22.3453	30.232	30.2621	19.8152	8.9538	11.186	9.77177	5.10085	5.50581	14.4162	25.5475	28.5588	25.1768	22.3368	21.3361	19.9048	15.7174	10.5291	5.95711	8.7454	20.5323	25.585	34.3856	45.8352	56.4259	57.6703	59.2568
5.70304	4.15016	8.25342	14.7206	10.8289	6.97416	9.34033	2.61731	5.79829	6.70158	10.0252	8.77596	8.8254	9.9892	4.52027	6.37733	7.70332	6.82127	14.0523	15.8695	11.0985	10.5077	9.65092	25.4961	17.128	19.1755	23.4858	27.7536	24.4653	9.62539	3.94058	5.33018	9.65198	7.92721	5.79578	3.91791	8.03866	9.37739	2.60012	7.35922	7.08524	7.59592	3.80207	3.66249	3.83728	4.3701	4.66592	2.35284	2.78858	6.72763	8.98661	2.64563	4.33246	4.81608	9.00754	9.65198	2.47649	6.27505	7.97704	8.9023	6.48942	4.59874	5.35813	3.94796	5.01838	6.38659	1.83912	8.77262	10.5425	8.10202	5.52127	5.81841	2.32085	7.44596	9.84558	8.98661	7.49691	5.85636	9.0302	6.99338	7.91082	7.26287	10.5601	6.40483	8.30095	5.26025	8.52918	10.7971	3.28938	9.08286	5.78532	2.86245	7.43055	9.96952	12.6183	10.5553	8.86205	8.20079	7.79952	7.91293	8.02467	8.05732	7.54211	5.57472	5.36078	7.59592	7.77115	7.0291	7.43246	6.56838	3.42276	6.09598	5.3166	10.3231	9.60285	7.21046	7.61734	11.5414	11.9406	9.54425	4.55983	6.41168	16.2748	14.6731	5.87405	5.28017	11.4862	11.1904	8.021	5.71069	6.07417	7.44596	10.5643	8.27829	4.6341	2.47649	5.1925	12.7652	12.3265	5.63283	9.61453	11.1404	10.4197	7.16118	33.0175	39.0862	36.8737	36.866	45.8527	28.818	35.7268	18.2013	8.83857	17.9763	21.2447	10.4085	10.1956	13.3383	13.3633	8.69115	6.39791	4.66592	14.1639	13.3316	9.4333	8.22559	22.3578	33.8821	35.2557	37.8452	43.9068	46.3385	48.1023	48.1663	48.4874	41.9683	29.4901	27.7174	32.4723	28.8875	15.3172	8.15262	9.15321	18.3814	13.8138	14.0423	13.1324	13.9735	12.1743	12.8968	3.05921	12.861	9.26606	7.75797	7.06824	12.5655	13.3251	16.4585	28.0487	20.9351	12.4182	15.5253	19.1081	17.319	15.1784	17.6165	18.0588	21.383	15.686	11.9963	16.291	26.7451	38.9368	42.6982	41.0336	33.9377	35.782	26.178	8.37987	17.1257	20.8601	20.1905	17.1244	13.6445	10.7126	16.605	23.1243	26.4897	29.2057	38.8816	41.9443	34.7845	24.7403	20.8381	18.0545	13.4086	12.6464	12.7171	17.6274	12.6456	4.33255	5.99856	5.90421	2.87804	6.24676	12.0118	14.3702	9.3595	9.2235	16.6557	22.8704	31.9965	33.4498	26.8541	34.7756	50.3557
4.34912	5.00891	4.14617	8.48576	13.7568	13.6343	11.6746	6.04445	3.69858	4.33202	9.18502	11.1839	10.2186	8.0561	2.40906	7.93944	4.5723	4.64646	17.4946	20.5583	16.5581	16.5509	16.1772	39.2285	37.2359	38.6802	49.5292	52.6436	45.0161	12.8034	8.17115	7.078	6.49558	6.53871	6.4595	5.07938	9.58368	7.19316	8.79857	9.25278	7.40212	9.06131	3.7306	4.31835	4.04826	4.53319	5.352	3.28003	3.63349	8.47549	7.5256	4.45723	7.19142	9.89908	13.1533	9.81554	9.59609	13.1622	15.0095	17.4092	9.17256	6.71847	8.23715	7.78373	9.44602	5.55558	5.04122	5.71277	9.13472	12.6151	12.4073	8.91304	2.24862	7.44532	10.1099	7.42365	6.17943	0.734207	7.99281	9.00717	7.63954	9.06131	13.8117	6.83744	7.57779	2.02473	10.4105	9.96677	3.94776	8.36149	8.16767	3.28905	1.35142	5.07658	10.3403	11.6324	10.1741	8.82508	8.64393	8.5169	7.36659	5.29369	4.7505	4.16039	4.83711	5.04122	2.81491	4.17842	7.40013	8.00004	6.85924	6.41362	5.31599	9.36303	12.0772	12.1402	12.0199	13.6344	10.2735	2.63415	3.40916	6.70943	15.4821	14.97	9.34002	11.2807	13.7075	12.0561	9.81001	14.0688	7.47096	6.11006	10.5053	13.741	15.7876	14.9593	8.42549	11.5406	13.1098	7.5256	4.0334	10.832	11.7627	8.11382	20.9952	24.9883	19.0371	27.3199	44.1036	25.3708	22.8609	16.2106	7.16053	15.7938	22.972	14.0501	11.7194	11.9144	9.22272	7.91009	9.77008	4.74124	18.8093	16.0408	14.3993	11.5407	16.094	31.1875	34.9582	23.728	11.1996	17.1304	36.0526	43.4554	51.4073	52.0201	39.9104	44.2637	52.6659	52.8995	33.4735	8.69571	4.74124	13.5687	4.34912	21.3964	13.4297	8.75545	9.93214	11.3355	1.7039	13.2576	12.1316	12.2338	10.9111	12.6171	15.6902	18.7896	24.9229	19.9566	14.245	15.2914	15.9164	16.1777	18.9282	18.166	25.2008	27.0466	20.7935	13.0942	6.24587	19.6268	25.6769	19.9872	12.559	5.55533	25.6983	27.3358	18.5968	12.4524	14.5289	20.6573	25.0778	25.4182	25.9963	26.1481	25.4937	23.2644	22.0402	32.6284	30.3867	25.9213	28.5786	26.6628	24.3856	13.6433	2.51813	9.13464	17.0896	12.0018	8.47574	6.72718	7.31871	11.9681	18.8683	23.9911	22.1419	17.8754	10.3239	10.0143	9.68705	8.25645	6.35838	4.55936	11.2613	24.967
5.18	4.33174	6.56062	4.66519	5.19132	13.5522	13.5962	7.61562	1.70373	3.62904	8.70465	11.8479	10.7422	8.95123	6.4521	9.76772	7.79237	9.32682	42.8158	59.8831	62.4376	55.7003	47.4205	60.7344	60.7055	59.8727	56.3357	56.5467	55.8049	16.5634	12.9544	14.9364	16.5656	11.0295	4.23442	7.33759	6.3366	9.48499	11.6643	5.56309	6.94126	8.79754	5.74091	6.56062	6.5786	6.9416	7.51537	7.49597	6.94163	10.2738	10.1049	10.277	9.57733	8.25564	14.6581	7.23919	12.0793	10.1887	13.2442	20.815	13.1087	10.8681	11.1069	10.7627	9.74434	9.44519	11.4148	13.4861	13.3043	10.1941	12.4194	11.8047	2.08287	10.052	9.52249	5.86528	3.69802	6.0339	8.36792	9.87357	3.79363	10.8413	12.9895	6.70221	8.01362	3.30243	11.3043	10.2988	5.25962	8.46104	8.58898	9.67315	10.9102	8.58755	3.32491	2.95941	4.63323	3.9399	2.69003	1.91063	2.18782	4.83371	6.54699	7.61593	10.0824	11.6849	12.8725	13.4541	14.1823	13.4457	11.7418	10.0739	9.98789	11.5435	15.2409	17.3315	16.91	13.7509	8.07205	5.55509	7.01104	10.0367	16.7203	21.8266	20.5445	15.5235	16.043	18.2413	18.184	22.1602	22.7375	22.1275	21.2581	20.1906	14.7102	16.8966	16.565	7.39171	7.90355	9.08629	12.0576	8.95954	8.68954	10.3394	17.785	19.7166	14.5385	20.9709	41.2133	40.5013	34.7711	26.0375	18.5813	18.1007	19.8322	12.2975	8.21484	12.8277	17.8387	16.9083	15.357	8.45962	16.5332	14.586	4.3316	3.39583	8.95917	18.782	26.5954	29.5296	32.2428	37.8315	35.9187	34.7885	31.5374	41.583	28.2673	27.436	14.7902	46.4473	35.9647	9.81305	2.25505	12.2707	18.6537	19.3498	14.1144	8.70465	8.08065	6.27347	7.24746	14.5153	17.0952	15.2289	16.1535	20.0451	19.8246	14.7555	18.2274	16.7833	12.9929	15.8906	16.9762	14.244	14.2274	12.1137	21.3442	20.9522	26.539	26.876	20.823	3.56272	33.22	42.3629	42.5533	43.929	45.2312	43.534	39.0324	34.3538	29.2365	21.7359	18.4264	18.2977	16.803	13.6902	13.0147	13.9577	24.6608	40.6822	45.6665	40.2233	33.9953	23.2316	23.0265	17.5231	7.63885	6.43347	9.5286	14.3981	18.2671	22.7179	30.4234	44.2929	55.6314	58.0347	54.3295	45.1444	28.0168	21.2421	38.1064	47.2679	52.2934	57.0985	59.552	58.6299
6.09434	4.53232	4.542	4.31758	3.82447	8.66693	13.4437	12.1372	8.16606	8.54255	11.1375	13.4688	12.2955	10.2715	7.26105	10.1025	9.22136	11.2368	57.3307	68.865	67.746	68.7448	66.7898	64.9239	40.9488	21.1815	16.4415	55.5829	52.6562	20.3828	19.7059	22.5299	21.1483	15.174	7.56284	5.03139	5.86248	11.6096	9.00875	5.2785	5.09575	6.62664	5.52253	6.91544	6.96629	7.85691	8.01319	7.58638	6.70851	9.74744	11.8408	10.0227	8.42426	11.155	14.721	5.31497	13.7972	8.70412	10.9037	21.3348	13.4584	7.92518	7.26308	7.77664	4.28997	4.31752	7.81599	9.33054	11.1475	11.5942	12.6996	11.9841	3.88222	11.3069	8.52689	7.10993	6.17851	8.99061	8.5268	4.67411	7.17331	10.685	10.4084	7.2366	9.43183	5.41431	9.29581	10.5246	2.27462	7.26273	7.46978	12.1682	13.7948	12.1993	10.1834	7.64015	4.77472	4.0475	6.55996	9.88416	10.0857	5.45517	1.80587	5.89766	8.48452	10.2704	10.8895	10.7669	12.1993	13.4444	13.9415	14.3901	12.9718	9.72124	7.77664	7.06044	7.81599	6.94941	4.26564	4.02908	4.97841	5.74033	8.66231	10.9441	11.5386	11.7647	12.4413	12.9362	15.0179	19.6241	21.7368	21.4882	20.9574	19.6299	18.461	16.6457	21.071	20.1943	11.9376	4.91222	6.60237	7.94747	4.41285	1.97198	13.2267	17.5809	13.3259	14.6124	29.2512	37.3287	36.4611	28.3825	19.6535	12.585	12.4181	8.95818	7.91067	12.5213	12.1343	11.192	11.1052	7.22431	6.49428	14.8969	8.76215	4.23399	7.80631	9.76789	11.2882	14.3851	16.8489	28.4476	35.8926	42.0006	41.3086	40.2426	35.0902	36.7328	48.9133	45.5803	27.8701	10.7184	4.86366	3.39537	7.22431	10.503	8.45828	7.72906	7.82109	3.56253	12.432	15.3977	16.0374	17.6949	21.1434	24.4127	18.7978	9.9321	11.6199	13.9297	8.48407	10.8365	15.095	15.3735	7.74626	15.9606	20.9492	14.2593	11.7899	12.8153	16.1478	18.373	13.1587	28.3223	35.3189	38.3929	41.3558	38.9848	37.4047	42.6662	41.8711	29.4099	6.5824	15.2742	30.9404	38.5413	40.1751	37.9085	35.5056	36.3904	36.5077	32.5294	30.2546	22.3988	16.33	11.352	7.60372	12.9955	18.8123	27.314	38.3425	47.2734	52.5128	59.292	62.4005	60.4239	59.1967	57.4626	49.4135	31.084	59.2042	66.8146	70.0055	71.2594	72.0921	71.9228
1.83853	6.375	3.49889	3.47316	8.51447	11.1545	7.15838	13.8919	13.5528	4.04689	10.7059	16.8053	14.0492	10.1143	6.03307	9.22025	8.08472	9.26725	55.4227	68.7674	50.0931	22.4929	53.0136	39.1658	58.7488	58.6523	57.5503	54.1018	37.3812	9.7405	2.89765	10.2748	23.2089	15.1369	6.62615	10.0676	11.9729	10.0218	8.62283	9.80265	9.43116	10.3941	8.45107	8.26478	7.73821	8.44931	8.61279	7.78523	7.18936	7.91518	7.66193	7.39023	10.5512	12.7526	10.2129	6.47353	13.9397	5.56723	5.88425	18.7794	11.7486	9.43557	8.02155	7.15847	6.33541	6.4096	8.03608	9.38053	13.9397	13.5322	11.6469	8.73954	8.82553	12.791	6.92099	4.74913	5.70087	11.1249	11.6472	9.30008	11.7741	13.3202	11.8743	6.39562	6.89551	7.26226	4.3717	9.54937	6.24181	2.7875	8.60099	12.0902	12.4886	12.8611	12.1923	11.8973	11.1367	10.7658	10.7126	10.4955	11.4821	16.3265	18.0072	14.3504	9.48308	10.5662	12.2959	10.5038	6.73624	2.98393	0.882116	1.3946	0.386846	5.22167	9.19374	12.0072	12.7002	9.95715	7.72875	8.07949	10.1146	12.0353	11.0739	6.17792	3.30169	4.27202	7.51368	12.849	22.8936	26.7759	19.7711	9.88177	7.77579	9.22018	14.1049	11.3976	14.8261	19.2783	19.156	17.9143	13.5202	5.23876	2.73348	8.10648	10.1073	9.39854	7.7961	7.47656	10.4856	9.7553	4.64813	4.53169	6.32608	1.59464	7.974	14.1085	17.8823	12.4446	14.8364	10.424	6.50047	9.1449	11.2371	9.48442	13.0162	12.2944	15.9413	20.9529	23.9869	23.3735	15.3163	4.32726	7.53922	11.4222	14.9139	23.5526	26.0579	16.1721	10.7601	11.085	11.516	9.37393	4.40216	6.11319	12.0363	14.3108	11.5115	11.3725	10.8182	5.85415	14.4663	9.71847	11.7389	26.0579	27.7737	17.5387	12.2397	14.4905	14.4096	12.0771	4.42567	5.1474	16.5497	18.169	5.17912	7.97558	12.641	3.0773	11.9538	23.6633	30.3118	29.6873	14.4753	8.22233	5.37251	3.32414	16.979	26.278	36.2432	39.4185	38.4458	39.5362	38.7921	37.1375	30.7029	15.6818	10.609	7.27825	3.4732	20.7871	23.8991	10.9808	7.06575	6.47554	6.55933	24.8535	42.9153	51.6256	59.8144	68.2557	72.6073	75.23	77.8591	79.1913	78.7314	77.7322	77.3946	77.2385	75.7809	67.7373	64.8061	62.817	52.2683	36.584	9.60395	16.707
6.33936	5.93147	8.26051	4.06499	9.8118	11.5989	10.5653	5.86359	13.4815	14.4656	8.8595	17.3657	16.2147	11.1225	4.63833	9.02911	9.46669	10.615	38.3882	60.0853	61.1638	50.1637	52.2241	51.7124	66.1959	31.8212	34.3669	31.8544	23.8289	17.6203	21.402	23.9417	15.5798	5.22126	13.0894	14.8359	12.8775	9.46552	10.3311	13.9042	15.2367	14.6744	10.9331	8.83488	8.24827	8.60533	8.923	8.54097	7.94599	5.39964	1.2231	7.61571	9.07901	9.31606	3.17239	8.49625	10.1811	2.08218	8.62673	15.1812	8.26208	11.1239	6.54753	11.6858	9.71881	3.97619	5.2468	7.82937	12.0514	10.9846	9.09127	4.96827	12.4385	14.1574	8.4572	4.41203	6.49982	14.3254	13.9307	11.9695	11.8447	13.539	12.9858	4.55736	3.55766	8.48468	7.96235	2.25437	9.52588	5.63769	6.93926	7.32566	7.84064	12.8557	13.2523	11.748	10.7078	10.4071	11.5989	8.34822	5.40233	10.7807	15.2715	16.0611	10.4194	12.1507	11.9355	12.3393	11.2362	11.2463	10.7914	10.4044	10.2378	11.265	13.156	13.1489	15.0452	15.2919	12.1741	12.2144	21.7102	28.1595	23.8159	10.2696	2.95851	5.58512	13.197	26.808	33.2505	28.5311	25.5576	23.9085	28.8444	24.96	21.7684	17.6503	10.6042	4.69553	12.4309	15.3312	13.5515	9.19269	6.65189	7.46796	9.78853	10.7807	11.1149	9.88344	13.7777	17.593	14.8248	12.6804	13.9427	13.7441	16.72	20.3154	16.3539	17.5506	20.5963	6.72444	10.5789	16.4965	15.8153	9.37361	11.526	14.6905	22.7079	31.8473	43.117	49.0894	46.8081	33.8147	15.2734	11.9692	19.7397	24.0389	22.2246	12.9591	8.21237	8.44315	12.8292	12.1631	6.39523	9.80631	12.4875	15.538	11.9527	13.8456	11.7786	7.23504	12.4022	5.07742	10.577	31.5074	24.3482	16.4808	13.2614	7.45234	5.12987	5.71054	2.79264	9.23073	19.2791	24.3731	13.4251	1.47769	16.8009	2.42046	20.6061	28.3562	30.8731	25.5244	18.0962	12.6046	3.42959	1.56612	9.9332	23.2895	31.7392	32.4568	32.7679	31.8001	24.8266	21.75	24.699	28.0695	33.7055	32.6922	27.0352	18.5108	22.37	17.8717	16.6872	11.5989	17.2941	37.8202	52.5055	59.2575	69.5863	75.6057	77.327	78.7057	80.0288	80.1269	79.2073	78.4038	78.6026	78.9967	79.3022	77.3525	73.3267	70.148	58.1482	47.9306	45.515	55.7627
11.2245	8.71995	10.1777	8.37517	7.20394	10.1913	7.96167	8.98842	10.1773	17.8285	6.59139	12.0079	15.4075	11.6995	9.10365	10.8337	10.8019	12.1169	40.5229	55.0994	61.2998	62.5646	45.6945	56.7771	64.2036	33.9534	28.7517	19.0672	15.7919	10.614	9.81094	6.97031	9.97405	15.277	17.4224	18.338	18.5298	17.6456	18.5298	19.8927	18.7879	17.6014	14.9754	11.4093	8.0237	6.85381	7.69889	8.24919	8.34738	8.4012	9.80541	10.9684	9.434	10.4513	11.7482	13.1326	8.16393	5.61622	10.0824	9.86208	9.84643	8.76647	6.33423	13.9082	11.4088	4.85931	4.66324	4.84409	9.29333	9.27935	2.97326	6.2432	10.44	12.932	6.37371	9.69475	10.2953	15.1836	10.2363	7.18766	10.8858	15.071	12.5809	8.85864	12.7397	11.3869	12.3048	8.64473	3.31897	9.66928	12.7527	11.9375	6.8728	5.4536	11.9093	13.294	11.3094	10.3689	13.1888	11.9684	5.94328	9.3722	1.64058	11.1445	9.93364	12.6292	10.2912	11.539	14.0127	19.7928	21.2189	17.1478	13.794	11.672	12.7581	17.8899	22.3967	23.1975	16.7168	17.1407	33.7181	34.4321	36.5399	21.1948	2.1664	4.00565	15.4882	28.5763	25.201	16.5377	36.4764	44.6139	44.7582	41.1051	29.6745	24.2256	27.2984	17.9544	11.1026	15.1262	17.3314	11.5487	9.09228	11.0212	14.029	14.9307	13.6598	12.4276	15.6146	17.5582	21.1008	45.8091	60.9441	59.4097	39.3362	2.59863	10.8269	19.4199	17.0935	8.27387	15.666	14.8657	15.0435	12.7836	12.1309	13.7341	24.0464	24.4493	29.8005	15.4039	20.505	34.3581	30.9437	21.4983	20.2222	18.792	12.7874	11.4552	15.4001	16.4242	18.3737	16.29	3.52363	4.93489	3.26012	13.1194	12.1954	12.0525	10.1053	5.35506	6.79339	11.604	16.5474	33.156	34.6902	28.426	26.7974	22.7235	16.4997	20.7082	22.7067	20.8203	10.3578	24.3807	25.0374	21.2114	26.0972	18.3522	29.7675	32.8871	29.761	20.8172	10.0199	11.1213	7.3491	15.5994	20.5595	18.9744	12.5979	1.78037	17.2249	19.427	16.6601	16.588	16.1897	27.3865	35.5712	30.2738	31.0795	26.1471	31.0246	28.1841	25.3891	23.8709	22.514	34.9924	44.7397	49.7476	69.1205	73.9868	73.5154	74.349	73.1381	68.3841	66.6141	67.5913	68.3056	70.6314	75.3479	77.7044	78.7986	78.2203	76.9015	75.9113	72.637	71.6067
12.4826	8.18991	7.00565	8.94711	2.73273	13.289	6.73399	9.32969	2.73273	17.9813	12.7961	6.47143	14.1509	11.9082	13.155	13.2215	9.68187	11.6511	50.1621	62.8571	65.2383	58.9395	32.9948	63.1895	60.4011	35.8202	30.1929	19.5256	11.8327	5.61309	8.75083	12.1718	16.4943	20.8994	21.5565	22.7049	24.8601	26.9399	26.8354	23.5702	20.7827	20.4395	17.2116	11.3897	7.88548	6.31763	6.96999	8.10969	8.68602	10.082	11.4543	11.8368	10.7151	15.0542	17.9713	15.6683	9.63284	9.08179	10.8836	7.22183	5.45314	5.1774	11.183	15.9889	12.8278	6.07025	4.65963	4.1581	8.83278	8.05149	6.71672	9.27274	6.71471	11.7992	8.99358	7.40387	9.06303	11.611	7.76578	6.74922	9.81428	14.6851	11.439	12.2409	12.4673	10.8223	11.6779	10.2508	3.97544	1.55626	7.61415	13.1915	13.7036	6.73399	2.94292	7.99385	11.076	12.6083	13.8926	13.1464	11.1473	6.17588	4.15089	9.14243	13.9047	17.2846	18.2889	19.1048	18.379	21.9247	23.3255	22.4516	17.5634	11.0413	10.0016	20.475	17.9447	22.5154	19.9158	24.0058	34.5798	17.1979	37.5314	28.3096	11.1336	5.68624	12.0771	27.5986	33.4275	35.1441	45.7964	54.2707	48.8872	41.3615	23.7538	11.5344	21.5076	17.7509	12.7233	16.4025	21.7673	14.7491	14.966	14.5054	19.8154	19.7721	18.508	19.4841	24.5661	38.2182	51.4046	60.5948	60.0671	58.1209	55.0501	13.7563	14.2443	14.6187	10.0643	6.76894	11.3941	8.42111	12.5635	11.9332	11.1935	10.6023	15.9059	23.1313	37.6248	47.54	47.3973	43.8605	33.5652	13.904	9.8785	11.9325	6.85295	7.17926	8.75072	6.82092	17.3448	19.7392	5.10843	6.68626	9.43319	15.3133	9.45258	5.9501	11.6259	8.26253	3.88074	7.63524	9.35476	20.1312	17.8683	11.3493	15.2386	19.034	23.6294	42.2779	22.1024	38.79	8.45705	16.0026	21.8013	23.4486	19.7755	12.4673	27.1659	33.6237	29.6382	20.1105	6.92775	4.86184	6.65309	16.9943	19.7135	16.6467	7.90748	12.3355	13.6145	10.7144	14.8916	20.8048	24.6528	36.8296	48.2146	48.0283	41.868	23.488	27.8655	21.5493	19.6854	26.2936	32.0957	32.782	37.1506	55.0141	72.8525	74.9582	68.2084	62.8766	58.9856	54.8399	57.4909	61.659	59.5944	60.7427	62.2448	57.957	60.212	54.5408	65.3204	71.4552	73.5955	74.8684
9.69703	4.14342	2.83425	7.92132	4.97884	10.4119	9.58497	6.21336	5.50897	13.4769	16.2425	1.56569	11.4442	12.3004	19.0753	24.1369	19.2796	9.27162	54.0941	64.3854	56.1362	48.1076	52.2642	65.6329	56.7526	30.6885	23.0766	15.3932	7.57297	10.5258	12.2845	12.9561	23.0153	32.5082	31.2172	26.2935	33.9722	44.9179	45.4735	40.3604	38.7365	36.2932	24.1958	8.62455	6.43001	6.16368	6.00143	6.13496	6.16848	6.93763	7.30784	10.482	10.5745	11.4531	8.37886	4.23211	5.36489	6.88427	9.15074	6.56344	7.68767	14.2051	14.7223	13.5602	6.73342	3.82266	5.24523	5.04971	9.0904	5.45237	11.8712	6.73373	4.70985	9.22609	9.46238	8.33672	5.17409	9.53681	5.86211	7.58245	7.70471	11.731	7.56721	9.4275	5.62853	8.04364	11.6013	9.09515	4.41076	8.73675	6.24201	7.23508	15.5239	11.2983	9.72848	6.79017	1.71151	6.72268	6.20404	7.95992	12.7017	4.85854	8.09599	8.42031	13.8545	17.5376	19.6868	22.4755	17.4231	13.4121	16.3592	26.9399	26.4356	15.8617	5.17421	17.4775	17.2059	6.0526	13.6218	29.2381	21.7263	3.32294	28.5574	25.6658	19.4797	20.5899	7.18668	17.4193	27.2921	40.8706	53.2641	25.8604	28.1449	30.8348	23.9983	13.9655	15.8044	11.3145	8.97849	11.9256	20.3784	10.8551	14.791	19.7093	33.0105	38.7618	38.8307	37.6772	42.0046	49.0682	44.107	30.2498	47.2593	60.4146	55.9733	12.5564	8.44584	9.0904	5.93448	4.80628	8.80408	7.91208	5.04971	7.46615	9.90848	11.2341	6.01851	6.21129	14.7477	21.9919	29.0049	29.0381	17.1405	5.72965	8.44753	12.8777	9.93589	12.0579	14.729	12.3802	17.185	20.6864	7.0734	5.50915	7.8383	8.52457	6.35187	10.0639	10.4341	8.66481	9.89658	7.2593	6.77473	16.7744	13.1171	10.7932	10.4984	7.9602	26.4324	45.951	34.6139	42.5074	14.7725	15.3311	18.8368	16.9579	8.26178	1.25887	20.3091	31.7554	32.2315	20.5847	6.82682	5.48771	6.55224	11.8317	16.1406	2.30609	15.2023	11.589	7.06316	8.76637	8.77794	9.27175	8.75828	29.6192	47.469	43.7374	52.1947	21.1585	23.203	10.0767	12.2795	24.0955	32.7947	44.5352	55.3992	58.254	74.3469	76.5818	63.5638	46.9915	42.8089	41.6119	17.7431	19.2602	28.1254	53.8739	60.8743	51.2239	62.638	68.2315	67.2242	51.9748	16.0779	43.9531
7.91128	4.51654	4.28756	9.27055	5.38921	7.46519	7.92047	2.31887	7.25674	6.70432	15.2189	10.1097	0.712952	6.5898	22.6549	23.7036	27.9721	19.8519	50.1528	59.3732	58.1016	64.1574	62.1019	62.8067	51.0987	19.6007	16.2855	10.4109	6.91158	16.8457	20.3728	17.9863	35.5491	49.7148	49.8181	42.6869	47.6587	54.854	55.5922	54.1033	52.526	49.7019	34.653	9.4632	7.61288	7.68732	6.8327	7.18608	7.39678	7.16152	6.49096	8.08624	0.733606	5.92926	9.8787	11.2307	10.9381	7.72516	6.03985	9.54492	13.0092	14.2152	10.546	4.77172	4.48704	4.3151	4.26302	4.64591	9.65288	5.09607	13.42	5.98125	7.39653	6.17476	8.14527	8.24469	7.97182	11.0063	2.47438	9.45074	7.0933	7.47305	8.01424	6.75051	2.94217	8.91436	10.996	7.08729	8.98598	9.93097	11.2708	2.41955	11.7071	11.8704	11.5984	11.3338	10.6044	8.41778	8.52248	5.18812	8.37244	6.21076	9.99973	10.7712	14.2417	14.2544	13.1693	12.4267	17.4285	21.4639	24.7947	21.6713	28.6274	20.8401	7.09377	8.39149	10.4028	9.77455	16.6828	18.2297	4.23173	14.2736	17.1355	14.6046	32.085	36.3134	20.2649	23.1799	34.305	25.071	45.7793	47.4541	17.4886	24.5703	23.2833	18.6747	17.086	11.9115	8.4931	10.0168	19.3717	24.2523	40.1121	50.3224	60.2346	64.8249	64.4702	59.7393	47.5044	19.6056	29.1066	46.1845	51.317	50.0142	38.4242	9.06084	8.41912	5.50033	7.68167	11.5028	8.57844	9.208	2.86016	5.24476	10.0455	6.93691	5.85381	10.6325	10.852	10.1877	12.2614	14.5517	11.6142	9.00375	7.91151	13.2866	12.675	7.92077	12.6146	12.8294	15.8467	16.9737	6.17473	4.3252	3.35371	3.69581	8.91473	6.93705	9.92921	11.6091	14.8776	8.21823	4.7965	15.4032	13.7377	13.9814	15.5762	11.7111	20.8266	38.2888	38.9967	29.8889	13.4619	12.0849	11.8024	12.7105	8.07575	8.09551	24.3901	35.1192	32.2309	14.9561	3.56053	7.18804	8.52248	6.20346	15.2008	4.73767	13.7725	7.07282	8.83165	11.8229	14.6084	14.9077	15.2411	28.3811	50.1092	10.6326	52.2466	36.7984	46.1203	43.3072	27.7075	15.7976	22.4172	40.563	57.6719	63.5508	75.2384	75.7198	56.4489	42.4312	34.0374	31.2934	38.5504	36.74	19.976	40.0441	63.5897	63.879	52.4251	60.1605	66.4688	67.9704	65.9382	60.0349
7.08435	6.00976	2.87547	8.73632	6.76282	10.1087	9.77364	8.06593	11.1484	9.08915	6.72113	10.2073	7.18502	4.53899	19.8775	14.5092	8.85315	12.9978	34.1644	45.6887	47.3573	46.9443	36.2873	45.7642	41.9961	12.9831	12.2769	9.96436	14.2866	27.0325	32.3726	33.449	42.7789	59.314	63.087	70.2126	71.3877	65.4671	56.5752	23.5568	30.0971	49.9205	34.301	11.0213	10.1571	9.42892	7.65806	9.83257	11.6387	8.58105	6.47182	8.8548	6.76699	7.51934	7.9586	8.02055	7.46472	7.78646	11.2863	14.6095	13.1201	9.73057	7.24982	5.09267	4.24536	4.93905	4.67101	6.42886	11.0365	7.1772	14.8505	8.8619	10.61	3.98558	7.01993	6.50802	8.60079	13.7046	5.89852	11.9295	13.443	14.3828	9.4426	4.49953	8.08011	7.46452	5.47849	14.6604	16.165	10.8075	12.5853	8.42713	6.91705	3.55996	2.76442	6.85098	9.08885	10.4803	11.7823	9.737	3.21305	5.69763	11.1302	9.79705	9.46202	7.20115	7.43892	2.56868	6.26903	12.2636	11.9658	3.39323	24.4672	24.9493	22.2373	19.8858	14.0313	21.4234	26.2275	7.42353	9.96844	15.5044	17.4279	17.3955	18.0772	29.0938	17.0826	25.0941	31.1729	13.8282	29.9153	43.4775	18.1059	24.6302	21.8468	17.3887	16.218	14.0924	10.9642	13.5771	21.7204	29.4342	43.4304	41.2932	48.2428	40.5013	19.6405	26.4772	24.6343	27.7701	28.3705	25.2021	20.3607	21.6025	18.9124	7.86984	5.24402	9.3938	16.8976	18.186	17.7559	16.9079	15.6295	16.7364	12.4829	2.76442	12.3603	14.9202	11.6021	13.2851	15.1148	15.3598	12.7021	14.8236	15.7088	15.5537	14.1207	8.00032	7.81594	4.39958	9.51971	11.6961	3.47539	5.61428	8.10737	9.80178	8.57758	6.45388	7.06179	10.638	15.3071	9.27587	2.45609	8.98472	12.3197	9.35209	9.11263	11.0367	13.2469	14.4406	16.8836	17.5234	13.9682	9.95159	11.4321	14.0975	12.1869	17.1058	40.4297	41.2806	30.1539	16.1703	8.76494	8.20891	10.4979	13.1153	15.8511	12.1127	18.8533	23.8333	26.8288	30.4148	35.0735	41.8067	51.1829	58.8601	60.2261	47.0967	53.3939	59.4815	65.9757	67.1727	65.3309	57.1755	36.8568	33.72	61.2144	63.5748	73.0987	71.0312	57.1643	61.5419	57.6024	41.0979	8.49225	20.2015	48.1641	63.5232	65.7446	57.4089	57.9462	62.2045	58.2865	58.5941	71.1187	74.1645
6.40754	6.80737	1.59363	6.58822	3.91378	10.8114	10.2094	9.38664	10.7694	12.8354	5.18708	6.46215	7.99226	8.45203	14.0382	16.0163	14.2712	8.21693	17.3044	23.1362	23.7442	29.1509	21.9766	35.5549	39.3385	10.5589	9.62893	11.9228	13.3493	23.8819	14.3703	14.187	50.9261	69.2961	70.7488	73.5094	70.9558	59.2551	62.9741	51.9435	45.0977	40.501	24.3545	9.85778	9.65296	9.64537	7.46414	10.4354	11.1167	11.9628	13.4744	11.8203	10.1855	10.1178	9.66475	7.5572	5.36334	6.96701	7.82472	8.00685	6.45305	5.1065	6.39145	5.25222	4.771	5.88052	5.88063	5.88811	10.1175	4.178	14.6714	5.9997	12.2599	2.08106	8.16344	6.90158	7.60917	14.7836	10.9265	10.0282	12.2913	12.0927	13.9987	10.1796	4.81107	3.32202	9.35119	10.3363	6.68357	6.46215	10.7848	5.24378	14.4127	15.0775	11.957	7.6094	5.69714	2.56857	1.93224	5.36901	7.13547	9.60635	10.5535	6.20223	8.85432	10.9359	9.95037	7.39313	7.68569	11.6069	12.9436	5.8604	13.0712	29.0188	36.2262	31.6068	21.7819	29.0249	25.9132	18.647	11.6951	16.7085	20.6539	24.7678	35.5996	24.686	15.8667	38.0948	39.7518	47.5665	53.3637	39.8057	3.6422	24.5732	20.6082	14.6208	12.0271	14.2708	12.1253	19.6053	27.4781	32.6786	43.7346	36.4412	35.7481	54.9473	58.1605	52.819	40.5983	22.0716	9.92284	9.21415	8.59501	13.0974	14.8362	8.62192	3.01673	12.5876	18.037	16.9909	17.0346	18.0886	22.6708	26.6413	22.1759	13.8632	15.2827	15.265	6.34982	6.5414	9.44768	8.46751	5.73569	2.95682	3.28139	9.60478	8.79012	2.0882	9.60654	10.2974	12.2875	12.4362	6.59077	9.15634	10.9893	9.4235	4.20276	5.97234	5.94772	11.4494	11.8105	7.2995	5.95035	3.45377	3.8793	8.68739	8.84129	10.4299	12.8688	9.20665	13.6465	13.449	8.2698	6.57706	4.3688	9.78303	8.49149	37.9723	49.529	34.6886	24.1748	17.0958	10.4751	6.96724	10.6827	8.73583	10.9306	12.6055	15.7133	20.8203	20.4767	16.0802	15.8398	23.7991	34.5346	42.0287	37.9145	31.6792	52.1337	66.6852	67.935	67.8593	69.9303	70.5175	68.5711	59.3419	38.0501	61.7619	74.2938	73.5596	67.2844	64.422	61.5789	56.0546	35.4281	58.795	67.6081	72.1801	73.5912	72.3194	65.5017	58.9173	67.9912	66.0008	65.6763	69.7058
4.85671	7.63149	4.31385	6.69587	1.55552	11.0355	9.96809	7.66416	6.24202	10.8575	7.98966	4.39872	5.61301	8.88128	13.6694	13.1403	9.77046	11.2788	12.8219	11.1815	12.7058	23.3935	30.0085	35.4681	28.0649	11.6058	11.5082	14.3784	12.0464	11.6139	18.7674	16.7411	57.6714	69.7844	59.7279	42.138	58.7191	69.696	61.5893	46.5635	15.9739	20.5618	15.7505	6.93503	7.9185	8.28474	7.15947	10.1634	13.3619	21.9755	28.5282	27.2347	23.552	17.9812	13.798	11.3638	7.25648	6.95994	4.84138	9.04744	9.30996	4.51524	4.00331	4.04034	5.31046	5.41237	3.64197	4.75791	7.77895	3.85986	13.7536	1.00791	13.5129	0.864323	11.2685	10.0997	10.3685	11.2837	10.4777	3.93614	6.03811	11.6844	15.441	9.92319	6.87564	11.8886	7.49475	4.9652	13.579	12.3505	7.10381	6.6475	13.9334	11.0799	13.101	9.1113	11.0154	12.2903	11.1972	7.43998	3.24469	6.1035	12.1334	12.2685	11.4402	12.2751	12.3709	12.1695	10.0429	7.99161	9.51966	11.7713	8.70971	16.0782	17.1039	23.4849	19.7922	19.9506	12.1334	25.4051	14.3386	15.3248	23.7163	14.7007	6.08891	13.4399	43.3991	53.8845	61.4071	67.6815	60.549	40.08	20.4152	19.7275	17.1029	9.09164	8.15919	12.2209	8.24258	18.1538	23.4782	29.2089	39.5219	20.3304	28.3718	34.9935	33.5731	28.2211	17.8072	4.14184	8.47693	8.7347	7.88333	14.611	16.2859	5.03592	5.36851	11.4976	14.4184	8.41008	11.1464	14.5733	16.5536	11.8482	21.3036	18.0862	18.0022	15.3531	9.64165	11.0962	9.67704	7.30512	13.5137	18.7809	19.599	20.2147	12.4624	9.32259	9.6685	11.1013	12.7552	11.344	8.41726	6.3356	2.56835	2.01519	7.02703	9.3916	8.57919	9.92188	8.82862	3.54251	3.93614	6.26786	3.17514	3.83282	7.31513	10.3309	11.0189	8.62162	4.69242	6.64312	14.8157	10.8945	6.64123	8.4118	12.8643	44.397	47.3403	20.2521	18.4376	9.54263	9.27576	3.77032	7.19981	4.55437	7.34461	10.2081	7.2566	6.64994	8.6064	12.5109	17.2769	26.3675	37.9558	49.7352	54.4811	48.6173	44.2727	61.7378	57.959	53.575	57.8555	61.7685	66.0245	70.2047	68.6468	62.1908	62.1219	61.7716	59.2832	60.8183	60.4689	62.4725	70.5115	74.9711	74.2083	72.9205	71.9272	70.9447	71.3103	70.6655	72.395	67.421	47.0974	15.2921
7.09101	5.727	4.21258	9.45973	5.79112	12.5494	13.6708	8.45078	6.81715	11.8072	10.4153	1.9086	2.8117	3.28532	7.08242	8.01078	7.01604	10.2661	14.2131	13.2136	10.063	11.2564	8.9842	8.75375	14.2682	14.9659	19.7516	27.3447	26.632	17.6443	11.4478	10.9206	55.8114	68.662	68.7383	68.474	51.2138	60.4157	67.0625	57.9175	22.3272	20.0924	14.2101	7.45684	9.08633	8.74576	9.69872	10.9209	13.8966	14.1911	24.4398	36.3049	34.9683	22.9743	16.5661	13.5782	7.39356	5.38723	8.51922	10.2606	11.4658	4.1018	4.1019	3.62935	4.15565	4.81017	6.03756	7.79903	1.83687	11.429	12.5865	6.31382	14.1313	1.63037	13.6424	10.5691	5.99828	3.76985	8.98247	8.58017	3.01605	11.4621	13.3641	5.18315	12.6099	10.1542	9.54886	11.5947	7.59248	3.02097	3.64169	8.36939	10.7669	5.93166	5.93914	6.58955	11.1067	11.253	13.7319	12.9931	10.7635	7.494	2.44313	4.59282	4.94063	7.76157	10.1668	11.4391	13.088	11.4389	8.82812	11.3092	15.1417	17.885	12.1742	13.4841	11.4027	2.27243	18.8592	24.5588	13.3324	11.6616	22.8268	12.9236	9.60296	12.777	48.5709	55.1143	56.1724	56.9366	47.7785	57.0886	19.6355	13.6283	11.2272	5.68569	8.59376	16.8395	20.1534	11.1272	18.2348	31.611	44.6067	46.8855	40.6259	28.1491	24.3616	19.8747	21.0975	12.4113	7.78953	8.50688	7.08242	18.1602	15.1605	5.14315	9.44766	8.2559	13.3267	10.9868	9.78116	14.7231	10.5924	6.47911	18.4578	17.3774	17.592	13.671	9.75926	12.3297	9.18585	11.7501	19.1248	24.436	25.4075	27.6749	16.6372	8.47649	7.23192	11.9119	13.7243	8.13526	6.44533	6.03026	5.62558	6.71294	8.28399	9.38459	7.88075	8.16198	6.33004	2.89526	9.18603	9.7593	8.24714	4.32376	2.34991	7.98897	9.14186	6.5873	7.1195	10.3988	12.8239	6.77152	6.08871	11.3632	14.7665	41.2836	45.4552	25.9932	21.1009	7.10955	11.3068	5.2625	4.48513	4.94063	7.84177	9.28726	4.0727	5.4743	11.9122	11.0697	7.81419	11.7787	15.2325	24.2553	30.3846	43.647	60.4549	66.4501	54.109	15.7893	21.5796	33.6747	52.353	66.6388	72.1069	72.4901	70.4057	62.9487	48.8765	48.5115	55.3644	40.8241	59.1414	66.8878	65.6323	68.3672	69.1597	66.1426	66.7257	66.2286	65.0929	51.3206	6.74546	29.8334
9.42245	5.59118	5.7266	8.41558	9.68441	10.5045	14.8615	8.57918	9.22144	14.7142	14.7543	12.4593	8.4157	6.4675	11.1261	9.45887	4.1483	3.49543	13.2208	16.948	9.42654	7.05912	4.65971	5.55665	15.5154	25.1615	37.5992	50.4872	57.3657	56.5946	48.8064	43.2836	44.1403	51.0622	48.5126	55.6332	68.0056	72.5094	76.0854	70.9366	51.3065	37.7998	23.3311	28.353	46.8071	52.0619	41.2233	23.3372	16.6873	10.6224	21.0268	18.3612	37.8289	26.1906	17.6679	14.5475	11.6925	16.0693	12.5188	13.1787	12.5549	5.04692	3.66157	4.63407	5.25329	4.21195	5.12523	6.9334	4.32667	14.3137	11.4465	13.5776	20.478	7.63008	10.8017	14.4287	14.9309	11.5171	6.71875	8.91663	4.03959	14.4586	13.1448	9.32087	12.0194	5.81072	15.4146	10.3329	5.12552	11.1673	13.5563	10.8666	3.79703	6.88266	3.78537	6.76447	13.5692	12.6974	14.124	15.2304	13.767	13.6357	8.94946	9.25858	10.5415	11.4406	9.6623	5.70343	7.78875	8.30412	7.91711	12.6553	17.9363	19.9117	18.7149	14.4167	10.2444	11.4316	16.5833	17.6124	17.4893	18.9884	18.0551	7.10851	10.7555	12.4282	40.2985	57.3065	62.163	60.4597	59.4976	59.049	27.6226	19.1521	7.35763	24.5478	41.9462	52.1523	59.9553	60.0878	47.8853	24.6909	6.69238	14.0816	6.23593	1.59309	8.81881	13.3673	20.6271	11.9389	8.99905	9.75801	7.09001	17.187	10.8765	13.8984	17.0075	16.18	14.5187	17.3517	15.5114	11.9347	5.70314	13.5064	14.9703	14.3213	13.3743	10.7222	8.42378	10.4935	9.36112	19.123	25.1611	25.5988	24.8304	31.5839	21.7691	8.14191	5.41113	9.4585	12.0623	9.63831	5.73439	6.71875	9.11073	8.82699	8.13969	8.73975	5.62504	5.35086	8.74516	14.8715	14.9063	13.3926	14.0191	11.8461	10.6987	2.591	6.21924	10.3484	12.9228	5.8284	10.7222	10.1767	4.15522	8.53329	11.6918	34.9326	43.294	31.8981	26.0971	13.943	4.45178	12.881	11.4283	10.5415	8.6198	4.63407	5.89156	9.16155	11.9252	9.22766	8.09897	11.007	14.7582	17.9598	17.1763	31.5301	56.8408	69.7797	67.3836	65.3258	66.142	62.1906	59.0146	47.54	24.4118	41.9708	50.1289	55.8905	56.8249	51.3852	48.4422	29.8782	56.8298	65.9356	58.9427	61.9587	59.3293	45.2127	49.5651	52.2223	40.4334	16.5961	45.2661	50.6889
14.0874	12.1893	9.5158	7.76777	9.10835	7.77693	13.8179	12.5123	6.54133	13.416	18.2458	20.8012	18.2928	13.675	14.3147	11.6501	10.9853	11.4704	10.7611	13.3823	10.2933	7.17954	8.44185	13.4939	17.2237	23.6966	38.7455	55.4171	64.6397	72.3358	74.8419	74.1838	72.5989	72.87	72.5186	73.5356	76.9138	75.2552	79.1747	76.1711	63.4911	53.7094	48.2636	53.9937	63.5495	64.9169	62.0672	39.5903	39.0943	52.778	53.5974	43.9912	48.0692	43.2361	33.6334	23.9844	20.4475	17.2722	13.3106	13.8218	10.8071	4.83998	5.85817	7.06893	11.4963	15.0359	15.6947	15.6532	8.14115	13.6011	11.7232	6.54133	19.3491	16.8053	10.1819	5.00222	4.14787	10.26	12.3137	11.0931	9.69095	10.1517	10.6586	12.836	6.87366	10.2429	14.3352	10.1265	5.50549	5.51606	9.29038	12.6377	14.2804	9.71034	6.11396	9.80107	11.0927	7.0167	6.44413	12.036	14.0719	15.2279	13.5679	6.04854	10.7011	18.6685	25.8895	27.1893	24.1164	19.1484	10.9386	2.59638	8.76049	12.6696	11.0933	8.36812	10.2434	13.9288	13.5053	11.1425	10.7011	11.4994	4.47454	10.801	16.5767	15.4978	24.3141	39.5726	55.5739	63.5231	61.5315	53.1633	30.2924	22.3561	16.4689	39.8086	37.4942	44.7139	48.4936	51.6076	51.3323	43.3776	43.4184	49.0224	40.7935	26.8423	34.6355	36.6022	27.5722	10.3974	7.98737	8.73887	7.99655	14.8967	9.0846	12.9515	13.1362	12.9165	18.3827	20.4304	16.4471	8.56516	13.3449	15.2103	11.9978	9.92469	11.1846	12.1794	9.38893	11.3812	19.2677	24.3318	21.5587	10.2937	16.0334	27.5629	21.1733	11.8767	12.5084	13.6738	14.9975	11.4367	6.15214	6.45054	8.18869	9.99237	8.91573	6.78757	6.93304	10.1833	16.9002	18.3601	14.4153	13.2064	13.7945	10.7615	11.9014	7.77676	10.0239	15.6758	9.25144	5.11632	8.53757	10.3595	7.84019	11.1694	9.66528	36.4239	42.1141	21.4395	17.7018	19.1312	12.3226	10.5298	14.1295	12.4581	4.87645	11.9796	17.1301	15.5243	12.4454	7.32903	7.25283	7.53146	8.57854	10.8443	13.699	23.6281	42.206	64.6102	70.3781	71.6769	70.9028	70.7753	73.4591	74.9681	73.925	71.5095	68.2712	63.4309	61.9884	65.1892	69.9879	72.6132	71.9997	72.3307	68.0177	64.7977	56.6554	17.2713	8.51761	15.8178	18.1319	30.5823	34.0171	30.548
15.0516	12.3266	9.36387	9.76675	9.99315	7.90075	13.8258	11.3659	6.106	8.5219	12.5085	12.6684	12.0638	10.9076	10.7841	9.18337	9.45569	11.0358	8.91542	5.12426	8.99407	9.62414	12.781	17.5176	15.3627	13.6923	29.9478	55.7648	65.6909	70.5552	76.1027	77.0675	75.0094	74.0263	70.2656	68.7026	73.0827	54.6055	77.6962	76.616	62.8058	51.0641	56.3257	63.0161	61.8526	49.3302	60.6642	34.9224	52.3865	61.9556	55.9777	46.4602	33.0483	39.3776	33.9693	22.8801	6.82808	14.6273	15.6029	11.9698	8.91498	3.93836	8.18837	11.5736	13.1514	13.0013	12.0592	12.6527	8.59111	10.1028	14.0228	2.39942	12.6361	18.0848	19.4141	15.8776	11.0048	3.01527	9.87345	14.7553	14.6063	5.73323	3.87759	8.28162	4.10071	10.7481	12.7976	10.9722	4.14747	2.42408	10.5486	9.49778	10.1598	15.9891	15.3835	7.69162	7.01608	10.2925	8.34982	4.02757	7.86584	13.7931	16.0423	6.42511	12.0972	21.7451	14.676	17.6141	33.0323	41.4912	40.33	26.7778	13.0249	8.20425	7.2277	1.9314	8.82535	11.5365	5.01939	11.29	22.8803	23.8137	7.22963	14.7177	11.1737	13.6156	17.6202	15.2554	23.5453	39.6321	41.2247	30.5878	15.0516	15.5578	20.164	43.1793	41.5127	28.5063	26.9912	38.2699	25.5726	25.2273	51.9496	52.8368	48.8469	34.6962	51.4334	50.2915	41.7014	22.6647	8.13817	7.56705	10.3821	9.96567	5.34438	6.87266	13.1434	9.34492	8.99736	10.0345	9.8891	3.01527	16.7153	15.0266	12.2306	19.0699	20.9646	16.2483	13.0792	16.7248	19.8749	15.1855	2.07996	12.9043	18.3573	22.8247	18.2974	4.70927	7.87873	11.4333	14.8323	14.2254	8.44113	8.89555	10.1128	7.87847	4.36672	8.61827	9.57815	10.9075	14.9233	11.1421	8.61829	10.3257	9.66445	4.35306	12.4168	9.08829	10.7533	15.0835	8.51646	4.48392	11.1241	10.9307	12.2818	12.1195	9.93563	46.9699	49.0086	30.3659	20.519	18.0199	15.7337	4.35306	1.2579	2.08712	14.4589	16.8825	13.4448	13.5629	10.4743	6.5407	4.76863	5.07214	9.43263	7.12391	2.85811	11.8183	17.8862	36.1709	46.9649	46.0625	40.5182	44.1635	57.5669	64.6824	64.695	63.0943	65.4435	68.8834	72.7192	74.827	75.774	76.3393	76.3543	75.0222	70.1176	60.9462	35.4677	28.2959	44.3413	43.4032	30.0516	27.0685	45.133	51.2953
12.7627	10.5113	8.25132	9.93477	11.3025	7.79619	13.1506	8.4627	8.25437	8.97086	6.82105	10.6979	8.09659	10.4174	5.88986	4.52608	5.78608	5.88977	7.01576	5.92474	5.64172	10.7044	15.2289	18.413	12.6876	12.5847	27.1319	56.6762	70.3194	70.4998	64.7055	68.077	70.7676	70.4871	68.319	69.4149	67.6773	28.395	76.8392	75.4599	57.8046	47.1151	63.1071	66.2132	57.0737	57.7091	56.9093	37.6951	60.6644	47.7297	59.1906	58.4128	42.7417	37.6755	26.6723	16.3376	12.2013	20.012	11.9026	8.67728	6.40383	7.6282	9.68778	11.3592	9.12601	7.18029	8.99636	9.70791	7.92185	7.10647	17.4595	11.8175	15.17	14.0104	10.799	9.28855	8.06763	7.45986	4.22849	3.59081	9.41768	8.65054	6.55789	7.29559	5.85474	9.93477	13.7715	9.79491	7.37927	7.92774	7.08791	13.0679	7.53544	4.53608	8.4133	10.1926	6.06464	5.24055	6.33217	8.96741	7.00074	9.59952	15.2567	11.1151	7.83127	21.373	19.693	19.0706	45.3073	55.0302	58.5025	49.784	24.3746	10.7476	8.0371	5.51237	10.1498	10.1231	7.56679	9.11915	16.7248	26.3238	5.36575	14.5828	8.7884	10.2453	11.4247	16.8162	19.3888	18.5306	16.5086	11.6407	12.5681	21.434	37.0295	51.5054	50.9842	38.2008	29.4617	30.7545	18.2895	32.7503	44.987	24.1258	45.647	33.7298	48.3716	26.0797	42.3822	30.6662	11.6148	11.6088	10.1697	4.0893	4.76831	2.98025	11.3447	12.2254	9.08105	7.60861	10.4729	1.76164	13.8304	13.9708	23.479	27.0708	30.0192	20.8631	19.8276	18.6649	13.2859	3.72493	7.22886	9.12071	11.2128	16.8467	17.2467	7.06733	9.83052	11.9221	15.5738	15.6014	9.6456	7.86467	8.42138	6.02552	6.93178	8.1325	8.61236	7.9	11.2785	6.20597	5.70179	10.9917	10.5529	7.16386	12.5245	6.93141	9.04765	10.7469	9.86925	8.71058	7.91447	7.8052	13.0774	12.0578	16.6272	51.3097	45.415	6.3279	3.29771	10.9294	13.3175	4.4737	10.3817	12.9357	13.377	12.8798	7.76593	5.025	7.29369	6.3114	8.57487	10.9296	12.9138	10.2919	8.84953	6.20586	5.92936	11.3375	13.2015	9.2387	8.57487	12.0529	30.7617	46.4588	51.9744	50.6158	25.3224	30.3391	46.7408	46.4385	43.3657	48.5483	53.3199	46.4143	24.5642	6.10533	21.9816	49.8974	50.4926	50.6518	39.6235	41.7977	64.1524	68.0961
22.3695	15.7315	12.5898	12.4701	12.251	5.55987	12.6192	10.1265	10.5954	10.8215	11.2629	20.5283	21.915	16.725	13.4906	7.65986	8.08836	4.52574	5.77307	11.8416	14.1935	10.3253	12.8788	16.8186	13.6455	16.5846	30.3378	60.8176	70.8883	70.3415	66.3498	50.5949	71.0801	75.6273	76.1938	75.0605	60.5365	66.837	74.5695	70.5122	59.0124	70.1707	74.319	73.4103	71.9355	73.2911	70.3605	70.3259	68.8329	53.7876	69.0484	56.5519	27.6761	28.2612	22.2935	15.7005	17.8675	18.3254	7.53474	5.78838	12.9183	16.7814	18.5547	18.949	16.7217	14.4478	10.4719	8.36539	7.71453	5.51446	20.4785	14.8489	12.5442	15.6723	16.3475	15.4709	12.9988	11.1145	9.78986	3.91118	9.62237	13.5843	14.052	13.1416	11.0646	9.59117	15.1123	10.3681	12.0198	14.5059	9.49194	5.97578	10.5954	11.9762	8.7434	1.96926	6.23612	9.26931	7.48449	7.45302	9.10565	4.9353	13.3653	12.6901	6.77507	13.8022	16.3886	27.2056	48.9326	43.3106	27.3923	45.7554	47.4957	35.5053	16.0967	11.9491	11.784	13.15	11.5115	3.17331	14.8102	20.9908	8.65525	8.05951	11.7625	15.2069	14.808	7.69021	3.78783	6.19816	8.15813	11.5905	13.6614	28.5673	50.6113	63.7116	69.0947	70.6076	68.3287	61.575	49.87	50.1306	48.605	36.3603	42.8142	15.731	32.9806	35.865	43.2923	29.8462	9.59844	7.22031	12.5442	13.4661	10.2838	8.52033	9.44151	11.6876	10.9908	8.84838	10.3292	9.13756	16.0273	30.5714	43.3546	42.3262	44.0062	38.545	33.0078	25.3767	15.2683	12.168	12.6901	10.8216	8.41211	15.7626	18.6005	12.6558	11.1526	13.2364	15.4016	13.5477	8.08836	4.76767	5.93632	7.067	11.2225	10.1226	10.1789	5.18365	9.62237	5.31837	4.68966	12.3319	11.0642	8.53526	13.5434	4.80171	7.31063	8.88899	10.6113	7.49009	9.59844	10.7686	12.3159	10.307	15.3404	46.3257	45.1545	32.4114	24.9147	22.9519	22.3018	21.2679	19.96	18.0087	12.4332	7.13059	11.2472	8.08836	6.15783	10.2403	10.7263	13.1402	14.2925	10.8938	4.87827	6.81369	13.3075	31.9711	53.3369	65.1997	69.0347	68.4207	70.4013	74.3258	75.1832	74.8939	73.6557	72.5444	71.1781	70.1448	63.586	47.2608	27.2443	17.7031	19.8895	27.1362	41.9155	53.1121	45.8262	55.1782	63.1639	67.7026	69.8306	67.3849
23.2363	12.7823	9.01758	11.6962	13.2776	2.24482	11.8398	12.0379	10.0774	8.51413	13.7601	16.5886	18.8942	13.892	11.5004	9.86945	5.77256	1.8358	8.91244	10.9277	12.1201	9.97209	6.32642	13.1799	9.94996	16.2048	35.1788	66.2707	70.7628	65.8177	65.5948	65.9051	69.2704	68.7523	68.7892	63.1621	70.8343	75.1617	66.2493	59.2198	54.3885	67.7357	68.951	65.7707	67.756	72.451	66.5716	66.3708	59.2168	61.6463	71.9771	62.1621	22.9179	16.7867	16.0524	18.3676	17.0928	11.9559	4.9348	7.60555	11.4116	12.8392	14.4755	12.9172	16.4629	19.5312	12.2267	7.16253	6.93009	3.55693	20.573	17.7716	6.15009	10.4769	14.3095	14.5525	11.6651	10.2771	9.477	4.74237	8.04241	18.2959	16.5274	8.47182	10.0632	10.5239	11.5331	6.48481	8.62931	10.1385	8.74408	3.11147	4.02298	9.79784	10.1654	9.94296	6.80859	3.71629	0.488652	6.20448	9.56146	3.49373	9.11903	9.87055	5.7879	9.65721	10.1155	19.8924	44.684	54.377	44.5265	13.0153	41.31	44.8464	17.1026	12.7338	7.09925	8.36502	10.8206	10.4222	15.1865	18.3948	14.2023	4.31436	9.75383	10.3453	14.1431	9.9715	5.60697	6.28005	9.14127	13.8687	14.8914	32.0207	53.8859	69.6391	71.9043	66.2808	67.1993	61.4337	38.2796	48.5308	45.7723	48.7097	46.1856	8.92565	23.5726	24.0074	27.9358	22.7158	5.09098	8.96629	13.0214	13.6119	9.10508	8.58898	8.74099	10.0075	11.5796	9.8165	10.4874	11.8722	12.4715	33.1391	37.098	33.3672	37.1581	32.9427	25.0617	20.5011	19.0459	21.4762	20.2345	14.9961	10.623	18.0237	20.8504	12.9726	10.2686	7.51282	9.42064	8.22287	5.16296	2.07935	3.27891	6.11168	7.96281	6.44843	7.95165	3.45536	7.78507	7.6587	1.56406	12.558	11.2209	7.77009	14.0071	4.04111	6.82578	10.3323	12.6986	6.70911	13.3858	13.963	4.03749	9.67987	17.5584	38.1486	42.883	32.0242	24.0854	23.3836	20.6203	17.963	14.583	12.8425	12.135	6.84765	12.7819	8.53442	3.16836	9.96011	9.77567	11.3032	14.8995	15.1771	12.5962	14.5454	17.1926	44.2267	62.603	68.527	68.8971	68.3124	71.3901	75.1082	74.6923	73.9024	72.3107	71.5162	69.3094	70.1202	69.0188	59.8797	35.6563	20.0758	15.9277	25.7657	40.2869	41.2249	41.2202	38.3917	57.0617	65.2239	62.1684	59.2015
26.9996	12.317	7.22685	11.5234	13.6779	2.34832	12.1147	13.9664	10.781	6.11093	14.4429	8.28001	10.903	15.3106	15.814	10.4552	5.96511	6.57183	11.112	10.7492	3.22368	5.64018	4.25873	15.1937	14.0737	13.2889	32.6047	67.6801	72.7341	66.2025	59.1447	66.664	71.0093	63.469	31.1566	44.6569	75.5777	75.3967	59.0951	54.4728	47.4396	60.1205	61.0047	52.9125	52.3883	67.8906	48.9841	43.8008	47.8057	64.4803	71.2575	63.4367	22.65	11.2298	10.3891	11.2097	6.7562	6.77346	3.55671	8.20089	7.60265	4.1671	4.3104	3.97065	13.1458	18.9384	13.8116	8.94402	7.75812	4.85287	20.7043	18.1084	7.97819	7.91273	13.773	14.9331	10.8127	10.9342	10.3781	5.96719	5.72301	19.0298	18.2195	5.52149	8.61453	11.3153	9.59067	5.32037	3.14916	6.71477	5.80737	7.40463	5.72315	3.87592	4.92828	8.38963	9.54712	7.25144	5.96756	8.28016	10.6375	3.39878	4.4821	8.07781	5.4461	5.93508	7.49839	7.48275	20.2378	27.53	30.3489	40.9808	9.71006	43.6151	33.3775	19.0416	6.55601	3.81829	8.13683	7.19434	10.5634	13.0705	17.4094	8.17239	5.60076	6.54916	20.6501	16.2818	8.21541	6.54936	7.37883	11.0105	14.7491	32.6946	51.536	71.0066	72.8809	38.7162	61.6246	55.842	39.4611	42.2396	34.8859	52.5279	53.5126	43.1868	32.137	15.6687	21.954	18.3282	3.42492	8.48772	3.82997	12.6433	6.23457	6.21814	5.66384	10.4333	16.124	15.2039	15.7182	28.2665	28.3451	24.5612	21.6244	25.4538	30.7264	30.203	24.2573	22.8891	22.9113	23.7281	21.0477	6.36525	7.54533	16.9741	19.1602	9.56657	8.75945	6.91884	7.86058	5.72301	3.79873	4.17088	3.71591	5.84525	5.13957	5.87529	6.60698	3.82981	5.94501	7.30513	2.62939	14.1066	12.3295	8.08675	12.0926	3.28311	7.29325	9.2312	13.3761	6.92939	12.4527	10.0563	5.01763	4.90144	8.68988	27.3859	33.4677	17.4154	11.3415	13.8843	9.51267	10.6219	11.321	9.79852	12.268	3.58977	10.3437	9.10408	4.14226	5.92765	8.13866	5.07019	4.39557	9.0658	12.7882	18.188	19.7871	49.616	64.1725	62.2488	38.4051	42.6455	64.8923	68.2452	54.8301	45.5771	50.5002	60.2133	54.7522	64.0357	69.0115	59.1218	34.3225	19.2826	12.6186	33.6319	47.114	43.4709	43.907	39.9368	47.3815	58.5631	55.5449	52.7311
32.6868	16.9726	9.72651	11.9171	12.1819	5.23874	12.9572	13.5683	12.8047	7.74642	9.7398	9.12205	8.43582	22.0071	28.1241	21.4582	11.9318	12.1559	10.2808	8.29864	5.26953	6.01112	7.19611	30.0632	35.8258	28.9923	20.9521	65.0626	74.4449	67.084	53.8374	67.6078	73.9689	73.1038	60.7256	60.9303	74.9679	71.629	66.1192	63.4455	55.9129	64.5843	70.2255	70.9243	66.4408	69.9961	63.3811	63.6415	64.8502	65.9421	67.7947	56.8617	21.1335	10.7589	8.77847	9.28025	7.45675	5.84473	7.0546	9.17906	6.03296	0.712151	6.16086	9.32866	10.6085	13.1985	12.629	10.7946	8.83272	12.0919	22.8408	12.2646	9.20228	8.64746	12.3026	17.6503	13.9339	14.1328	12.9829	6.21758	3.85646	14.997	16.592	8.41843	3.55626	9.26785	8.40982	7.48245	6.15606	7.62502	6.63773	9.47548	10.8013	3.08694	4.39499	6.15581	6.04512	4.86471	2.78296	5.55276	8.75557	6.55539	3.45469	9.32231	10.9748	1.20892	7.62681	8.41826	17.1547	22.8994	26.4506	38.7266	37.8123	40.8129	56.0734	43.8374	23.3354	11.5864	10.6486	10.1659	12.3284	12.7697	18.2216	9.1473	10.5437	14.3879	26.6716	19.6173	14.8966	14.5161	13.9105	9.3038	11.712	31.5919	46.6587	69.2125	72.1649	39.4998	47.0533	53.8195	56.387	49.161	45.5275	52.4713	54.9863	61.3699	62.0631	42.5551	23.091	12.4505	6.69046	8.40468	4.36136	12.7062	6.95208	6.88013	7.38812	15.7037	29.0262	28.8739	27.616	42.1573	40.0097	42.6574	40.472	39.9674	37.4726	30.3842	21.6957	23.4852	23.6196	21.9019	19.4782	11.5851	12.313	16.6187	14.8961	6.68797	8.65237	7.78363	5.78392	4.93402	6.93756	7.07114	5.78671	7.38615	4.43203	7.16119	5.77124	4.47196	1.93045	5.23874	7.0546	14.2604	12.629	8.65419	6.54851	5.98659	9.43285	5.00826	11.0866	11.6747	11.1186	6.64413	5.31705	6.25519	14.1803	39.1872	41.4035	25.832	12.2651	6.11057	19.7094	23.7093	22.4503	16.3798	18.0002	9.04424	8.4835	9.18979	7.69523	4.59913	9.10319	7.01297	7.82875	12.4395	16.1673	18.161	20.9042	52.2587	65.2782	61.6481	46.7188	39.9449	62.8337	63.185	47.2895	40.7823	41.0506	56.2268	55.8125	67.839	70.2664	55.5671	36.8057	34.2176	27.8169	53.449	61.9636	58.3331	58.3777	61.5914	65.0432	64.8963	55.2945	41.6969
47.2568	25.6832	12.2474	11.5374	12.4507	7.83549	12.9935	12.3466	12.787	7.98408	8.65353	13.2458	17.7672	21.491	27.911	33.7159	44.3705	46.4666	36.3624	20.3606	15.7465	12.1132	11.0027	49.2317	53.0313	52.1339	39.8994	56.9666	71.6157	68.8417	62.4286	62.1256	71.658	74.7643	57.3097	62.1719	73.6526	69.2878	69.7613	67.839	50.644	63.967	70.5474	74.7298	74.9961	73.0831	67.0331	65.138	66.537	63.801	60.3289	44.9533	19.7066	10.2363	8.51153	8.7545	6.54788	6.95382	8.82083	3.65893	4.62442	11.6873	13.8587	14.4857	14.3861	13.596	13.2574	11.5411	6.71364	17.4124	18.7005	1.93031	12.3013	13.8492	8.40909	13.8818	10.2864	13.3737	12.6244	7.29214	5.27206	12.9042	16.0098	9.069	5.9935	10.1227	6.78324	7.41724	8.81088	8.70687	6.50107	6.90306	12.2866	10.3216	6.06177	4.09826	4.77823	5.51244	7.75505	5.78621	3.79412	7.21733	6.58354	3.62621	11.4316	8.4351	6.36636	6.34307	14.4848	16.235	15.3615	25.615	51.761	39.5795	33.3167	46.812	49.478	50.6267	49.0387	42.6254	32.9644	23.5053	24.2732	12.6289	13.5792	14.0229	37.6444	37.2959	35.127	20.4099	18.413	24.7092	34.4485	38.6225	43.3017	67.1774	68.7445	51.8287	14.5872	27.4326	25.609	27.2931	39.6982	49.6055	27.6179	18.6665	60.9198	49.2672	20.2803	13.457	13.2296	9.42605	8.06586	14.2179	11.7306	7.99157	9.48805	16.4711	27.9318	12.9388	14.5418	39.3131	37.2268	41.8202	29.1307	42.6367	43.1143	34.0492	15.0102	15.6693	13.809	15.0489	15.7208	11.1213	7.67757	11.7303	10.7222	5.34134	7.80713	7.67171	4.52416	7.67222	7.01451	5.68341	4.92768	6.08341	1.76075	6.97855	4.64012	5.02253	8.72686	11.2889	11.9214	11.7688	12.8447	8.60806	1.70057	8.46896	7.57263	6.08838	4.14497	10.2867	15.6603	10.8844	4.64037	10.2697	17.8241	40.7331	35.1813	6.47396	19.4219	25.9446	23.6602	19.3532	17.1477	17.9201	19.3819	17.1477	18.3565	18.8891	11.5219	4.93344	6.00294	4.13789	5.82396	10.6944	8.23457	16.2067	22.7597	49.6029	65.0111	67.9911	68.8557	69.4636	72.2034	73.1291	71.3563	69.3191	68.7717	72.3071	72.8473	67.0651	58.5913	65.4685	68.3614	69.5119	69.1713	69.1545	69.0444	68.4421	70.3228	69.4563	63.3846	43.2468	8.03662	14.2597
58.2005	38.8115	13.8987	13.5936	13.1183	5.75252	12.5613	12.3183	10.9313	11.2383	12.0979	16.7742	21.159	23.067	26.0834	46.711	58.9317	57.1255	50.5537	30.3478	17.6031	13.3689	13.8174	58.2965	58.3535	56.5118	53.0988	43.0718	64.8372	64.3822	52.2776	48.7606	75.0371	78.2443	52.2094	69.0647	76.1777	74.1301	69.5257	61.6356	35.107	48.2075	57.4799	65.4913	69.2465	66.6693	58.7825	54.4797	55.7676	55.6348	48.7391	30.6831	14.8007	9.54742	8.73893	8.61239	9.91352	9.91643	5.46911	7.11277	10.7993	12.0315	10.9004	10.8874	12.5618	13.9711	13.7553	9.51002	3.8172	17.6716	19.4358	12.3108	12.5213	14.0228	6.78259	11.7279	9.64177	11.7591	8.00323	5.62834	6.0221	13.942	19.3169	11.5939	8.14925	11.9435	8.68783	6.36593	7.41627	7.06982	8.13669	5.82363	7.99811	11.6536	11.2072	6.81713	6.71305	6.61417	5.77275	5.26865	7.16018	7.91029	5.88625	2.19705	7.45562	11.117	9.04301	3.98065	11.6507	13.2025	10.9302	15.2212	41.3085	51.6301	30.6489	47.4502	57.8673	55.2525	50.1309	45.0452	37.8528	23.8618	28.5717	16.0253	13.4026	12.7071	46.5808	36.9246	36.8897	22.8759	26.0148	41.5617	53.3382	55.0323	56.3578	60.4739	54.6319	59.1882	51.4357	32.8573	44.1297	40.72	46.1527	51.2762	48.7539	57.1672	61.0773	40.5888	8.40827	18.4141	20.2206	15.8837	13.143	15.8775	15.5701	14.084	13.2481	16.7241	20.2396	14.867	18.7533	42.214	54.5218	39.88	59.0716	57.5834	48.9966	34.5084	15.2774	8.98015	11.981	17.5494	18.6263	13.0394	8.13283	11.3722	9.47345	3.76636	4.76541	6.1666	4.47113	5.08637	5.94097	5.17827	6.16684	3.34937	5.66204	4.70616	5.84607	8.15424	7.89554	6.14772	7.01173	9.63013	11.6508	6.79967	4.89687	10.0891	5.70086	3.87502	5.06603	1.93011	8.73737	11.6025	9.58219	11.8546	18.011	40.2479	35.2306	30.3806	35.5696	27.2426	17.3716	11.0964	12.4764	17.7816	17.8343	23.5078	24.1	19.4539	12.2123	9.738	4.58845	7.3768	15.9844	15.7217	9.96822	1.42382	15.6527	35.6193	53.1816	64.196	70.2296	72.9052	75.2817	76.914	77.0884	76.3978	76.3937	76.4124	71.5397	56.1413	32.9488	65.6658	73.5203	75.0793	75.1195	72.9427	69.387	66.4214	61.8905	50.0157	28.826	13.4595	6.58298	3.24115
59.9257	43.9977	12.0547	11.8535	13.1959	2.58853	14.5914	12.8534	10.3883	13.454	12.4213	11.4541	16.6697	20.6906	28.5326	53.5975	53.2775	52.4485	57.2699	48.4532	28.552	12.8688	16.3777	57.97	62.3363	41.3113	55.834	56.3583	64.7062	71.6297	66.8905	60.6704	70.6965	77.8426	54.8977	72.9006	77.5896	74.8265	61.9533	50.2498	41.4455	48.5871	35.1763	16.2981	14.9899	22.4657	32.5213	33.1396	25.5328	19.2706	17.6106	13.6621	8.29448	6.84832	9.89369	11.0212	8.20706	4.8995	5.37867	10.0881	10.8806	5.82281	5.55129	5.92545	6.07964	6.05064	5.13756	3.82854	7.35068	5.77211	12.0968	11.7418	14.2921	14.8572	3.55541	9.95818	10.2497	9.27759	3.85531	2.95321	5.63808	13.8544	18.9644	7.54203	1.70016	7.75361	10.1226	8.04079	7.49979	9.95883	11.421	6.27707	7.67644	10.6982	10.4173	7.56154	6.64225	5.72097	4.47385	6.63559	6.64241	7.87284	7.76122	6.84441	7.6708	9.56363	11.116	8.52576	6.42469	8.44168	8.94072	8.64991	19.0474	53.3997	64.3871	55.4783	46.1487	41.0658	44.0519	42.733	38.8846	19.7864	26.9595	15.3469	20.3735	21.9856	41.6407	38.5504	18.6826	19.0054	44.0349	52.2658	56.4124	57.0195	60.9289	60.1453	51.0502	57.8061	54.6979	39.0337	49.3901	43.3473	35.0892	25.828	18.3496	28.2153	31.7772	12.6795	23.7254	33.2415	31.5269	20.8684	14.0457	16.3158	18.1404	17.2852	13.0389	17.8229	22.4441	28.8549	39.0914	51.0975	58.841	30.2221	68.3179	59.0868	21.9042	16.8073	12.8724	8.51049	4.15127	19.6626	22.6254	12.4087	8.14802	9.72226	8.44355	7.28889	7.01105	7.64782	6.99649	5.47943	7.28659	4.79917	1.86722	7.98065	8.34341	2.18324	5.53277	12.0303	9.39818	8.66044	7.74046	6.69484	7.90927	5.73115	7.3502	11.5974	5.13765	3.55524	2.44067	4.7028	4.1976	6.6355	9.56299	12.03	19.6784	36.7554	17.4485	23.6062	18.9265	9.21901	14.0448	12.4076	12.8141	11.9125	2.67881	8.51039	10.0319	5.31559	11.5839	12.0673	6.71228	8.13556	13.9564	11.3162	6.71252	10.4229	7.67614	20.5939	24.8113	31.0772	43.1479	53.662	62.5961	68.761	72.0216	72.5591	70.3537	58.4298	44.8783	54.8984	61.1899	63.6138	61.7729	64.895	65.2146	63.298	56.7384	40.3233	12.8897	10.3569	18.4431	26.468	23.6818	13.9301
62.3682	44.4379	12.1334	13.1016	13.4741	8.73907	21.3498	15.6794	12.1409	14.739	12.6818	9.69935	11.9408	19.1745	42.6312	55.5644	46.1218	54.9085	64.5728	60.9504	36.1352	14.8241	19.0272	51.2467	64.5335	34.0335	47.3889	63.2583	62.9649	68.606	62.6041	31.3817	55.7451	74.5712	60.6103	71.7433	74.768	70.6456	56.0585	54.541	48.7301	52.7558	41.8488	18.1544	13.4416	16.7842	16.5279	10.6551	9.79201	13.1093	16.307	10.7111	7.59938	10.234	11.3668	10.4163	8.5754	8.11165	7.38518	9.87641	10.9214	8.37406	10.1104	13.0649	11.159	5.11985	3.9312	7.33593	11.2366	13.6543	9.58515	0.880352	13.6607	16.0089	7.48553	10.0873	9.86477	6.23159	3.48761	4.00958	6.00881	9.3061	15.659	10.7551	7.6012	2.34711	5.49228	11.2164	11.1188	8.02026	11.8938	7.62431	12.648	11.5738	13.7694	7.37526	6.04028	4.26348	4.47997	7.37326	7.1258	7.40113	7.70965	7.48553	8.18148	8.5385	9.99209	8.99969	8.46698	7.49903	7.99623	9.61593	21.9295	63.1954	66.5301	32.2446	48.7463	57.6693	54.7098	44.553	37.6847	24.3162	17.8255	9.59255	31.2165	39.2193	45.9841	35.8358	15.9967	26.8928	60.5026	60.9773	60.6839	64.1148	63.431	56.3674	55.5282	64.7672	60.6187	51.7889	48.9252	39.9757	41.1432	32.8403	26.5199	31.1394	29.6288	15.5276	48.1058	50.8334	49.4092	29.8066	20.944	30.4643	41.4648	46.7095	39.7678	21.4195	28.37	40.3671	42.2607	34.7948	48.9253	46.7179	66.2702	58.6349	29.2808	20.5823	11.7275	15.2356	12.6757	18.4112	21.4374	11.2134	10.1621	8.80809	6.36453	4.16874	3.45339	6.54635	7.76053	6.00887	7.9324	4.73023	6.55291	9.50193	8.08294	5.80478	4.03533	7.1482	6.19164	5.4707	8.40148	10.7551	11.0094	7.44801	8.7899	12.5809	3.6374	2.24341	2.47056	2.96804	3.90859	6.61287	11.3001	15.8842	27.5688	22.7863	20.255	24.4921	13.1278	10.6045	18.556	14.0385	12.6385	11.315	2.85563	10.9291	6.54635	9.538	12.2747	12.8671	8.84239	5.40273	9.79189	15.3833	6.47176	11.1684	10.3505	9.35541	12.8999	12.1469	13.4235	19.8059	31.5926	44.7277	55.0882	60.5439	56.9387	55.443	63.8649	65.7413	65.9348	63.1539	48.496	33.9835	33.0457	26.6466	12.6878	8.24659	10.1499	15.5179	14.6993	15.5266	18.2463	16.2667
62.7579	40.886	30.0452	27.6327	16.0644	20.1223	32.3436	25.1159	20.4277	21.2208	17.0774	13.7726	17.3916	27.4162	49.4694	55.2887	41.455	32.4005	54.9226	65.5495	31.3218	25.236	21.9197	40.8223	59.5675	55.4771	53.0609	51.8587	43.8963	58.8588	58.5817	40.4209	47.7577	66.6154	47.9022	54.211	73.3124	72.0906	75.3219	76.5666	73.7636	70.6657	60.1321	40.6714	51.5465	55.4581	55.5932	53.4582	45.7732	41.6446	40.9893	29.5377	20.6161	18.4968	15.7568	14.1305	13.3765	12.567	12.2707	13.1147	13.282	12.2743	9.53004	13.1641	13.3523	5.93936	9.07384	13.6062	16.4204	16.4651	17.0051	9.99092	10.147	12.7616	4.87455	7.0074	6.81486	3.17077	4.50937	7.66925	10.2176	8.52405	7.04886	8.75151	11.1736	13.2904	10.8973	2.34699	3.79667	6.47137	11.7561	13.3601	12.7741	8.75146	16.1017	7.37462	7.49811	7.11712	7.61774	8.44193	8.76953	10.437	11.6309	12.1422	14.0429	14.7086	14.5929	11.7251	11.1584	12.2193	13.2266	11.373	22.6784	61.4142	65.5453	58.0349	60.8603	62.2701	52.2679	26.2161	16.5169	12.6242	3.24021	24.2871	38.6079	53.5699	55.6418	50.4385	46.3183	40.4124	65.8679	62.4649	64.0094	68.9426	68.6085	65.6335	55.3075	61.3354	48.808	57.8194	55.2374	30.5055	36.4823	33.053	41.7117	54.124	54.6824	51.1818	58.597	50.8663	59.8829	62.9792	55.2974	45.4475	49.1665	47.8187	48.8155	40.387	52.8385	35.7914	29.1949	56.6685	65.4167	67.8908	64.9722	52.9327	35.527	22.5088	13.0533	15.153	17.7973	16.7413	15.6715	9.11776	8.84808	7.77996	6.29663	3.40104	2.78704	5.11095	3.68563	7.34101	9.65105	9.23092	8.73662	8.9052	8.96328	7.28943	11.9592	14.8825	14.3215	12.5047	9.13082	8.94557	10.6114	5.08469	6.91497	10.2381	6.08099	3.16607	4.66388	4.14352	4.82585	6.02037	8.00818	13.8639	28.296	25.3148	23.4011	14.6631	10.8583	14.0894	20.9699	24.4133	28.1798	28.9319	23.0092	21.064	14.5546	17.3791	18.1885	18.4381	15.9096	14.7113	12.1733	14.9139	14.5287	9.11822	10.2982	3.05146	10.4523	16.0683	18.7133	20.3063	21.2257	32.2017	38.714	41.4617	60.3797	68.197	60.0037	62.1015	56.9943	49.9077	52.9116	52.6523	49.0979	38.6426	17.7126	11.6535	8.72352	8.97759	16.1366	17.7767	18.1656	14.4796
58.4042	31.0726	21.7445	33.5837	14.5527	23.994	31.7438	15.943	17.9458	19.5239	18.8359	18.5316	16.9943	31.386	51.0877	54.7261	40.0396	22.8973	53.7485	63.3879	33.0594	46.2105	45.83	21.3003	43.2935	53.8844	61.2616	66.3084	68.0959	61.9927	60.15	62.5507	61.2788	59.9704	57.4206	29.0515	70.0858	70.0743	72.2812	74.2692	70.5422	71.702	63.4904	52.4665	62.3264	67.2577	68.5457	65.3737	54.1029	54.0811	58.1179	47.1362	28.7441	30.4148	25.895	15.3888	10.9622	8.93814	7.8388	9.12951	5.65985	5.24403	8.29906	12.0091	10.8828	7.79836	13.9699	17.2076	17.1608	11.0041	17.5698	13.8515	9.30901	11.0804	0.711747	4.14293	5.1647	3.07075	7.17169	8.58756	10.3816	11.5167	8.95959	6.52266	2.32131	3.85441	10.7491	9.0345	4.82513	7.41374	12.4633	9.20078	3.07055	11.6814	13.0781	5.71929	6.23283	8.1315	7.78884	8.81651	9.60099	13.8099	13.6748	13.306	17.3699	17.285	17.8513	14.3204	16.2228	16.8373	15.7009	15.1006	16.7671	45.4455	58.7003	53.8715	48.5337	54.2875	42.5808	18.0022	10.7728	14.1636	34.9087	52.6991	46.3693	50.6518	33.3791	14.0418	38.1313	39.6954	66.6795	68.0968	59.8959	63.3688	61.3882	65.175	61.5755	60.7021	43.7222	63.4529	62.5929	38.8616	47.8545	45.0039	41.4515	43.7577	57.0171	66.2911	66.1141	57.7049	60.9556	67.4794	65.1908	43.0503	7.47798	36.086	45.5801	40.3978	35.7385	45.6282	57.843	56.7602	57.4631	58.5286	53.6401	41.3205	29.4402	18.9895	13.1961	12.8471	13.7645	13.8553	13.2922	8.39993	8.28515	9.33528	9.09959	4.70144	5.46974	8.2576	11.242	12.5702	9.5607	7.93655	8.45474	10.9468	11.5897	9.3096	10.8363	13.2736	13.3154	12.2607	11.2233	10.2613	6.38172	5.09887	8.06203	1.80168	8.56693	7.38965	4.34848	4.53167	4.95813	4.52201	3.6244	6.75175	17.5906	22.6399	16.6343	10.7535	9.87947	13.5773	15.4811	22.7015	28.2887	31.4482	28.179	22.0268	18.4642	24.6457	27.6862	23.4428	23.9825	28.3019	25.598	11.6227	15.6896	11.7454	16.6827	18.3006	14.3887	18.4834	21.9631	22.7585	21.344	27.282	29.8218	24.5411	60.2189	69.7176	68.1342	70.5313	71.5405	69.4451	65.6594	58.3807	45.4115	31.0166	29.6617	18.7713	6.69333	13.9526	15.0839	21.1604	23.551	15.1652
50.9566	35.1857	29.2802	26.7506	16.2904	26.9633	18.4927	16.4396	25.9327	31.3287	23.6281	30.4549	37.2865	25.8508	45.4556	55.0955	43.2012	40.1224	59.0253	61.4684	42.2005	52.1248	52.3512	44.2117	41.8515	33.6477	20.2207	43.1962	61.878	60.6205	53.6757	57.1165	58.5476	52.604	60.1831	48.2738	57.0805	41.3054	60.8249	73.1893	68.0342	67.7837	57.8696	69.9793	69.9174	68.3417	68.2983	70.005	61.4659	57.7183	59.761	45.1148	45.9938	44.461	38.548	24.6344	19.3583	15.8022	10.1465	11.3071	8.90356	10.6886	10.4351	5.96027	9.17306	10.3089	13.8924	15.7068	9.33949	8.60145	17.3669	12.9756	7.42833	10.5557	0.929457	4.09595	5.22686	9.62717	12.8793	13.3701	12.14	10.1933	10.9772	12.6015	11.1118	7.49692	9.36534	13.8764	12.4316	11.2335	10.6086	10.0575	10.9053	9.49928	6.47901	7.38338	5.01973	7.64465	7.42833	8.88071	11.5776	17.2782	16.7944	15.6762	27.5661	35.4912	41.0264	37.2488	28.8897	20.4616	13.3048	8.17915	2.58751	23.7602	38.1871	38.2094	26.1551	56.9069	49.7098	22.4289	13.4782	1.1051	46.3705	47.7865	21.7349	24.5672	34.4519	30.8249	23.4713	26.5987	67.0822	71.4649	27.2884	47.3224	58.9488	23.7602	43.5213	55.2809	54.3515	67.9941	70.9974	65.7863	62.593	58.6027	22.3088	39.8125	23.4079	52.9796	51.9215	54.0653	38.8643	35.9983	59.4081	49.9562	41.6257	45.0378	39.5812	50.1407	60.4069	63.2442	49.8186	23.4932	17.1589	18.2506	18.146	19.0827	19.2053	16.2134	10.4189	9.91179	11.3475	11.5936	10.2741	9.67915	11.5117	14.2053	15.0827	12.9912	14.4664	16.9173	17.1162	15.6477	13.6373	12.9848	12.6544	12.4438	7.04359	2.45187	2.54688	5.97033	7.97983	8.13116	9.07217	9.62717	7.22172	11.7862	10.9965	11.7349	7.7881	8.37654	3.44803	4.83399	5.00491	2.72714	3.29413	2.07047	2.82885	8.25653	9.04001	2.78651	4.13911	11.2506	7.47731	11.2222	13.3504	12.4752	2.07758	5.37693	13.7065	24.0894	34.6547	30.7867	19.028	10.981	23.1825	12.4744	23.9075	8.7499	16.404	29.2149	24.8964	19.0511	13.3504	5.02857	10.8766	16.2494	12.0256	12.5832	52.1998	60.1065	49.6611	54.6601	58.2792	58.4087	53.8012	44.5071	26.6583	29.5717	33.5119	20.4367	23.6853	26.63	25.0588	27.8225	25.7708	13.8576
43.7708	36.3982	18.9949	2.5115	22.8799	25.3699	19.0785	23.7265	37.6276	27.3664	24.8197	33.0969	45.236	50.6951	28.5799	48.8945	60.2221	51.022	54.3822	56.356	57.7	56.3513	55.1097	48.0475	59.0098	55.7099	46.64	49.0493	47.8325	40.3371	50.8723	60.597	67.0497	66.0703	63.5012	46.2859	56.9455	49.8728	52.9586	68.344	59.7462	67.2877	64.6418	70.402	63.6768	60.0293	61.0754	70.8813	65.1715	61.9593	66.4025	35.6315	53.7423	56.3029	54.34	47.5923	46.4595	38.9476	19.3068	15.3673	11.2054	8.13182	3.81489	4.30689	8.90465	10.4794	16.2918	16.1824	9.57533	14.3398	14.006	10.1005	4.39183	8.0924	5.20353	3.10851	6.07708	11.6543	14.0966	14.5028	12.5371	10.2469	10.1925	8.53535	9.29664	6.41726	9.81476	13.9501	10.3916	9.25339	9.00587	16.1571	13.3122	6.72025	8.32942	9.49881	7.42609	4.84883	6.94878	12.5263	11.0181	16.3273	14.7002	8.12314	25.8917	24.1649	25.3518	31.4966	28.2707	22.9598	18.8817	13.0466	16.7837	19.1828	37.0989	51.7743	48.5468	51.5053	52.2877	23.5526	49.0039	56.389	40.3566	36.5364	35.3216	10.7884	41.8755	56.8453	46.8735	44.2821	65.4754	69.22	31.766	50.5011	64.528	31.3112	14.9434	35.9605	29.4315	42.7389	58.7809	51.9037	58.1327	63.8673	46.0708	44.965	53.3044	61.8759	60.3893	41.9465	55.4942	62.9599	61.9656	48.7317	30.3375	26.5535	32.2145	18.4666	42.9581	43.0909	25.1317	13.0687	14.5247	14.9353	13.2604	14.8859	14.6823	11.9121	8.23474	8.81506	10.8554	8.74935	5.06313	7.41004	8.00606	12.4031	12.7221	8.73277	10.9361	11.8009	12.8371	14.1637	11.7364	8.41242	7.26123	4.68455	5.72882	9.17244	9.90808	10.9762	12.4207	12.6082	10.8147	10.0908	5.17533	11.7213	7.55029	9.2969	7.29946	6.67207	3.79552	0.771855	4.83353	6.52119	4.20594	0	4.8517	7.44525	10.5154	1.3142	3.16516	16.0924	21.3339	23.06	26.3566	27.5115	22.8475	10.3573	10.5843	18.5943	33.1637	37.4566	33.1607	39.6329	40.2933	34.5865	35.2871	32.5699	40.8954	36.2976	24.5461	10.5647	5.93006	12.2421	17.5792	14.3047	8.0924	9.35196	57.2814	66.0264	63.814	66.6246	64.5922	61.3046	54.6522	34.0231	27.0186	34.3057	28.0661	23.0161	30.9625	27.0843	24.1227	23.8119	16.7678	10.3341
28.5729	24.7972	9.0957	15.8269	17.9944	39.7117	49.6099	47.405	29.6183	15.2509	23.2797	27.6739	36.1604	11.8349	36.4812	41.8177	39.6788	50.7882	44.9663	33.1187	59.9422	45.0371	58.9732	51.0712	55.9253	56.1179	60.75	66.8238	63.7603	54.0302	53.4583	61.2825	69.3217	64.0433	46.5179	28.6854	57.0077	58.8222	65.7169	73.9864	72.7059	70.9839	70.3435	69.5007	59.7404	54.799	49.2681	62.8664	62.444	69.3615	70.1793	64.3526	59.5124	56.5294	51.5565	21.6238	28.8926	39.2812	19.6179	17.0419	16.105	9.93267	7.52662	11.6168	13.6753	18.9884	21.9986	11.8687	13.4135	15.5065	12.9721	7.90512	8.50563	3.72031	7.34599	2.07006	7.38773	12.5131	14.3618	12.201	12.0914	12.4103	6.92327	5.00398	9.08453	10.6495	10.1112	11.2949	10.8327	10.1503	9.10976	19.013	11.3647	7.52275	9.67303	9.90548	8.29022	8.90375	8.93598	11.5714	10.2439	15.2439	16.6244	13.7826	27.2294	31.1191	21.4057	1.00623	20.4304	31.0308	30.6624	26.1205	29.6258	14.893	18.8241	42.9797	53.926	53.9338	39.7358	34.531	53.7754	58.2307	58.8526	40.2312	25.1985	25.5077	50.6803	58.6768	27.4958	37.5335	59.2155	60.8877	48.2698	56.0961	70.3379	69.8218	71.3312	73.0749	74.8426	73.483	65.2852	62.6859	65.4601	59.859	54.6246	28.4009	48.4295	59.8104	69.3233	70.3583	67.5657	48.1459	20.0651	45.1488	35.8258	15.8953	25.2636	39.7956	24.768	13.7152	13.5494	13.8633	15.3292	14.3444	14.2138	11.8848	10.4279	9.7892	8.43884	8.45769	8.83708	10.3139	8.60029	9.07659	6.88917	9.74324	10.3836	7.59761	6.52963	5.18896	6.85716	6.16241	2.32064	4.52077	7.79612	13.2229	15.3367	14.4306	15.9386	16.5021	13.144	8.27797	4.30638	10.3821	2.4023	12.2691	9.45963	8.83708	9.52941	2.13375	4.50738	5.16355	8.75174	4.19161	4.53046	4.13473	4.47142	7.72096	8.9693	3.2934	7.45049	17.7805	20.6077	11.3447	12.8387	15.3294	21.6785	21.2518	6.53861	10.5993	24.7755	29.5038	29.0029	30.7224	25.6198	35.6337	46.3171	46.1067	34.9673	21.3845	6.44182	10.433	11.8848	14.3109	12.4648	10.3122	13.0589	27.4072	69.9839	75.378	72.0151	67.6157	60.7751	54.095	33.0202	25.9818	51.1897	59.5013	60.3607	66.2938	64.9345	53.1913	24.8009	12.374	3.8533	3.51549
30.1683	22.4043	15.1647	19.0338	17.2861	54.1357	54.7704	57.9127	47.9053	19.0403	31.2031	23.3807	9.57497	37.1264	29.6438	49.798	49.0972	37.3594	38.7424	46.3692	53.7893	30.3927	52.3304	49.5933	53.1118	55.3807	64.9982	68.5724	67.3315	63.572	57.5939	67.8944	67.1834	54.9263	50.2401	28.6584	35.2276	44.8094	30.148	43.1482	62.9437	43.6879	55.9223	52.5225	32.9321	34.3506	46.5738	26.1587	33.7854	67.0324	64.8447	64.8846	58.9785	62.2037	56.3876	43.32	39.0624	31.2433	15.4355	13.6481	15.1241	12.2535	8.63964	13.0737	19.5475	28.9589	25.6109	15.8921	14.3973	16.6601	12.5352	7.18932	9.52558	6.97277	6.56462	4.63298	6.32383	11.9107	11.5935	7.1463	7.29798	12.1121	7.91709	4.4011	8.74759	11.4533	10.8126	11.4395	13.2933	8.93003	9.58672	18.4464	9.2516	10.8322	10.4474	10.9738	8.03554	10.6056	12.5802	12.8421	9.97926	8.20123	9.03101	7.17081	17.8385	21.5675	26.6578	25.9643	19.1439	12.482	18.6408	19.9572	21.8583	26.8388	22.9958	14.8392	30.6743	14.6535	10.8753	34.1822	49.8439	42.4448	29.713	43.9691	12.2455	13.8735	46.1493	57.5498	54.1262	44.7311	44.0044	39.7729	55.8248	55.4863	66.1492	70.7441	74.1176	75.456	75.0554	73.137	68.4915	68.6651	65.3859	51.4566	51.7992	42.8838	41.4337	48.6422	56.1064	55.7398	43.3978	42.664	42.8652	54.5848	57.0775	39.191	40.368	35.7709	23.1364	11.6916	9.39178	9.41173	13.4496	14.0391	13.4537	11.5118	7.44982	9.55708	9.96073	6.74938	5.51574	7.56633	10.8532	14.0706	13.0856	10.2058	5.71721	3.10784	6.60915	6.05636	7.68046	7.06418	4.50714	5.61622	6.83762	12.7986	13.3633	13.593	16.0876	15.8561	14.7599	10.4772	8.76541	10.6426	5.71739	11.4467	11.9485	7.53356	12.1443	6.0782	3.93257	7.38691	8.93022	9.41947	3.99607	5.61598	6.61129	7.97022	4.92934	5.37511	8.49246	14.6826	16.7878	14.8477	16.3007	11.438	14.7282	22.9381	23.3929	16.9417	11.9049	17.247	19.4225	18.5332	13.0739	15.328	18.6656	13.7544	5.46494	2.48713	8.38103	10.6812	8.46182	12.5253	15.5816	13.6733	18.1799	40.6462	76.31	78.1334	70.1898	58.963	33.0673	16.4874	53.6027	66.4175	67.0277	68.6416	70.2776	71.5206	68.8665	63.9456	41.0024	25.3272	16.6095	5.5398
31.5207	18.0236	19.2434	15.2054	10.9924	52.3696	57.3992	23.6281	51.4327	21.9704	30.283	2.84344	19.8743	28.4846	51.4102	46.0791	24.6137	48.7327	60.5033	62.9762	61.3342	51.5345	50.5475	50.0506	56.0203	52.099	62.255	67.3387	67.2911	67.246	53.5638	64.3129	65.8762	59.2316	54.1244	19.6452	51.6114	62.5784	58.2398	60.1592	67.5593	44.6105	44.0692	55.57	59.7155	58.2271	54.3859	35.7463	31.452	56.1066	47.6888	54.882	64.7647	68.091	59.3217	43.1355	19.3151	15.1689	12.6083	9.03012	11.8803	11.5304	6.49492	10.3886	25.9946	28.5942	19.577	19.3278	15.1476	19.0661	9.04126	8.25349	8.75806	10.6842	6.7658	6.09194	5.46687	9.71644	11.6942	12.2901	9.57409	5.47488	9.12543	7.99143	8.26947	8.12102	8.49217	9.85871	10.5504	2.78533	9.7869	13.4327	9.63406	8.57846	6.6308	9.13009	6.1996	9.66806	10.153	12.9317	14.7339	15.3744	15.3259	14.6782	25.9639	36.8046	41.3407	27.296	23.5534	24.1686	27.4362	24.6078	21.6812	23.5776	24.3113	15.986	11.9792	22.3065	19.4109	20.4413	32.7209	44.0335	19.2515	29.9179	35.2153	33.6029	27.6221	46.2621	56.5035	56.358	36.2541	24.9916	53.3047	39.755	35.4649	46.591	50.7073	51.1967	49.453	60.7012	48.8745	55.1589	45.6239	39.609	49.0261	42.6533	15.263	17.9702	35.613	27.5309	19.128	49.8185	46.3176	53.5167	62.628	30.0288	14.0217	17.15	15.6318	9.19585	8.73804	7.92529	11.671	10.1412	8.72976	9.06984	7.94177	9.20523	6.05579	5.00319	4.47711	3.17841	5.5525	10.0879	9.18857	9.85601	10.3672	10.7643	10.312	9.49602	8.396	4.477	6.09672	6.46996	4.96473	11.1605	7.39627	9.34529	9.362	7.54989	11.0841	8.87558	8.76935	6.09672	6.81138	8.77286	11.613	3.06909	9.93056	5.17654	2.34564	9.3493	10.3321	8.66384	12.3265	6.07776	8.74628	6.5751	5.53933	5.34188	7.71739	19.2517	24.984	24.3986	23.8055	25.6994	28.6009	33.7887	30.9505	25.2988	9.5863	5.06141	5.20236	12.2642	15.234	16.3653	17.8852	21.7542	22.384	20.4104	12.9576	3.85237	8.10115	12.0703	19.8566	20.375	21.0246	46.5787	77.414	77.0139	27.6439	37.236	46.8339	53.4128	63.8632	66.4405	59.1761	60.664	62.334	50.7471	62.2844	60.7321	46.7464	53.7364	55.2795	46.7704
31.1638	13.336	29.4432	21.7429	16.3386	39.6361	58.701	30.0621	42.4519	34.8706	18.8471	23.4265	21.647	31.7531	56.6448	50.0263	31.701	46.0662	60.1046	64.595	67.2682	62.1364	59.2863	62.0706	65.567	59.4485	62.2055	72.3356	71.2597	72.948	65.2564	55.3038	69.2386	55.7322	56.0883	61.5399	68.8159	64.9529	50.7699	58.4395	62.6852	47.8049	51.3652	55.1512	46.3025	43.7342	39.3206	24.9936	28.3093	26.9662	30.2735	19.0784	67.4964	69.0764	60.5617	40.3855	17.4369	14.68	12.0025	6.6829	14.1652	17.2692	9.5058	10.0799	31.1971	17.3659	24.0253	19.5431	17.9397	17.9432	3.29257	7.40928	9.93696	11.4075	6.95251	7.54923	8.56903	10.1097	7.21616	5.40141	9.03414	2.09802	5.39894	9.48313	9.67471	8.98339	8.2704	10.637	10.215	7.4095	12.272	17.2465	14.8172	9.09329	7.90279	7.88627	9.56294	11.844	12.003	17.2471	22.594	26.7972	27.4906	26.6941	42.8545	51.2287	46.0967	30.4036	40.589	29.9111	14.8643	11.9322	15.7052	21.6794	19.0366	15.2318	1.46362	31.8922	32.2899	32.866	40.5901	44.9582	33.0969	38.6153	53.5457	59.9122	53.2704	16.1772	55.8656	59.0967	48.5487	27.6968	54.4749	35.462	31.4679	47.7396	39.2857	30.2474	39.7039	57.5259	39.8484	49.8867	44.3845	46.3673	46.3289	26.3431	22.5399	50.2178	51.1085	39.6729	12.9004	43.7126	39.1649	49.7459	59.6593	31.1669	15.9847	16.8478	12.1142	8.42098	11.0373	10.8899	12.3839	10.2148	11.4508	11.3355	8.37948	9.56699	7.34401	4.30517	6.4581	8.12903	10.8419	10.08	5.93545	4.84701	5.50676	6.45582	6.48298	3.82516	2.41401	6.09645	8.75734	7.71881	5.81816	11.4655	12.5864	7.5206	1.42246	12.2716	15.0459	12.0692	8.23158	0.731931	7.05684	10.2763	12.7307	6.53021	10.835	5.27747	1.48388	7.76364	13.3021	5.27764	11.8083	10.4537	4.55842	10.0399	9.08195	12.8442	21.0613	47.4703	57.599	57.6465	52.7256	49.8748	47.8173	42.2237	25.3909	20.8494	12.4922	23.1867	25.1085	23.3829	20.7835	20.186	26.3433	31.4161	29.0077	24.7946	20.3906	15.5301	10.2653	5.00254	14.6531	19.8084	23.8445	48.1634	76.056	76.493	65.838	67.3377	70.2102	69.7991	68.1289	64.427	54.1052	55.3232	53.7005	52.2345	65.467	62.1096	61.3542	64.3854	61.3336	54.7648
22.1836	18.9816	29.3904	32.3309	41.7463	52.4511	58.7906	42.1811	44.6543	61.0473	63.2793	56.2637	44.0843	26.5861	58.911	61.6821	60.6238	56.0273	68.5563	69.8164	71.2045	71.5982	70.6331	69.461	73.8586	75.7513	75.3318	77.0769	73.4508	75.7479	73.2258	68.9895	58.7713	55.633	66.7365	67.5006	69.6881	64.0999	53.858	52.585	51.2397	41.7079	51.6923	52.1608	39.4182	29.3581	24.3944	21.5222	29.9177	26.0986	41.1299	68.3541	72.6041	68.9845	56.9928	33.6086	12.8218	11.0732	10.9539	13.4134	17.6847	22.9204	14.6673	17.6577	25.5571	10.401	26.4719	16.3325	14.3553	9.78953	7.95357	5.62251	11.8447	10.444	6.24748	7.75911	7.88712	9.9288	11.8417	16.4323	15.9464	11.0136	10.9205	13.6451	15.6446	17.6016	22.462	28.2533	29.3039	28.879	27.7381	25.1032	19.2696	11.5763	13.5538	20.9129	27.6441	30.2027	35.3241	44.6708	48.7671	48.7133	49.5186	52.2586	53.3865	45.2552	21.239	24.5104	42.8691	33.1508	13.6697	12.8136	19.6635	26.229	15.5116	14.8403	8.58838	27.9151	39.0498	28.203	30.0732	36.8162	38.3733	33.1603	28.3118	5.23212	40.3541	26.3443	44.8284	55.2202	53.5288	43.2584	62.7858	52.8897	50.4944	52.0204	38.221	33.0722	44.0825	58.9201	60.8375	60.9052	52.2433	36.5075	10.6226	15.2026	47.8478	59.6842	55.4786	59.3861	57.0494	32.9955	26.1381	52.7037	55.8581	24.2428	12.7522	17.3939	14.3793	7.61569	10.6463	10.9121	10.3302	7.94042	12.6645	15.1662	10.1577	7.64797	6.43899	8.12611	6.70618	8.30972	3.79372	5.16163	9.62192	10.4173	11.5727	12.998	13.1814	13.8753	13.5284	13.2975	12.2653	12.4103	12.029	12.0706	13.0273	5.00206	7.58108	12.525	14.07	8.17411	1.48366	6.60729	10.4565	12.096	12.4685	8.7683	13.9841	8.08343	5.02575	6.92041	13.2831	9.58409	10.0438	13.4422	11.1958	22.4211	35.6589	45.3348	55.1886	68.5931	73.38	74.713	74.204	68.7076	53.5962	44.3594	27.5626	16.9467	19.8081	20.5094	15.5877	17.3456	20.988	25.9707	38.8332	52.2307	60.605	61.2655	52.2904	37.3723	31.3881	26.0599	15.234	9.6079	21.0773	42.1683	72.5379	76.2055	76.2839	76.5637	74.9518	71.7117	67.2244	56.0875	37.1519	36.4239	36.6646	49.4814	65.9746	69.1341	67.1496	61.1236	64.2911	64.747
9.76106	23.443	26.6604	44.0264	50.6398	56.8131	59.3203	52.0287	56.9625	64.5046	66.1154	59.9184	49.0491	37.134	53.5553	64.5201	34.4757	49.3443	72.4007	73.8356	70.4539	70.6615	69.9714	67.5633	74.8483	75.5866	77.6443	77.1516	70.9102	75.0616	75.6919	75.3568	68.2893	49.5656	65.7448	73.178	73.0332	61.9874	57.1622	61.8648	35.0141	26.0782	29.6416	33.0916	26.6897	22.7953	20.8036	17.9226	16.0085	25.0277	59.4709	71.1399	65.6922	57.2494	39.0494	23.3917	9.14788	9.78462	19.331	37.4678	40.8438	39.3028	23.2015	19.3311	10.6814	14.4337	14.5663	10.0052	10.1835	9.27313	8.47953	6.09041	12.8973	10.2072	5.03674	6.66812	7.88632	13.6913	14.242	15.6728	15.1309	14.3614	15.4096	17.6762	18.3021	19.6826	30.2345	37.0799	35.2607	29.4062	21.449	19.4724	16.6481	21.4017	31.6437	42.3684	46.7775	49.1221	53.7081	52.8263	41.6147	34.9782	42.3584	46.5182	37.6286	2.63113	33.4847	39.8623	43.5994	32.6348	12.409	14.031	25.5357	19.3839	9.41596	17.6556	13.2454	13.9777	29.907	39.7898	47.4398	52.0141	51.9721	52.8259	54.2173	58.1579	54.7937	36.4682	36.8665	50.7664	48.3184	54.25	62.5188	47.8715	43.5975	39.1874	24.3522	21.9033	30.7299	45.0727	46.8799	28.5055	8.89928	31.0872	36.9468	39.2675	60.2859	58.5872	57.0071	57.8334	64.3321	49.5882	40.3826	48.2562	41.8429	17.0706	11.0125	21.9691	25.1725	12.7707	13.5673	14.3541	11.2498	9.75079	15.6895	15.4298	10.3292	5.16363	4.82145	10.7064	6.86026	1.90461	9.09144	12.7286	12.0336	13.4132	16.0353	16.4817	15.9642	15.594	12.5756	10.8282	10.9739	12.6363	11.8229	10.8256	9.66513	6.25392	9.93498	11.7159	14.309	8.9314	5.00171	9.44009	10.4377	9.99243	7.98149	3.68255	12.8552	7.807	6.22607	5.92693	10.5944	12.8973	6.05414	10.9751	15.1836	34.7301	50.7874	57.4105	65.399	73.1608	74.6715	71.7884	69.8504	64.0806	60.5571	46.974	15.2894	22.7517	23.5979	19.6246	15.4857	17.1276	18.9422	23.9468	34.6914	59.0864	68.2485	70.9011	69.4466	59.6081	48.7267	36.7573	25.2435	11.047	7.37821	24.0877	61.0478	70.8648	73.5028	72.4104	68.1436	60.4573	48.6059	33.1019	20.4528	29.1897	26.7325	5.63241	34.2767	46.3398	37.8985	50.2884	64.4357	65.3433
14.0705	35.1916	34.8351	46.7858	40.073	18.3218	44.2062	44.6069	55.8413	54.1918	48.7199	50.6414	37.2062	47.1031	45.478	52.4529	58.6849	48.7892	74.299	76.1199	64.1432	65.5106	65.3787	69.7223	73.9872	66.4755	61.7793	64.0856	49.739	64.4287	67.5361	66.8547	72.559	71.3291	51.4411	42.5348	45.4544	52.1009	59.8227	57.5805	19.4863	16.2976	16.5705	11.9044	9.92736	12.9943	14.6095	12.1793	6.94455	12.1801	61.4062	66.7799	47.4134	50.5622	47.1511	33.3979	12.6891	17.3854	33.4989	56.3701	56.2658	56.1941	36.5107	10.6127	3.59684	14.4248	8.83163	8.02241	7.72226	7.59534	6.30254	6.75678	10.1614	10.2731	3.65402	6.43099	9.55233	16.8559	18.488	16.6345	10.1324	11.4381	17.5444	21.6128	21.1951	17.8489	28.8992	26.3099	16.9774	14.005	17.9419	14.8154	24.7474	39.8851	46.3822	47.8423	44.6536	41.8417	40.3442	23.4823	18.3708	16.0276	27.2924	19.8342	19.3265	27.6131	31.0398	34.2453	35.7692	22.9701	10.6005	16.7545	21.4739	4.48846	6.75706	18.9769	15.7907	2.56248	6.71571	8.34085	5.25077	4.54399	24.878	38.6434	39.3804	35.2552	27.8754	18.0483	33.192	48.2772	47.8175	57.0981	46.8403	18.5952	15.7058	6.5752	8.23801	14.193	12.8806	27.6555	35.5751	41.9755	50.8853	59.1934	54.9034	39.4304	62.882	53.2309	55.4952	43.4971	61.182	64.9167	52.0111	12.6791	28.09	35.9609	7.97379	12.2306	36.1012	20.0618	13.557	14.5906	11.9573	11.2326	14.2955	11.7867	7.16731	5.86644	8.27817	9.64636	3.46264	8.72693	9.77335	6.70484	6.20663	10.1619	8.79608	8.08188	5.17476	5.38374	7.44641	9.9818	9.73834	8.59694	6.22779	8.51604	10.2665	10.4723	11.9054	14.4664	13.5251	6.77188	2.13252	9.67004	10.953	9.6227	3.59674	6.56165	9.03157	4.1644	4.95386	3.06809	7.95158	13.7594	8.57986	8.14453	12.6628	42.3359	58.3483	61.4382	66.8934	70.6551	65.0604	15.8863	67.1427	70.3132	61.8663	27.6506	18.4391	21.3162	23.0469	21.107	18.1923	15.0421	16.8814	28.3061	33.9189	60.7619	66.8385	49.157	68.948	68.8523	63.1799	50.8144	33.5201	21.5179	16.4227	9.0907	23.1234	31.8859	27.8896	20.9041	13.8821	5.30928	7.7353	28.7337	39.1861	31.3134	36.6443	45.9141	55.2351	56.669	63.6111	65.869	63.325	58.9116
34.5354	51.1975	45.874	44.1329	51.6048	38.7343	21.0154	63.1836	61.8046	39.9512	44.5874	55.2642	40.1925	55.8443	59.4194	51.4721	49.8491	47.6307	76.821	78.5414	50.3169	64.4155	70.1003	74.9567	72.8141	61.4931	43.2196	32.984	8.64134	34.4429	39.1774	53.2963	68.3494	71.8021	61.4108	44.704	54.6961	47.1407	42.1624	37.6906	18.57	17.9622	14.9209	10.4168	9.08976	11.7525	12.9126	8.79534	6.60553	7.21343	51.2517	65.3215	66.706	66.1719	64.81	54.045	29.4048	39.4406	46.5515	59.4591	43.3002	59.7544	38.4667	13.0819	4.38828	9.06402	8.7868	8.89766	8.05444	8.43179	8.90248	9.36343	7.66672	9.78105	5.51257	6.01149	10.5075	18.8202	21.5921	19.7632	13.5745	13.3354	23.604	32.7373	33.9532	29.9666	28.6884	18.8526	17.5929	17.7433	21.6214	32.3119	38.3212	40.0558	37.4261	27.5529	10.968	5.92555	15.2573	14.3669	26.9149	12.2699	31.1601	36.3007	40.1634	36.8689	37.05	29.7878	14.3067	13.0494	17.0225	16.9292	22.238	16.3434	8.39748	15.4665	17.3743	11.7535	4.79301	14.3666	17.1614	20.3836	15.0085	5.62062	17.7916	21.0371	17.2959	16.0949	24.8869	40.5069	45.8447	42.2917	18.6558	6.98541	10.0858	14.2512	18.3549	21.5525	25.543	45.4976	44.8567	39.9448	56.0484	63.0282	60.6594	39.3571	64.8648	53.4472	51.9721	14.3983	67.342	68.9002	48.8231	29.4127	15.4671	47.0603	15.3082	17.564	34.273	24.6079	13.9122	12.7914	11.2565	8.69461	8.02163	8.12558	6.48018	9.86966	12.0366	4.89343	5.5045	7.76095	7.07487	9.95505	14.2151	14.7429	12.1148	10.7392	7.90003	6.76294	7.52937	13.2799	10.9629	8.26735	7.8058	6.22725	1.92752	5.07935	11.5016	19.3534	12.6642	3.32704	2.58523	11.3237	13.4757	5.0939	3.65355	7.28158	2.93432	2.69211	3.97536	4.63062	8.28448	13.8458	13.2431	10.9367	10.8327	51.2321	64.5818	66.2987	70.0256	65.7975	12.0353	62.4069	69.24	65.8843	45.4602	15.3041	30.0801	37.82	37.3083	25.2304	15.2471	16.013	24.3386	44.1165	52.6328	54.6651	62.7221	53.9454	55.3364	69.1859	68.138	61.5532	42.4645	35.2705	36.191	31.7087	26.1085	22.2224	28.4091	41.6099	50.79	51.52	42.6719	14.9334	34.5281	48.5131	35.0693	60.8297	69.1762	69.5741	68.3466	64.8035	52.8497	38.85
44.9107	58.0705	49.1855	47.67	50.4033	43.6949	54.4833	50.5454	62.6608	59.3424	49.6972	68.0962	60.7078	63.7163	70.4063	73.5691	67.8461	58.4194	76.6632	78.979	44.428	63.5221	71.339	68.5889	48.6462	10.8991	21.7498	38.1918	44.4025	54.613	65.5548	70.31	68.1214	66.7832	65.5126	54.6507	56.7746	49.7696	27.6944	21.6682	18.148	21.0058	17.956	14.0039	11.1612	11.2467	10.4526	6.446	10.3874	21.1121	17.4968	38.3149	58.9705	66.2773	72.2637	72.7508	66.965	62.178	62.2128	54.0263	42.6392	61.0149	35.757	11.432	13.4412	12.6769	14.8388	14.5161	12.1091	11.5829	13.9558	17.15	16.8409	15.0185	9.0777	4.47785	10.0523	20.1064	22.5515	17.3838	6.10048	21.2382	39.2174	41.2916	36.7576	39.0728	34.2592	26.2896	28.6689	34.4139	36.2098	36.1392	28.4897	16.6213	9.38565	15.7569	22.0007	23.7964	28.6335	31.7416	30.7638	18.63	19.6348	25.0889	27.9433	21.091	12.3206	31.8645	29.9783	23.4914	23.3727	21.9393	23.1479	18.7724	12.3149	15.8661	14.7485	5.71344	17.9395	17.3162	17.9208	20.8408	29.512	35.9008	27.2825	5.8154	11.8086	20.603	20.7071	25.9792	22.9981	9.70561	8.89505	19.5099	24.0793	38.2343	48.4962	48.867	51.9745	60.9025	59.0855	60.9491	65.9006	63.1871	63.499	54.9467	65.8309	57.0784	28.7773	59.1939	72.3491	66.3796	40.6731	39.5307	42.7307	53.9141	34.9762	29.9385	27.5063	25.8725	20.0766	14.5272	13.845	11.0504	7.2792	7.33273	10.31	11.3153	8.35482	4.14599	11.3155	15.6239	21.9288	25.4183	24.9119	21.2159	20.8667	23.0844	24.3884	20.1871	14.9092	17.6801	14.7258	12.3752	4.98852	6.02327	13.5761	16.9498	17.0458	16.5762	9.2996	8.39664	8.63388	8.12136	14.5156	3.85025	4.3879	4.65862	6.07912	7.51511	11.5926	15.9874	14.7415	12.1192	17.1532	16.5958	22.7235	53.9474	63.9638	62.7618	63.557	53.9859	67.8983	69.3297	63.9266	56.2684	19.4097	48.1004	63.2967	67.0641	62.5566	48.2898	21.264	25.9597	29.4113	54.0962	63.5597	66.9203	66.2597	65.7669	40.8187	60.2512	63.4897	59.6609	53.024	65.7108	70.3112	72.4092	72.055	68.0294	62.7258	55.4282	49.9466	46.4013	50.2656	46.1795	47.2632	60.0274	70.9466	73.4569	72.0523	69.9197	68.1008	63.1812	52.9372	40.8629
41.8012	53.8449	45.497	36.516	25.0633	33.0978	56.7328	49.3885	48.6589	65.9392	62.6528	58.9508	65.9098	63.0258	73.1381	75.0759	75.3694	60.0966	76.024	78.6357	62.3978	59.9731	52.6698	28.9303	56.8965	61.6989	65.1158	65.4235	63.6822	67.4066	70.1153	71.2948	64.5916	59.9638	67.7463	58.0151	51.6488	42.7773	27.0319	20.0495	17.4881	21.5227	15.7968	12.1126	10.2416	10.2093	9.73544	11.4115	19.3169	33.795	37.7632	40.366	17.6962	20.7081	57.0744	70.1773	70.1057	61.5104	58.8573	50.4702	63.9111	55.4639	15.3155	20.7901	21.3751	15.5755	16.7639	16.046	12.7971	13.7655	17.4435	19.9997	20.3877	19.0097	11.1192	2.86755	9.18985	19.572	20.6532	16.8033	12.9827	32.5541	41.0757	31.4891	19.0703	21.8099	24.7707	27.2072	28.2866	29.188	27.8248	21.6507	13.709	2.69694	7.15761	12.0904	16.5919	16.3779	20.2123	20.5188	14.2729	3.62028	5.37398	11.9712	5.37138	26.1818	34.3089	37.8295	34.614	20.6012	15.3796	9.15229	14.1655	25.8093	22.4533	15.8985	8.33885	16.8388	24.7805	17.8509	16.2932	24.8878	31.0518	30.7189	35.1281	18.8501	5.43656	11.4331	7.13487	5.91205	19.8343	24.2916	19.63	26.8078	28.4544	51.4013	59.0306	57.3529	58.1743	61.3477	56.5141	59.3571	59.9122	46.408	64.4163	57.3601	64.23	53.6346	47.0519	69.6783	68.8139	54.0236	26.0798	27.6402	42.2572	45.1827	29.5225	27.0045	28.3604	28.2414	21.3725	15.498	14.2431	11.892	10.8726	10.0915	11.6866	5.97621	4.48734	7.83035	20.2011	26.746	27.8882	26.6947	23.262	17.938	15.4381	19.7355	23.8044	25.0265	16.9109	15.8199	10.1464	10.4514	8.49805	11.8277	14.5567	14.9578	14.5684	4.9525	7.39753	10.8726	10.9916	5.10761	10.9356	7.47522	3.86915	4.77079	6.07133	12.6097	20.5338	22.7187	19.083	9.39892	17.6439	17.2921	19.9805	44.8446	58.8714	64.0711	70.2838	73.1453	72.2377	64.673	52.8947	37.6476	31.6452	60.7328	63.791	58.2959	64.4681	56.1074	30.2025	34.79	34.6061	54.4341	62.1761	61.8041	66.3988	65.6777	44.9495	63.6843	59.4233	50.108	59.7029	71.4464	74.662	76.5608	76.5809	75.002	71.959	64.8958	42.4172	37.5808	52.2456	65.2775	70.399	73.4549	75.7042	70.6906	59.3429	48.9834	41.811	30.3099	18.0646	19.2615
45.2723	38.4508	56.0111	42.1258	54.2073	58.9042	53.1054	59.8229	37.7216	63.8241	70.2225	57.1712	71.7681	74.846	75.5788	68.3151	74.8932	69.0165	74.9061	77.897	59.1394	34.8839	24.7453	58.4428	57.8422	50.3769	65.1605	70.8255	73.74	73.546	67.9941	63.8056	56.1532	62.5274	66.2725	54.2252	43.9767	34.0423	24.5058	16.7741	9.2514	17.348	12.558	7.19912	9.29811	3.99271	10.0339	16.9181	13.4505	24.2188	13.9289	30.6299	52.4583	61.9015	64.9991	60.758	47.3301	21.3094	41.0901	48.7725	69.4652	42.9186	32.852	38.1416	38.5823	29.2279	21.6968	17.0016	21.504	34.78	42.2007	41.3797	36.1841	24.3528	14.1944	9.25013	5.11256	17.3684	20.3839	17.3178	15.8265	35.6684	45.1009	39.5784	33.4	19.156	16.748	17.7277	16.0746	15.4026	13.2473	13.3983	15.644	15.9015	20.8757	24.3328	25.8079	16.9092	17.5347	23.5701	26.8086	32.4501	33.8543	33.7068	30.7513	38.5139	21.0901	14.8262	31.8051	27.4913	21.2983	19.0022	20.7051	26.1579	20.3451	10.8232	21.2904	28.1757	20.4846	16.2094	21.8079	23.603	24.3225	12.5643	28.3914	17.9906	31.5215	39.4179	39.8865	30.6532	31.5552	30.4231	30.1319	41.9361	45.0809	54.61	56.6357	46.0385	50.4872	47.0206	29.1338	30.8791	28.9523	22.452	59.727	48.6971	62.5813	36.2677	57.7456	68.4347	53.8548	32.3441	16.0977	17.2943	23.1503	21.7294	17.2824	17.6417	22.7808	22.3407	14.2715	8.63198	7.1564	4.03302	3.00839	3.27234	7.1564	3.17604	7.14871	10.4604	20.3003	19.0741	12.4296	9.24347	6.20658	13.3145	10.0733	8.39463	3.39214	17.0009	8.26459	11.4684	17.8832	19.1069	13.2241	9.82643	11.5106	7.5306	2.40001	6.98341	5.39788	4.25741	5.62966	9.25176	6.91656	14.8546	14.4174	16.0671	9.86746	11.1941	14.4469	11.0569	12.9348	12.373	16.0814	14.6435	18.7824	33.9366	46.3249	54.5365	58.9367	58.3171	51.5075	39.6285	29.7254	14.9972	43.6175	55.2377	59.9949	59.0421	58.9603	45.5918	60.6855	61.5409	56.2828	65.4467	69.3604	65.457	56.797	33.304	50.6472	67.5943	70.2291	67.1003	73.238	75.7324	72.6587	68.9101	67.4708	67.0311	66.8982	72.0573	71.9893	71.5084	71.7707	73.1436	72.7343	70.5311	66.0733	42.2731	8.90801	6.13047	5.22071	2.10359	5.01402	7.42806
49.9205	23.5019	50.3592	55.4922	43.5891	45.5296	55.7504	65.6284	65.5569	63.7193	72.5355	71.7187	73.1732	75.0923	70.9774	53.0705	68.4358	69.2099	72.6442	74.3463	61.3838	39.1527	32.9084	56.6997	53.8397	49.6605	64.2398	63.7866	70.5224	70.4574	61.4039	42.0849	60.6947	61.848	57.586	45.8033	34.5031	25.4305	21.1721	17.7412	9.30002	16.0483	14.3242	11.8703	11.5745	15.9824	15.1212	22.4113	22.0039	23.7432	35.8495	31.6095	17.4995	19.5764	35.086	50.4427	55.5598	50.3234	51.9844	58.5838	67.5242	21.0062	46.9035	45.9748	46.8216	40.7535	28.788	16.5072	43.2129	60.1333	59.5245	50.0951	42.0873	27.5398	15.9828	12.9004	6.53635	10.384	19.4014	19.3944	19.652	29.3482	39.1965	38.4011	30.4662	24.7044	29.2736	21.5409	17.8495	18.1128	15.8778	14.0544	15.4108	24.2467	24.4087	22.7729	26.8855	18.4516	14.7659	22.4647	29.5081	34.8254	29.4162	33.6449	35.5072	42.4858	33.8172	29.7919	33.2373	27.8671	17.2555	17.5814	17.9226	19.5688	5.99218	18.4887	24.0136	23.479	17.8004	17.0754	21.8796	21.0764	13.2342	4.50272	13.9211	27.7117	41.2481	50.7081	49.3701	42.7198	31.6871	44.4546	46.6013	46.4678	46.1714	52.5725	55.4225	37.7031	37.9802	34.1743	23.3199	15.9255	18.4595	16.0072	48.0214	19.9759	51.0098	2.82534	61.3027	66.9338	47.5497	28.9617	15.8953	19.2576	21.7077	19.2435	16.9726	15.4741	15.5956	10.8338	1.69747	6.35508	11.3137	10.4225	4.81898	3.72441	7.03285	5.71966	7.61075	8.47113	12.1972	16.0883	13.8181	12.45	9.16157	10.7455	12.1328	8.82955	18.0286	16.5456	11.1691	12.9069	14.5693	10.5794	6.18465	6.49811	5.77297	8.05121	7.36447	8.76546	2.76164	3.79107	5.01346	8.08368	6.98518	19.7124	20.9727	22.3146	17.73	9.41055	10.5885	7.83043	3.39634	5.53455	8.52533	7.76343	16.5076	26.2662	29.6295	32.6124	35.6772	34.8738	27.4636	19.2234	14.9523	14.8501	37.6958	49.8097	55.6231	57.0135	37.952	48.6801	64.2705	64.4743	64.7012	72.3591	73.9981	68.8961	56.9632	33.0922	29.0489	53.6242	68.0173	69.1256	73.8372	69.7566	55.3038	45.6656	55.3227	53.1269	50.8358	63.6912	69.2606	69.759	68.136	64.206	57.6539	51.1058	41.1071	19.1534	7.37419	5.39459	4.91851	5.39459	3.32579	4.31207
58.5586	56.6516	49.0256	32.5731	49.2471	63.7605	63.0255	51.3427	70.0009	74.3114	74.4705	70.6209	68.2021	52.7302	45.2237	11.4019	49.387	64.028	68.2309	59.1505	62.0791	58.6316	61.2576	54.9252	22.9018	51.3127	69.6288	71.9701	61.818	32.5422	54.8962	48.8607	62.3062	57.2041	22.3263	29.0433	33.9096	25.4313	16.9396	16.2819	10.5026	16.4768	17.3774	13.4695	7.27802	14.2073	28.8288	31.8142	25.6155	14.1614	7.79243	26.6787	37.9131	48.7365	57.7148	59.9953	54.3529	36.8733	27.3845	56.5517	56.1183	45.6518	50.4031	49.7237	52.316	56.3	56.4437	48.021	56.6319	64.4662	58.58	60.7918	41.6478	27.1448	13.8238	11.0767	10.7803	4.99841	11.2184	14.6692	13.034	18.8481	22.6963	26.6767	36.1068	32.9247	33.5884	21.9514	16.3356	9.60104	15.3678	17.6989	10.9887	3.77529	3.88313	15.0766	20.3902	12.6847	6.38855	20.8167	20.7667	29.1379	31.8487	44.5112	41.2759	16.9097	23.3369	31.0249	37.4352	33.2348	19.4131	18.6307	19.0211	13.484	15.6149	20.2777	14.9834	9.9115	7.89039	11.2823	14.4398	26.4049	38.172	46.8267	51.1845	50.0378	54.4834	59.9808	55.6612	52.7701	33.5169	47.9916	23.8984	7.4424	36.1534	48.1013	49.4391	31.0856	24.5535	29.0981	24.905	17.2694	14.6692	8.083	39.3339	18.8182	40.0797	26.1899	63.2265	64.3638	42.6706	33.0341	21.9551	18.1989	17.8569	13.0477	11.5257	11.1918	7.93441	8.63081	13.5345	11.4565	11.2325	10.992	4.72282	5.24807	7.73114	5.58949	7.89608	10.0785	15.7177	23.7637	23.4017	16.8184	13.4534	11.0654	20.7801	12.0251	9.77637	2.56087	8.72984	11.63	3.65182	5.61041	9.9406	14.2855	16.8665	16.2926	13.0183	10.8382	6.60253	8.48419	13.0702	9.57739	8.55502	15.6871	21.5379	5.29546	12.149	9.04115	12.884	7.4424	1.90332	5.02159	6.1817	5.59728	7.74765	19.303	21.854	20.569	21.9524	22.3156	20.7837	16.2336	13.9988	14.5304	22.6996	29.2406	31.3987	32.926	48.3741	60.47	60.1476	52.0239	29.8357	63.7383	65.5568	43.2675	24.8517	35.2576	42.4697	44.948	55.2024	59.191	58.2185	35.0203	37.4251	30.5704	41.4584	37.2318	35.3958	31.1667	29.4785	28.7981	25.3458	18.8694	7.44228	8.08248	13.0164	10.6999	8.27388	1.3788	6.8303	7.60975	7.82969	19.5597
65.8517	68.4948	69.2846	66.3082	57.5914	44.1712	68.0054	64.1322	64.5822	73.7889	72.2767	62.6404	65.0179	39.0898	54.232	36.6614	13.8303	47.9434	29.3948	51.4597	69.0352	69.3167	70.3199	67.5917	58.7923	16.057	58.01	73.5676	73.4259	53.6995	50.0616	60.5716	54.8033	46.5133	23.4153	21.417	38.6252	32.5495	16.0721	15.5405	10.6786	16.3857	16.5623	11.728	13.6589	10.1492	19.2298	28.0377	25.6706	22.4116	18.4045	16.3596	12.727	6.8299	14.8668	41.8584	57.1063	62.7593	59.2148	61.2997	52.1449	54.8088	44.2345	33.5275	42.5484	54.7917	62.696	63.9177	60.8507	62.9069	56.9345	66.7049	49.3998	33.35	14.4903	11.1912	12.2913	10.2667	0.34473	9.94937	11.7567	20.5913	25.0884	28.4096	37.7661	40.9675	42.4182	24.7714	23.7392	7.73972	12.3323	19.4702	12.8113	9.48623	14.059	16.0174	13.0164	10.0873	4.35226	23.368	24.8784	29.3606	37.9362	46.7735	44.6151	29.7555	23.7111	21.1705	30.1929	34.6669	26.1929	20.443	19.0049	11.8706	8.22016	9.9106	12.3874	10.9913	10.9032	20.7165	28.1746	37.3864	49.3776	58.2927	63.8615	62.3625	59.718	60.2644	59.9532	60.7879	34.0888	37.9817	7.73972	5.15124	25.2564	48.7604	54.8713	44.5261	30.2514	24.1674	16.0043	14.5789	16.1992	14.3509	34.5044	39.9432	35.2886	39.8133	64.8406	62.6152	36.826	26.7735	24.4433	23.5395	19.0129	8.78198	8.39237	5.29467	8.12146	11.2078	8.18345	3.6474	9.07166	10.4909	2.67388	4.50197	5.50147	3.84853	8.99703	12.359	19.4504	26.5656	21.3723	14.4739	7.07085	2.92775	20.042	19.9059	8.27971	4.38585	9.45575	8.26222	3.64752	6.24947	12.9046	17.8698	16.4278	15.1641	10.9321	10.099	10.699	16.6436	15.4447	12.131	9.63574	6.52373	15.1408	15.2106	5.48023	7.32927	11.0883	7.21151	7.80136	10.3438	13.8931	14.215	12.2425	8.87797	12.3138	16.3783	16.9421	19.4515	23.0165	21.8303	20.3807	20.1047	23.7782	30.3875	35.2462	35.3205	44.8948	59.7903	66.6006	68.5827	68.5402	70.7769	72.8021	72.0825	65.3941	50.0048	41.3401	41.875	44.5009	43.5015	26.756	11.9871	25.4153	23.7685	17.8078	19.8615	22.6426	17.087	14.1398	7.67211	1.62564	5.46142	10.0437	15.3484	21.3816	22.3109	21.5953	17.3382	15.5688	18.2576	22.6424	28.2142
63.1183	66.8231	66.1089	65.992	66.9072	61.9043	48.7893	67.2829	72.2024	66.1608	39.5451	28.021	50.3257	49.2989	59.6953	36.5675	40.5738	45.1728	48.058	63.8603	63.2415	65.6695	61.8122	58.7062	63.3719	55.5336	37.0153	69.4789	75.1172	62.9369	28.9723	30.8553	37.7047	40.4012	41.5037	41.1974	42.1778	32.6298	15.8292	14.8648	10.7201	14.7244	11.1392	7.22697	9.64841	19.4994	22.944	12.6201	5.38221	7.73893	10.443	9.62181	6.6013	5.71013	9.36336	7.63308	9.02013	17.5775	41.0645	62.1307	57.6506	52.0448	30.0503	11.3505	5.22745	11.4946	29.7846	52.7277	56.0066	53.2765	54.4266	65.125	52.8472	41.1697	15.8303	12.1991	12.5063	14.0429	8.94818	4.61454	8.12026	18.3295	21.9918	22.7438	32.5848	42.0642	48.1266	46.7194	38.219	31.0921	14.7729	22.2244	23.7872	11.7305	11.958	14.5802	13.6977	11.1092	10.3047	17.9871	22.6841	35.448	34.9747	20.7958	27.4568	42.2926	29.0617	20.4515	22.9478	28.5693	27.0307	22.6609	16.2262	16.9122	7.28865	12.7259	15.6568	13.83	22.2952	40.079	48.4776	48.3275	56.2669	58.7294	56.1981	55.4198	45.8783	49.7229	51.5005	63.2809	37.0635	36.3294	32.4417	42.5622	43.1129	24.3162	45.8282	52.1688	47.9372	33.4995	12.9457	6.85489	10.4101	4.31448	9.24055	10.7784	24.7956	47.569	56.6478	64.8933	52.7442	26.0553	20.4021	24.2313	20.5044	6.37149	7.23279	1.73157	7.20261	6.72611	3.5443	7.89454	7.90733	7.23461	5.056	5.42583	5.12791	2.85049	8.28583	12.2771	18.3619	20.7146	13.7349	10.7259	4.9591	10.013	22.2189	18.7569	9.66437	7.2768	5.12782	6.19014	8.94855	9.77507	12.4131	5.47977	11.0718	7.70869	4.86629	5.38241	9.71637	15.7328	9.61283	12.2213	8.23346	4.67812	8.02547	7.75575	11.8671	16.1108	16.1978	11.6021	14.4718	21.7838	19.9252	11.7309	8.86782	6.59249	1.04824	6.91388	6.79681	6.72792	7.89439	10.8356	8.79399	7.26477	10.9085	12.01	9.24631	9.62279	17.0368	20.4044	10.8147	28.9862	51.0828	62.413	68.5529	72.2199	71.2882	69.6094	60.0838	22.1914	16.4812	12.3943	21.2269	21.7562	8.72355	5.35204	7.21089	10.5983	8.26194	5.3524	4.63073	5.012	6.67342	7.27285	6.52104	7.13178	13.2217	14.7693	15.6122	18.8995	19.1474	19.7034	18.3089	17.5767
49.589	62.664	68.2865	69.5102	69.0829	68.7836	65.7105	66.0099	65.2423	67.1598	55.4789	38.5933	46.8643	49.0717	48.9469	20.6706	41.6116	42.4567	55.0326	68.3483	47.9827	58.2925	56.3354	56.5027	60.5908	59.5926	58.1365	70.018	74.3164	57.3093	34.0187	32.5168	24.8976	38.5865	39.8062	28.5451	29.1957	24.8191	15.4754	12.7044	9.48407	13.5718	10.4184	7.14534	7.39905	13.3361	18.7556	13.5387	15.321	9.70921	8.08069	7.56395	6.00692	7.85694	4.48459	10.6238	17.54	20.6206	21.6396	39.2669	38.4462	28.8017	27.7145	24.893	12.8772	9.61481	21.4145	10.5376	24.9199	21.7488	56.5916	63.1095	48.6594	41.7086	16.4438	13.1763	11.6574	14.7599	11.0938	3.88213	7.1368	15.2566	16.1913	9.79259	15.9196	29.4816	36.9795	34.4719	38.7842	47.166	30.4321	34.5259	33.1763	19.1395	20.9548	21.3367	17.3291	7.54078	12.3851	15.5545	11.4833	30.2186	34.173	35.3096	35.281	30.8268	28.9425	18.6625	28.1943	33.2025	27.31	20.5924	16.8547	22.2347	19.7801	6.15403	17.2321	25.278	36.1391	50.8184	50.7005	37.2039	54.4092	55.915	29.8473	32.1494	23.7646	42.7329	34.3282	62.2578	44.1134	41.4689	43.6909	52.2664	48.8859	39.6115	19.688	42.905	51.9431	48.1303	25.4307	4.92586	5.1674	3.97228	4.79553	37.5951	61.0378	59.7758	41.2343	56.3875	60.1458	35.1882	16.6206	21.8115	20.6525	6.89826	3.86671	7.2259	10.1361	4.47488	8.95669	6.59139	4.14308	6.98258	7.99432	5.60883	5.96056	5.60849	5.33511	13.685	18.1021	20.2259	17.8052	11.3082	4.58853	11.599	16.2775	11.5052	9.51271	6.57615	8.00517	10.2483	11.0625	12.3119	12.2799	7.32783	12.4821	5.77362	7.20813	6.45079	12.7515	10.3967	10.2989	12.0217	6.69912	6.22019	8.61296	9.41759	13.8546	18.2708	13.5672	14.661	19.0406	21.9818	17.847	15.7911	13.9087	14.0751	14.11	12.6588	13.6933	11.9052	12.7572	15.0008	13.9742	13.6995	17.0588	17.9988	16.3637	18.919	40.999	51.9058	50.9782	44.0521	31.9125	22.8777	42.7488	58.5027	65.7963	71.9084	63.8651	13.7896	23.9366	27.4248	23.3724	14.2407	4.82621	8.97284	8.36306	1.72287	3.38183	1.77366	2.2392	5.30471	9.43103	6.11312	3.07991	8.06774	5.48154	10.5633	11.3457	13.2204	13.5553	6.26457	8.99212	18.0681
50.9387	58.965	36.3746	58.1162	70.5297	74.8712	75.4835	74.7533	70.8605	61.0467	42.7834	30.6855	38.5009	41.5077	34.3934	31.8568	45.4992	30.7831	67.1319	71.6877	55.354	55.7094	53.7375	60.0453	65.9917	68.4268	68.9457	68.3646	71.69	53.7878	37.5553	42.9966	42.0811	29.1817	22.8425	14.2056	22.3171	21.1595	14.9776	15.2735	14.0112	14.4544	13.755	12.9278	15.4361	12.4949	9.68166	8.86597	12.4503	21.2485	12.7588	9.89065	14.8323	11.5596	13.6954	18.4227	24.8248	27.6511	23.7777	19.5804	15.2713	12.1047	20.7188	25.4064	29.4741	21.286	7.66959	27.7464	34.8155	26.3757	54.1209	62.4135	46.1578	36.0261	15.7859	12.0547	11.1425	15.4739	13.5951	5.70927	5.92058	18.8625	27.1204	38.5805	44.6211	34.8978	16.6796	18.382	40.0612	52.1097	37.8571	29.2673	35.9063	10.7499	7.52259	18.6841	17.026	5.45718	13.0289	11.0624	3.1742	17.8233	37.4931	46.0321	51.5287	53.5706	49.6531	40.2467	34.8908	35.0203	22.3856	12.3734	8.63208	27.0843	16.1867	12.1689	15.4775	21.9659	37.6031	45.5887	36.4226	39.9693	57.6893	57.2744	11.6792	23.1564	8.35555	35.6461	37.4509	41.5948	51.5866	50.0622	47.33	48.4518	45.0403	52.0277	51.9243	46.9129	36.7115	43.9506	43.0853	35.5328	27.8789	30.4645	45.0827	60.6945	63.8077	52.7342	55.4242	62.6252	57.5241	33.5514	16.4976	20.4155	19.1582	7.08104	8.48092	12.9137	6.69854	6.96279	8.23184	5.61606	9.41853	8.86926	5.39225	4.30326	5.77281	6.29411	10.1733	20.9099	19.2253	14.1704	16.2634	15.9755	8.19529	12.7578	15.3192	15.0284	16.2317	17.2242	17.5914	16.6956	15.708	14.9591	14.5589	16.7112	17.8822	15.9214	15.8927	14.6642	13.3281	5.64988	11.558	10.9841	8.64246	6.48627	4.15685	7.43334	11.609	17.33	15.7452	12.2925	11.7999	13.4485	8.10999	4.75524	13.8271	18.5225	23.0686	23.7777	20.3109	18.4394	16.7153	13.8992	10.5637	7.08104	14.5518	15.7227	11.024	13.3939	41.1016	39.4562	10.7829	30.8763	47.5506	53.8224	60.5938	64.9945	65.6754	69.8429	61.6765	37.2959	32.6874	22.4129	12.0897	7.32139	5.73222	9.55125	17.3787	19.0154	20.4555	20.9056	20.7772	21.9441	22.3891	17.406	14.8983	13.9574	11.7534	10.8654	15.7421	19.9317	20.8457	17.7265	11.2886	22.315
60.8495	68.6295	68.504	58.6657	35.9465	52.8699	65.7476	63.4921	56.9681	45.7548	13.3065	16.5804	26.0267	27.7458	22.1533	41.2019	42.4285	53.9189	71.7155	70.7082	52.4648	51.5856	42.4561	51.5966	61.222	64.1669	67.7299	62.6858	65.5812	49.0752	36.7454	41.0976	37.4844	24.7638	19.696	16.7656	22.969	21.6963	16.8508	17.8454	16.3724	15.1669	14.6847	13.3651	14.1074	14.5606	10.5993	5.47819	1.92568	15.8434	23.6524	11.231	20.6837	20.6833	15.4602	12.0817	16.7857	18.9005	14.9143	12.2184	10.2503	5.43214	12.7014	18.7795	19.6186	21.6558	16.8159	20.4557	34.6903	39.5696	39.5585	63.5326	57.1918	37.7109	19.4077	14.6625	13.6285	17.1019	15.9849	8.76074	5.0892	24.4463	35.8368	45.5924	43.8963	47.6246	44.0547	30.5635	46.8553	54.6419	31.0121	30.9239	32.4729	13.545	14.7942	15.5624	10.0991	11.8098	11.2574	7.27471	9.37753	21.7995	34.0262	40.6238	39.2847	34.3788	27.2341	28.2807	30.1024	26.8444	19.5374	8.70639	10.8364	26.9302	13.6332	9.91665	11.2934	19.6917	36.6037	41.5676	46.3404	47.8627	60.9373	62.768	31.2125	26.6214	38.8005	47.2157	49.0361	26.0826	15.7883	31.8212	32.9528	33.2577	35.0611	50.3127	53.9967	51.9078	44.3256	7.69716	45.8598	52.8716	48.825	58.2277	62.9688	62.9091	56.1251	41.0331	49.1556	53.4848	38.884	21.9416	13.1176	17.9821	15.6183	9.15695	13.912	14.4384	8.18039	8.6679	7.04752	7.32084	9.55047	11.3062	8.88932	5.42413	5.62579	9.05767	25.4705	34.2392	32.3114	30.5765	26.7637	16.6696	8.6683	10.9264	14.0109	16.6377	17.2806	18.4653	19.0139	18.6814	19.2379	17.9485	16.0587	18.0176	19.094	17.2495	17.3835	16.278	10.2464	3.82	8.97107	6.89293	7.06006	7.24889	4.10313	4.56835	6.16211	12.8781	13.9942	12.7102	13.2176	14.1688	12.6581	11.9963	13.7701	17.0656	21.5388	24.5151	24.7633	21.2446	14.3152	10.524	8.27867	2.62265	14.735	15.8627	7.63849	10.4964	33.6099	45.4912	41.8066	37.2259	29.7546	41.82	65.4807	66.7839	54.2782	52.4371	60.826	57.7249	43.056	23.265	3.93054	4.16021	1.0337	2.58268	8.80015	17.3707	19.0634	18.0286	17.4939	16.2723	13.2315	11.3263	12.8235	13.8775	13.2649	11.1608	13.2816	15.7823	16.292	23.4156	25.8041	31.9251
49.1207	62.5125	63.3795	67.1271	72.486	70.7666	63.5572	53.8987	26.0087	23.1607	22.3435	9.88277	8.70554	9.72746	19.2035	40.8715	13.8165	50.1755	64.983	62.6617	29.5601	37.1394	38.7712	28.5943	29.8298	38.6859	52.1114	31.7786	55.2047	40.5216	44.6414	35.9301	32.8081	22.4329	18.696	18.0266	20.8551	19.0395	16.8439	17.247	8.65213	6.99288	8.88671	7.70584	9.61774	8.32461	15.3494	18.9244	15.8494	10.111	23.654	18.2722	6.43991	16.1632	15.824	6.07338	13.1501	4.15979	10.6883	9.3966	8.05133	13.9544	2.92132	16.169	13.7443	12.0696	20.1687	31.9903	11.3662	46.6663	15.4948	55.2431	63.9743	54.837	38.127	22.9844	17.1728	17.9774	16.4166	9.65346	3.17361	24.8717	37.0661	41.9325	32.5901	8.86434	18.635	17.8473	47.6663	51.1841	3.31035	35.9636	21.3812	14.6331	13.2664	14.9996	14.1546	15.1656	11.0785	5.66434	13.5509	23.4051	20.089	14.4199	17.7234	21.5368	27.0118	29.631	32.646	34.9985	28.1439	3.3413	4.25762	22.1773	20.4396	3.93001	12.941	16.9563	22.7811	22.544	16.6169	23.1607	58.544	58.0089	42.9213	52.8703	49.7513	26.5055	35.0158	42.6763	36.5416	27.5158	19.2455	26.7588	24.0852	20.5608	19.4821	15.9185	18.9492	49.6765	47.0198	54.4059	54.2432	60.0014	55.7033	49.5009	42.989	29.3412	33.6227	28.9673	12.1838	11.0333	11.0397	13.1826	10.5764	9.60924	14.9571	13.9196	14.7194	9.81916	6.45795	4.27165	8.46548	10.7534	14.8442	9.40427	5.83254	18.5938	25.9296	21.5361	10.174	10.4607	10.032	7.32596	7.58467	8.06031	9.31738	13.2428	15.5211	15.9638	18.3007	22.7516	24.2731	22.2472	17.4683	15.6844	13.8996	10.6089	13.9265	17.3009	15.7679	11.182	6.54965	3.90004	7.27234	9.51339	8.92097	9.37717	7.27435	8.61059	9.19789	6.69721	9.5176	14.014	15.3969	16.2758	8.58699	6.8964	6.86263	4.94824	5.70814	5.70821	6.49397	6.30934	7.05316	6.69736	11.291	16.5131	9.90143	11.5814	18.3133	21.3502	21.0302	30.0658	40.1444	58.4291	63.6782	30.8834	39.5571	49.4858	53.6039	49.4822	47.929	32.5264	12.5692	7.53089	18.0174	21.1462	20.2501	7.54445	6.06612	7.39888	3.69392	1.24214	6.85863	14.9898	17.8298	15.3747	9.32778	5.83993	3.61735	4.4207	6.19948	6.12601	14.5142	24.5497
47.9906	65.8949	40.1722	60.5843	69.3464	72.5236	71.5527	70.2425	62.4652	24.4422	18.4999	11.275	7.4916	6.18689	22.3416	43.7197	5.00951	52.2291	53.0149	58.7653	57.8511	23.7773	45.7859	31.6015	22.3721	27.7619	51.4284	40.4134	55.8263	50.6188	49.4208	41.5776	42.1952	28.1689	19.1782	11.8866	18.6579	17.427	13.0178	13.9686	10.3639	10.0135	9.1297	3.50926	8.11292	15.4756	10.9346	12.7026	17.9184	14.7986	17.8296	18.1797	9.70104	8.34146	16.6234	14.7663	15.373	5.16843	18.3094	15.961	13.467	16.1504	7.58407	10.5874	15.6831	17.7834	21.1578	31.7577	32.8382	33.0891	49.2871	17.016	57.0058	60.9645	54.2705	37.513	23.8598	21.8759	20.0517	13.5346	5.00969	23.2662	32.236	30.7507	36.5597	35.4482	15.2177	29.2828	40.8573	43.8717	5.62499	31.2272	28.9143	23.801	21.0523	21.9645	16.6754	14.8862	14.9596	10.8326	16.2624	23.8112	29.5396	28.3699	25.0878	17.915	15.9849	18.1122	16.28	24.8568	37.1148	25.4854	11.0015	22.8468	19.9812	9.90065	23.8261	23.8842	16.6775	18.6445	38.9687	50.4148	56.0378	35.4013	46.5857	52.3816	39.1552	22.1844	19.0919	32.3102	46.4205	42.1793	26.7083	28.3338	22.8197	9.0544	13.7548	16.9767	16.9864	59.7325	56.4614	46.1304	49.479	48.0955	36.1289	34.9132	32.8802	21.9717	26.6655	22.2495	12.6771	11.7203	11.2601	6.06764	7.91492	10.3768	16.5833	11.8869	18.5585	9.9337	6.85166	7.60714	11.6758	12.1648	20.6129	17.2706	7.58396	18.0418	13.5242	13.8624	12.5311	10.2771	4.99511	8.62502	10.5072	10.9712	12.0053	16.7356	24.3779	31.9029	42.9872	51.9848	52.8024	48.822	43.2488	35.184	19.8304	6.28333	11.0825	15.5614	21.8514	20.3047	6.01701	13.7874	18.8361	20.4332	15.2309	11.3019	11.0674	13.3712	11.9009	8.49043	7.52442	12.1469	14.6466	16.1077	16.4956	17.4523	14.6406	10.7736	9.48694	4.08774	4.6285	5.30301	5.89927	7.56116	8.42373	15.4938	13.2784	18.3602	20.7389	26.997	45.4679	58.0879	63.086	56.6536	47.3839	51.4139	41.8185	30.5011	34.1784	45.8537	50.2723	33.2942	25.357	30.4556	28.0394	21.8785	25.1339	15.268	17.1433	18.1121	14.9739	9.31665	15.9714	20.9704	18.5351	19.3037	16.4092	7.50696	9.73071	15.4834	17.4552	16.9873	11.4499	13.1204
58.4441	66.4793	59.3366	64.0154	67.2486	71.4154	68.7986	70.7039	73.4568	65.8861	36.0602	51.4944	50.634	38.761	11.3398	44.6874	10.8412	49.0583	56.5291	56.3404	54.3641	44.7718	27.225	45.7729	34.477	40.5104	56.7163	65.095	64.3752	56.7982	47.0828	40.1186	39.1982	31.3397	30.6146	21.8478	17.6266	18.3021	14.8268	16.2649	11.5114	15.7739	17.3744	17.6386	18.917	14.9804	10.0918	7.31839	4.67549	14.9365	17.4687	8.71506	12.2148	12.7578	1.25379	14.5612	19.5488	16.6895	26.9282	17.8631	21.1509	15.5643	12.0221	3.59207	10.4939	15.8216	20.2611	30.6964	50.1131	34.8201	37.3431	55.4069	48.0554	30.6669	56.5892	61.2013	57.9517	50.6077	37.9134	20.7759	11.7777	20.2756	26.4414	17.1308	20.885	28.2872	47.3283	48.7364	43.1452	30.4751	19.9568	29.9102	43.3327	38.9603	26.0221	23.8903	26.2667	24.9929	22.2351	25.4019	37.6574	43.3237	42.5363	41.0487	35.461	23.7582	11.1841	7.58495	16.0407	26.4776	23.8151	17.5849	24.2424	24.1637	8.38691	18.6922	26.4171	25.6953	30.188	37.2642	40.5452	39.408	30.3797	30.8407	32.4339	11.0681	27.988	38.2714	44.1615	51.6942	50.4142	38.8438	15.6898	17.1867	11.7772	5.32716	6.69588	11.8065	19.8433	60.2337	62.6251	20.4082	28.1823	28.1564	18.2458	15.2373	17.2172	13.8136	17.1131	15.4647	10.4409	9.63367	9.33353	1.8305	5.98736	8.33887	14.6062	6.23837	18.0926	19.8159	24.1594	22.7557	20.4239	22.9329	27.8479	27.9602	9.61782	13.7775	14.5417	15.1721	14.8641	19.9971	26.8727	38.1689	42.4622	42.0763	51.2233	63.1929	68.3415	69.7313	67.868	58.8294	45.1617	35.2366	31.6971	37.4775	25.7056	15.4559	17.8635	14.1085	23.1301	23.5309	10.7198	19.0012	20.3498	27.3995	31.1843	34.796	38.3782	36.1897	30.5992	25.0798	23.8468	25.8369	17.7123	5.59036	5.70676	9.19127	9.78801	6.09348	7.97737	9.9139	6.91018	8.75509	10.5559	10.8601	10.8092	12.753	11.534	18.7904	18.1491	28.1556	47.6906	49.0737	50.9403	58.9332	63.9907	61.1664	45.9633	46.0403	51.6237	54.0722	52.8945	42.3959	31.6092	18.7642	1.62463	17.0546	15.8043	12.7417	10.3977	12.0013	13.5486	9.02017	8.30374	11.3491	17.4717	15.5272	13.9093	10.9391	16.0995	10.26	17.8424	22.8772	11.2838	6.91004
55.904	59.3784	57.44	55.4644	51.0289	63.1207	57.4319	55.4482	67.0829	73.1787	68.6181	48.9039	52.3101	53.6807	7.79529	42.7789	31.0459	33.6964	69.6206	67.8192	35.2927	43.9786	42.7808	31.6777	31.1804	44.7767	47.8051	53.9017	51.5478	35.7117	24.8577	23.1158	28.2852	31.5757	21.655	28.5955	10.5789	20.0197	15.9135	14.3589	9.82096	14.4984	18.2299	12.5657	15.6435	12.1636	1.90169	10.4561	8.13277	13.3785	7.98976	7.22787	10.7187	13.7489	17.3341	12.4677	13.773	14.8212	27.4767	22.3795	15.5458	12.9214	14.9859	9.31432	6.15026	9.85251	9.7247	15.1614	36.1704	49.8682	43.6562	54.4177	55.3716	40.9936	36.1505	54.8601	56.9815	55.5196	47.419	21.8406	12.1804	14.0472	22.3566	16.2295	19.7552	28.8818	57.17	49.0154	26.9132	8.79675	23.0279	29.8246	33.1807	39.5144	22.7634	12.7273	18.8339	20.297	18.7865	25.8882	34.7179	36.8229	32.017	33.3451	36.6262	26.4521	11.5832	14.4466	28.0689	30.3147	26.5002	15.2951	22.7226	22.5051	12.214	13.8828	22.7226	27.1117	33.8805	28.6311	3.92139	40.2193	32.1438	33.9425	21.8741	20.3173	28.5539	49.9209	49.6225	44.1662	30.5457	26.2501	15.0031	13.6231	7.53462	8.88434	13.9975	6.5988	13.1003	52.8356	64.6086	49.4648	15.7726	8.86671	3.28696	15.6674	21.787	21.0666	19.8896	17.3797	14.8758	15.4704	13.0589	3.01018	4.56664	4.3285	10.9956	1.96307	9.96783	17.9593	20.0844	19.6347	15.8914	19.9881	24.5359	29.3582	8.43597	8.63805	26.0497	18.779	11.5542	26.0865	34.5827	37.9552	39.1305	38.5879	54.1388	65.3679	66.3442	66.169	61.4715	55.0506	37.5804	25.8828	30.0136	31.0475	17.1187	13.2891	16.2161	12.2126	24.1042	18.0959	10.4128	16.4322	19.4872	15.8653	22.9601	31.8852	34.4312	31.9219	26.2795	21.7587	21.2467	26.485	23.9462	15.8476	12.7523	9.02078	9.12799	10.192	7.64334	11.5963	6.53677	6.7475	8.98724	7.55209	7.88408	8.39472	5.10147	13.5231	19.437	28.188	45.9318	58.4615	63.9785	61.7861	54.0325	56.7957	60.4963	59.3431	56.768	48.0717	42.3314	30.7417	13.7963	10.7135	16.3664	10.8952	4.67484	4.99399	8.1274	7.88927	6.52996	5.21531	6.49211	15.9108	16.4925	6.66937	6.7817	7.80848	10.6548	0.7101	19.1737	20.838	8.8209	6.15048
51.0834	43.1071	21.0844	35.3039	22.8898	57.9061	56.0859	43.223	56.0693	75.0333	74.7176	42.4886	53.3475	59.6174	18.749	41.3056	38.4499	4.39237	73.1964	70.5599	31.399	47.5855	48.5719	19.2049	34.5008	47.0589	40.6793	17.7127	14.4016	8.7222	15.5242	13.6519	21.9361	32.1884	8.27281	24.4343	12.4581	15.0205	16.9874	14.514	7.71997	13.4079	17.9394	9.65254	7.0274	5.00825	10.0564	7.20319	9.6968	18.1363	3.11597	12.6501	9.55042	7.52248	18.4566	17.3386	7.63499	3.52905	14.8301	3.23219	3.95835	11.5927	14.6544	12.4729	4.81387	9.96695	10.8906	9.01851	15.7261	46.0666	57.9992	52.4162	29.0775	48.6454	46.9723	30.4225	33.524	56.2537	53.6627	21.8701	11.3613	9.06392	19.2831	19.2243	25.1976	34.5899	59.3601	48.0181	19.9732	17.4619	23.0136	41.4677	13.1398	40.8177	23.1317	5.07242	12.5401	16.4205	20.405	23.1214	27.0286	17.0732	18.1861	20.2275	35.3974	26.7542	12.7552	19.8117	33.6927	30.1541	6.31124	8.67757	18.5126	15.3079	5.83755	17.3962	28.9812	33.878	38.6741	21.5626	27.8144	23.449	12.2218	5.96885	42.9805	27.7395	25.7965	53.3158	46.4446	19.2146	13.8938	20.4703	14.8568	10.1476	4.56619	9.72326	15.9572	8.21314	7.09326	43.9572	63.7449	56.5439	20.9397	5.07242	12.1158	17.1546	26.836	26.3034	19.768	14.1486	10.7172	14.3382	12.464	2.6214	7.20319	5.82776	9.39301	5.08679	8.35809	13.2116	9.28783	14.5534	12.4165	14.2259	24.2803	28.0935	6.46458	17.7059	33.0182	16.8838	7.06487	30.248	42.2651	38.4074	37.1143	42.5613	52.3858	58.1833	23.3201	24.8897	54.7975	61.2628	38.7206	22.3595	24.7038	20.6827	11.222	7.52248	8.17614	13.3368	24.9982	12.0081	7.80589	18.8582	25.7957	30.4232	40.5734	49.5932	48.3513	46.9971	44.4104	39.056	19.2129	9.97659	12.8254	8.44674	7.79446	6.37372	8.88352	10.2909	6.79181	11.4746	7.74045	5.72899	7.874	5.68291	5.75453	8.57394	8.44556	10.6062	11.9397	15.2365	11.6975	10.7119	12.5941	22.9386	17.7082	48.3982	62.6945	66.8392	62.6586	35.7605	31.2362	23.0193	5.83755	8.50125	6.35525	3.06346	1.62433	5.7057	10.7172	6.08514	5.48599	8.45881	7.05016	6.6882	9.31401	8.96734	5.99349	4.99367	4.95805	5.42957	18.5533	16.2443	7.58205	10.901
53.0179	57.8949	53.5565	46.509	33.2597	54.663	54.4047	58.0026	69.3381	76.7314	74.7859	39.2697	58.5989	62.631	49.1567	60.2206	66.3994	62.6231	72.1841	71.498	53.4491	54.8525	34.2319	5.94856	7.60183	33.1354	33.6641	24.7733	29.8993	26.3041	9.01264	12.3742	16.429	27.9321	22.7507	16.5713	30.505	24.0375	12.7542	7.24474	15.4443	19.6851	17.0655	13.6894	15.499	6.70497	5.95631	14.6168	16.5671	18.9342	12.8766	23.7075	28.0064	21.6513	6.40726	15.6377	19.0728	5.32563	12.2514	11.367	5.99265	17.6738	16.1017	14.1272	10.7339	14.4898	9.08883	8.78495	7.15588	30.978	56.1593	60.2682	48.2101	30.153	57.4483	59.0671	49.204	50.9178	54.2256	22.4609	13.0129	14.9246	19.4331	13.3655	29.0241	38.0265	58.595	46.9834	22.9677	24.3983	6.67642	41.1805	20.0871	34.1099	30.5847	25.1495	26.2869	27.91	32.8209	20.6581	27.1838	13.9525	25.9195	34.477	44.6242	40.9274	17.239	15.444	34.0933	34.7669	21.2387	20.6544	18.5469	3.9877	18.0183	29.7622	31.6385	26.8881	28.1712	16.9883	10.9973	14.2737	19.0849	29.3706	44.1569	31.4078	39.8796	54.4947	46.442	27.5631	27.3514	23.6691	12.1233	1.20523	8.50068	15.3416	14.7048	10.5316	31.6398	55.826	63.4798	52.5401	23.0854	9.90126	20.4861	20.963	21.5266	27.0078	20.4352	16.1763	13.7069	13.9193	8.49179	5.49356	9.91132	8.6368	10.2348	10.6411	14.3423	17.9371	19.3797	26.5444	26.9296	19.4378	30.6657	29.0012	9.72702	21.4379	27.5338	17.2076	19.9498	38.373	51.442	45.1998	41.1508	36.9792	18.8831	54.2041	60.3918	64.7129	65.3537	57.8631	34.7334	22.1113	18.9488	13.4997	9.92876	12.3848	1.38805	12.808	19.3372	14.9385	21.0447	28.8272	21.8439	25.8883	27.0302	23.5606	5.37777	7.44202	17.6814	33.8406	33.6108	29.1025	23.8182	16.6849	14.0918	16.8675	21.0968	19.6185	17.9582	20.1374	20.0251	24.6912	31.0214	29.3518	26.8407	34.8021	43.0857	54.4753	54.754	38.8746	19.0572	32.0782	48.5628	51.1147	40.9456	45.7566	59.575	67.3531	64.7379	41.4504	33.0657	15.6255	3.00454	8.67617	2.69332	1.25347	4.68982	11.4641	14.3316	11.0731	9.73299	4.83768	7.88261	15.7321	17.7926	16.0092	13.7386	8.78522	1.85398	6.52868	16.7937	11.5516	11.0286	14.993
40.1433	48.6712	41.7425	19.1321	36.0983	61.6853	68.4065	72.5263	74.4238	75.9147	68.1074	42.4208	66.0822	66.2358	67.6283	70.0307	75.1151	75.7921	74.0285	70.7427	52.3068	36.1026	31.4167	21.0007	13.0701	33.2519	32.2601	27.4093	19.1779	32.8274	28.0316	26.4291	20.6976	18.7403	27.9069	21.7092	25.5719	35.0943	26.1218	9.2887	13.0021	22.4645	16.2261	10.8208	11.507	3.87884	12.9538	15.1063	12.5347	16.5079	16.7904	15.1565	18.5039	27.485	28.7895	12.2278	17.7981	13.7687	12.8917	17.5013	21.5161	16.8286	6.85873	8.15875	10.322	3.23175	13.7327	25.0104	17.5015	17.8259	32.3217	46.5426	58.6809	55.3809	27.0936	27.8626	50.6619	50.2089	45.4134	19.4416	11.4285	22.966	23.4616	13.9749	20.9196	37.1422	59.7568	54.8587	16.1339	32.4515	25.8608	25.5302	39.058	2.24397	30.9228	28.0452	8.60108	10.0883	26.1828	10.346	27.5525	14.8913	17.0163	12.9185	35.3478	47.2769	30.9124	17.7169	37.5248	36.5261	10.1655	9.69711	14.9484	8.58769	17.156	22.4415	24.002	26.8689	33.6474	40.6517	40.4751	32.6638	47.1871	56.5172	39.5842	20.4866	25.0703	44.186	49.0253	33.0067	7.88743	15.9368	23.7565	17.9222	10.4898	19.3448	5.89636	40.7062	59.9253	65.7778	62.0448	43.2207	22.2325	14.5144	20.0987	37.1601	41.2247	32.801	21.9664	17.0827	12.9179	9.18631	5.37731	6.85893	6.82463	4.92141	5.23064	8.38356	10.8059	11.0527	10.3894	14.0071	14.1111	8.38368	28.2255	30.2785	19.0388	15.6422	15.2338	21.6719	6.82501	30.3523	48.0438	48.8518	50.0758	48.5019	49.602	57.1884	59.8209	51.7744	39.5985	24.9876	0.860899	19.6794	32.9831	31.7663	18.0113	12.0954	11.5894	7.35318	15.3797	30.5849	44.4066	53.3965	54.8262	47.3483	33.148	1.10236	21.3103	22.3125	26.4407	33.8869	50.9698	64.6367	66.8592	60.3513	51.0401	52.3461	60.9263	65.22	66.8772	66.3266	63.2109	63.9673	62.7857	55.1666	52.2734	66.0072	70.5341	70.7649	67.0381	59.597	44.3961	56.4047	59.9865	59.8121	62.5595	65.5346	71.4899	68.9427	58.1574	38.0794	23.8625	7.68655	8.21536	7.76145	3.64774	5.62224	11.3436	15.8962	13.0133	4.9187	3.10113	9.54867	17.37	14.8147	12.0555	9.286	10.2834	9.6744	7.26994	4.52009	11.1442	12.4378	13.8567	13.9827
27.2032	34.8105	34.5761	41.583	49.014	64.2372	70.2798	71.6942	67.7261	67.119	61.6295	67.7016	69.88	65.2245	62.6734	56.0377	44.0649	62.4249	65.9218	60.8644	35.2791	19.6658	30.6539	42.1597	51.2885	50.2537	33.5634	20.5725	31.7766	24.8063	34.6984	31.6122	26.8299	20.4621	22.688	21.4315	27.1394	10.6869	32.3565	8.38297	21.1089	29.9068	29.4863	30.4797	28.9908	22.1003	10.4969	18.7965	17.0284	17.4528	26.5348	32.6139	22.3646	13.5667	27.1947	28.5186	23.7622	21.9415	21.9225	23.9422	32.9927	16.8334	12.1833	12.8912	14.5939	6.6669	17.04	30.4703	13.0289	31.8964	11.6509	27.7039	48.1451	57.939	59.5288	54.9251	39.9793	29.574	30.009	12.0535	8.13003	25.8597	34.7608	35.8074	24.8743	21.3944	57.9332	60.1651	28.4915	11.1733	38.7122	10.7736	39.0119	21.9812	2.09358	21.1881	21.0852	19.7636	24.635	17.6135	32.028	35.0543	43.0285	40.8637	31.658	46.573	30.706	8.66137	34.9313	31.7278	33.518	41.8714	39.3177	27.138	10.0438	24.7745	28.0257	28.9461	22.4918	19.9715	16.2924	26.9248	59.6018	47.4016	19.8612	20.295	45.5561	58.8001	64.0943	63.4819	55.2237	41.4166	25.2685	18.9454	19.1981	22.1322	20.4318	57.3026	59.074	53.1589	38.8746	15.9398	12.3724	8.75382	9.31081	9.386	6.45589	7.31492	11.2849	10.1308	6.71865	7.72166	10.3216	8.11233	1.04716	6.88128	4.99208	8.75707	12.2226	11.4274	12.3826	12.0725	10.255	15.0516	14.8743	21.9349	22.5426	22.0916	16.125	18.403	17.0681	24.8255	28.9391	20.961	24.4717	1.0329	30.4688	37.7907	37.9434	49.7265	53.3634	47.1478	24.9733	25.5744	29.868	39.2959	32.4112	15.8414	16.6317	16.5067	19.2261	36.6377	52.2464	60.8593	64.9035	68.0719	66.1782	59.4052	46.8991	62.6337	60.3929	54.9414	62.4536	68.9869	71.5626	70.4553	69.0157	68.9906	70.6583	72.1312	72.6079	70.9578	68.3135	64.828	57.6101	53.8117	56.6244	68.6665	68.9323	67.4559	67.2348	63.3957	43.1072	57.3818	54.2108	55.1322	58.3696	60.0084	61.8898	44.6426	39.2415	34.4243	16.1521	3.78599	6.56081	7.09745	5.95508	6.73839	9.34764	9.11811	3.61486	9.04118	11.5889	11.4425	9.41013	2.3967	4.25149	10.8507	16.1721	10.2259	4.6224	3.67964	7.88115	12.1098	15.9453	15.3045
48.9772	56.1968	49.9338	44.1028	49.5428	61.5354	67.8799	72.1734	61.9608	41.6246	64.745	70.7759	68.4143	61.9517	49.8647	48.8252	51.8595	33.3216	33.8681	30.3199	7.4325	12.1334	10.2473	25.6185	35.7027	33.8205	29.8112	24.5475	39.9287	23.0307	26.1452	17.0315	16.4537	20.5331	22.8503	16.1198	29.2032	9.38516	30.114	12.2812	19.1921	24.2279	21.505	15.8127	12.8891	31.2897	24.2802	17.5106	24.2291	19.8205	5.25217	28.3759	27.3504	24.1073	2.2369	24.9027	23.1699	19.6753	25.97	29.0652	39.1033	10.9777	6.53374	14.2003	9.5464	11.7748	22.0925	33.1729	15.7693	34.8914	5.6212	13.8732	24.6665	32.6199	48.8188	54.5143	53.4878	55.4123	41.2927	7.72092	9.92897	34.2864	55.1836	53.6768	54.5085	31.9378	40.7365	59.4293	52.9283	30.3141	39.0258	10.6592	36.7892	22.6808	20.4835	21.2894	28.5191	5.3405	16.3001	26.3227	26.9412	35.0955	17.2476	26.05	14.8949	43.9114	34.809	19.4656	24.1749	17.439	39.9194	43.5446	43.881	45.3042	11.5306	14.964	10.3259	12.5893	11.3337	13.6982	41.379	48.3274	35.5157	51.202	59.0507	53.0151	47.4247	38.6916	46.4636	48.9423	39.6703	26.3806	30.2846	30.8033	19.4217	9.10493	43.1637	59.3925	48.01	33.7724	25.6019	14.2265	12.1717	14.7559	19.203	17.2474	14.9888	16.171	16.2952	9.76372	5.75231	7.99685	10.453	10.7518	6.82766	5.58699	4.75049	7.7375	8.85569	7.98574	9.3973	11.5486	3.15705	13.9598	9.51506	8.54545	20.0547	37.893	47.708	53.0169	53.6024	53.7692	56.305	57.6348	57.9582	59.7386	64.1075	65.4916	59.5057	59.3639	60.8811	62.6685	40.1753	8.1076	16.9135	18.5614	34.176	40.1338	42.6254	42.3344	31.9046	41.4398	53.2575	60.8145	59.0668	61.7232	62.104	62.5553	38.6619	64.1757	48.4547	56.0618	63.0392	66.5085	57.61	67.8041	72.8766	73.3545	69.8847	63.8544	57.3009	53.5535	49.9951	23.7593	53.2197	34.6488	53.3841	64.1611	53.0352	16.4845	64.7447	60.4103	48.9172	56.8113	56.4823	53.1097	35.7031	31.6968	42.7706	38.1506	45.019	35.4196	14.5116	5.3899	7.45758	9.08762	7.37954	6.15702	9.25467	9.77117	9.78302	10.9071	8.85767	6.58494	0.68858	9.60042	11.3118	15.7716	21.9246	14.7016	7.81939	5.92504	6.32307	4.88179	8.17322	4.18127
61.9352	66.8206	62.6698	53.2547	51.6564	66.2526	67.9755	71.2927	63.2306	21.7666	39.6419	53.4011	58.4073	55.6707	55.037	58.9425	54.8308	35.8648	22.1745	25.9736	16.8801	6.52661	18.1358	23.5997	22.98	18.9714	20.9696	25.7527	35.7115	18.4678	22.8	16.2634	10.3909	9.27253	20.8851	27.9836	26.7986	16.2151	17.1303	23.993	19.2565	12.1379	17.8797	26.1982	21.0041	26.1358	29.3516	24.731	28.5461	24.2459	18.4146	21.8001	24.042	25.576	24.1463	18.8394	25.8155	16.8248	23.9331	29.0431	41.4009	9.93635	9.91466	17.676	3.54412	16.2102	20.6608	31.6764	14.9783	35.7662	13.6845	7.36311	13.8436	24.2508	36.5115	42.2382	40.6617	54.3089	43.1075	15.1034	20.0183	37.0637	58.1784	43.4832	58.6917	61.5903	47.9221	25.3777	54.815	47.8106	29.8553	10.0644	30.5451	23.2349	23.7549	15.7837	31.5779	14.4027	12.3806	34.5281	29.8887	17.8274	28.448	31.7269	24.4185	46.4151	41.9909	22.5195	15.113	8.53944	34.5472	28.026	37.3	48.6017	24.5775	37.2718	34.5429	21.5655	8.20779	28.1996	41.2262	34.3218	32.5985	42.0291	31.6671	11.5971	19.5557	23.5175	42.3971	46.0582	40.3112	39.062	35.0899	22.1982	3.96777	23.2819	51.3353	53.9371	29.7523	35.6499	41.2622	32.3239	29.1122	36.9356	38.2582	27.2399	8.8569	11.7245	15.5932	14.1878	9.30965	10.6241	10.4521	13.3559	12.5053	7.41024	7.87579	9.83551	7.70698	5.68519	8.00656	12.0595	10.5262	17.9018	17.6714	12.9567	25.4307	43.4307	52.8001	60.8496	60.0373	55.0374	56.1452	55.2902	53.0613	58.2264	63.7272	66.4165	65.4466	59.1934	54.4762	66.1883	57.614	26.987	3.23082	8.6181	40.8772	59.7489	65.5992	63.8371	51.1674	44.2963	57.366	62.8556	57.4292	54.1226	61.7048	68.6833	62.1491	68.1751	59.5693	61.449	63.8855	66.7573	39.0794	56.5346	64.876	65.1776	59.663	46.0927	40.5346	45.6361	48.5249	48.2138	42.354	50.8791	59.2875	52.0096	50.3151	57.6611	58.685	37.8362	55.1071	54.1116	56.1877	38.7186	25.8863	28.9024	40.8872	37.6321	45.5028	33.6239	11.0495	2.15592	5.0057	6.08226	4.62473	3.64669	7.41012	8.25702	10.759	10.2811	8.69823	6.19663	7.20163	8.22329	6.12776	12.8445	21.6236	20.5421	29.6756	21.1009	11.2666	25.3215	30.133	23.0353
64.48	67.2494	54.669	67.8325	70.4058	73.152	71.4548	67.4977	56.0026	44.9699	56.0543	54.0676	53.0485	44.7169	38.9284	34.0638	35.4991	56.3809	60.7546	56.9824	50.1653	36.7387	24.6682	21.8849	19.4241	17.1321	9.47251	6.54807	32.9761	24.6266	27.9615	33.0778	33.7967	27.5384	32.0659	37.701	36.6231	40.965	42.4096	42.9661	39.3018	28.6787	6.07716	22.2405	32.1632	7.29934	34.95	41.6769	38.1088	35.2562	38.9724	23.7245	18.2673	20.7161	31.1262	25.3109	14.9508	17.4766	20.735	30.948	38.7318	12.9132	15.1509	19.1244	4.04454	17.4584	20.8684	31.3935	10.7593	36.7299	28.5271	13.0252	6.69089	27.8905	41.1745	40.0186	40.9166	49.0942	48.4531	40.1516	44.1285	46.7768	54.2485	51.7727	44.1156	56.4197	60.624	49.6661	23.7237	37.6705	30.344	19.0187	28.9296	37.613	35.8875	25.3494	29.227	15.9814	18.7207	25.5765	27.3856	11.172	32.5262	38.9973	19.3757	44.5939	48.5703	27.8886	11.6129	23.3039	34.6294	27.3565	38.7141	41.5595	23.217	26.9422	22.7149	30.3288	24.681	32.8978	22.7308	33.5718	22.9899	39.7154	62.8214	66.2204	66.7677	65.5628	60.3728	52.1322	41.771	36.2665	23.8543	20.9936	19.7223	21.3717	44.1293	49.6054	58.7004	64.8225	66.4458	65.3881	64.8801	66.3151	64.6211	53.3824	12.4806	8.88008	14.8199	18.9375	13.3849	12.9607	9.22071	11.9104	11.7688	15.7469	32.0112	37.5323	29.6075	16.792	23.0163	38.487	50.9617	54.263	52.7572	53.5262	53.1018	49.487	55.7056	57.6618	59.0103	57.4753	53.7199	50.9033	55.6197	65.0285	63.7609	58.9741	61.9179	55.4666	45.2638	62.9732	65.5738	66.7749	64.8049	59.3172	61.333	57.2016	58.3048	63.2147	61.4217	53.9774	64.3368	69.57	68.3726	59.9396	60.374	69.2437	61.8052	62.4362	60.3531	71.2372	72.0668	65.0532	45.415	47.1462	45.5872	28.8868	35.8056	31.0144	36.2676	47.2482	56.401	61.4769	62.1083	64.7378	60.272	50.7431	25.2012	34.5032	39.2654	43.3886	42.8073	44.3202	48.7238	21.7251	36.5602	46.2606	46.7979	36.9578	36.8556	26.6646	11.5282	7.6462	5.75122	2.55696	4.84766	6.93018	8.88491	5.38855	10.9928	18.2533	21.7659	20.4336	16.6807	14.2279	18.4048	28.1425	30.3827	35.9321	46.5797	58.264	56.5606	58.8233	60.7967	61.5636
62.2338	67.2906	56.779	61.4844	70.6976	72.0472	61.1134	42.1362	37.9244	56.0643	57.2657	28.3754	38.7864	52.9523	61.2274	60.2242	55.5383	63.4094	63.6972	57.4068	43.9915	33.0101	31.1918	34.304	25.0275	17.3514	12.2047	24.5335	37.8684	26.361	24.0252	25.0974	32.1606	41.9408	43.6813	39.913	33.7941	41.3362	44.5875	41.1815	40.8158	43.6505	34.4388	18.5674	26.7932	28.0472	33.7845	41.1338	38.6235	38.5673	45.4655	42.3029	34.1709	23.3853	30.3609	28.4891	10.9403	13.9673	14.1892	34.9199	34.6984	15.0245	19.5557	16.362	6.23996	12.408	24.9559	34.2076	18.0603	26.3555	29.0181	19.6616	21.6312	36.4318	25.7473	13.2167	41.9565	56.1412	58.3069	51.2268	50.5884	51.9484	51.8723	52.23	20.9232	21.1292	48.8384	55.0198	50.0046	32.4517	6.73137	22.2146	28.5943	35.4507	29.6349	15.6292	18.1144	19.5169	14.4852	17.5951	3.30683	18.8793	29.5324	52.5174	56.6502	52.6082	48.889	32.7012	31.7229	43.1156	32.8017	7.88337	39.7689	29.6519	17.9594	28.8113	41.4998	53.158	55.2245	48.4025	31.4406	15.9731	41.6042	61.9954	61.27	55.2553	52.0668	57.9916	62.0766	60.2886	52.7203	33.8324	4.29459	14.9757	17.0015	7.68474	39.2384	55.4872	59.3672	57.4078	60.8189	64.5091	65.8052	64.0078	67.5451	65.0221	15.2887	12.8091	18.1002	23.5121	16.0801	10.8249	9.39464	10.9244	8.73595	20.176	46.8204	50.3504	53.5828	46.2079	39.4914	56.0037	61.0806	59.3305	57.9263	57.4713	57.569	56.0751	57.3873	56.3042	43.8465	45.9971	29.8565	41.8862	54.9206	65.3626	57.1693	51.1984	50.6018	53.9646	53.7306	59.8859	68.5663	73.0963	74.2569	71.3912	67.0878	59.9312	56.3633	63.1806	65.4363	52.7826	64.2153	71.6805	66.0935	57.349	48.935	55.4047	36.8705	53.815	50.3707	66.2289	68.014	59.9755	48.75	40.892	25.0127	15.8084	22.1615	13.1087	21.8857	34.756	48.7653	58.6612	59.4617	50.4062	35.4129	39.2825	48.6693	53.8843	54.1243	39.8752	31.4626	32.5194	35.5258	30.8336	32.0505	39.2336	29.9198	19.6074	27.2316	18.3726	3.99646	8.20639	7.31241	5.9649	8.23269	8.69494	13.3912	17.8137	19.651	25.9438	33.183	33.5078	24.957	17.0084	10.615	27.518	38.529	49.611	55.7464	62.3666	64.2776	57.9884	54.8058	59.8315
59.1706	65.4491	62.5191	64.1021	62.0669	52.1119	14.3058	25.7318	41.884	46.343	50.8647	53.8422	50.2723	36.0617	41.1586	54.0698	46.4827	48.1988	51.5377	62.2319	39.1065	32.3452	33.765	34.7566	25.1063	14.922	15.5382	26.9926	23.7088	19.394	11.6554	8.87847	20.713	24.8146	20.214	8.06351	19.9399	16.5351	4.19382	9.8949	19.4851	37.6018	46.1906	45.3186	40.6926	38.4316	31.3337	21.7267	20.193	21.3003	31.0574	35.9723	35.494	26.7483	24.0749	28.5816	10.2006	13.4542	7.59922	37.4061	33.9715	20.1143	17.3923	9.91778	14.1882	19.3695	32.1598	37.6059	13.9158	25.422	21.9032	17.474	10.5649	25.4866	38.8643	39.2285	30.7802	33.0424	43.5457	46.5721	45.705	39.3371	32.4409	34.8968	17.1467	3.11359	29.5701	34.3792	41.2419	45.9408	29.8345	20.0925	12.135	32.6083	28.4685	14.1295	11.874	18.7	17.6629	20.3996	16.7378	24.6434	31.9638	18.472	31.7302	32.505	30.609	21.3724	39.2979	41.5124	14.9835	20.6025	25.8007	26.7706	36.5093	54.9837	59.9949	55.5598	47.3767	25.9192	29.8285	23.8366	54.0523	61.5232	35.5568	25.9968	27.3831	28.1165	15.2377	12.3676	9.15668	14.8198	16.2429	9.95227	7.22379	20.9309	16.3864	10.903	16.4767	5.38755	12.2766	26.1808	32.0439	23.0169	68.1131	67.5316	21.0297	13.5204	16.4664	23.2761	16.4144	6.85912	8.1224	12.0391	9.92371	27.8397	58.3957	57.7442	60.8314	61.5642	54.2929	63.282	55.4582	45.5163	35.1421	39.3633	41.6605	47.1643	51.9868	52.1154	37.3444	41.7686	41.5923	48.5538	53.3285	57.0584	20.3321	41.329	43.5808	50.9082	55.6432	58.3486	63.2665	66.2982	69.4162	67.8618	59.3148	60.8362	64.2548	69.0214	68.2447	43.488	61.1401	72.4976	56.7178	47.5772	43.9867	51.827	57.4933	56.7675	60.5581	40.7676	32.5393	34.7309	31.5565	15.8584	4.253	17.2476	15.117	6.18043	10.5176	20.1545	22.355	20.5655	19.5156	16.8601	18.6154	20.8674	21.9138	22.4717	32.2422	33.3139	23.6492	17.3109	28.1134	37.3354	26.1573	11.5331	11.9738	20.7455	27.2715	12.2204	10.8825	13.0264	14.033	12.1151	5.60088	5.28642	17.6107	22.1011	12.0479	14.2639	18.2151	19.4636	23.4036	12.9379	10.0868	31.9808	48.9988	44.7063	42.6361	34.8711	37.8793	30.0121	23.0149	21.5145
56.7607	60.986	62.6969	65.9215	64.5172	37.0775	28.8902	21.5126	35.6597	32.1654	6.68023	20.4272	46.8963	46.7656	44.2941	13.5917	25.3264	26.7503	49.3576	63.5619	48.8101	40.1546	25.197	28.1699	28.9759	23.274	24.9311	32.4357	31.2663	35.398	38.6665	25.2851	25.1915	23.6984	27.8908	38.9586	44.5663	45.3628	39.8212	37.6826	33.3522	14.3443	16.4133	33.7098	37.4684	32.1066	16.5804	11.6005	21.9836	19.6683	6.65193	23.3413	32.1041	37.5285	31.2203	26.757	14.0007	12.9571	13.7689	37.7874	32.8256	23.127	14.1826	13.5069	13.3059	17.3725	27.7147	29.9574	3.61279	26.6711	14.6429	15.4186	17.9447	8.70149	8.91626	1.58603	6.31977	17.0556	25.4843	29.6936	27.4659	15.9538	11.311	21.0509	21.1327	10.4183	11.2912	25.2608	28.478	40.6946	41.8881	33.2828	11.6404	32.8709	29.31	25.3617	14.1367	7.40524	11.6547	33.3547	20.0278	2.12745	28.4616	44.0379	46.2609	46.511	44.5265	32.2925	27.5305	42.0921	17.072	15.8864	25.5589	31.3201	42.8679	52.0836	43.8505	20.9729	47.7261	41.253	40.5782	21.0749	55.3638	58.6192	34.7517	28.6493	27.6286	33.2467	27.6455	24.0983	24.645	14.8889	5.11966	14.3811	10.5814	14.6435	17.7213	13.3562	12.688	12.4994	8.62175	7.7173	3.53859	17.239	65.9442	66.9949	34.5269	21.1613	20.5065	24.9619	22.6769	17.9221	14.7822	17.9655	14.8367	36.0097	64.8806	60.1612	50.3261	57.1354	53.3832	61.3476	43.8509	49.9107	31.6481	44.4473	41.9396	37.5901	40.6987	44.8153	35.9486	37.0806	47.7352	46.6707	45.2312	51.1321	16.3251	30.6994	40.854	40.5046	46.9228	50.3237	54.7955	56.2765	59.9888	65.2661	56.3348	50.0568	47.0569	69.9679	68.9754	52.7748	61.8077	71.3209	57.4047	43.8276	58.4748	65.0208	66.0695	59.8553	55.6525	38.3195	26.1348	23.7189	23.8164	20.2866	18.0969	19.2685	20.0934	19.2509	19.2133	23.2083	28.0721	17.6941	17.9239	13.2798	17.6853	15.0675	6.75828	11.1727	24.0553	24.6858	17.675	13.2321	22.8215	37.5279	28.9331	11.2588	9.90382	21.1092	24.6077	17.3095	18.2561	11.5824	15.1372	11.8733	12.8672	14.7822	19.9931	19.7838	10.829	14.82	26.5462	17.9482	27.0824	26.5575	23.5335	19.2682	45.6143	48.8525	49.7287	51.0921	20.0012	29.7091	41.642	31.6569
57.1939	56.7257	59.0893	67.0803	62.3592	56.4427	59.9442	55.2225	56.2411	62.0807	65.3599	64.0811	57.4707	46.5209	44.9043	56.4526	58.2948	54.1756	39.2821	53.4428	52.9372	44.0916	24.3062	27.2	32.0519	38.8497	45.4449	45.7795	37.4472	35.2053	44.1323	45.6677	47.7014	50.4645	49.4211	43.0761	36.6957	40.0808	38.8199	44.0886	47.4846	46.632	46.0924	42.271	34.575	31.0952	42.6267	49.4525	48.7529	47.6748	46.612	36.3823	31.7929	23.1838	8.20543	24.392	19.5534	12.3749	21.3368	35.5555	27.3875	30.5381	32.5921	26.0883	21.9008	22.3364	24.5208	18.8255	11.1054	23.8264	30.4663	20.7733	28.9636	11.7074	17.1226	15.466	17.2149	16.7842	14.7529	9.41642	12.3558	14.1768	15.4643	16.2297	15.6793	5.90447	5.26318	13.6754	30.2279	36.6613	38.3424	40.1395	13.7118	26.9866	32.6023	31.1678	16.9108	11.8537	11.8726	31.7212	24.6831	9.99142	4.9147	11.0766	15.7542	13.1921	37.0884	38.5973	26.4887	40.1731	22.2974	6.23826	20.5788	20.3972	33.273	43.2372	41.9556	31.0334	47.6216	30.2703	40.1223	48.1132	49.3443	52.8035	29.133	17.5409	23.5906	27.2243	15.865	19.4173	20.2235	20.076	13.9964	18.513	21.4609	20.9444	17.3982	14.5142	16.5766	21.804	14.9264	6.15357	7.52684	16.0122	57.6823	65.1171	56.3036	41.7117	38.2371	51.6402	57.5353	51.7335	43.9469	42.3174	33.4008	33.9032	62.3135	62.2629	25.8101	49.3567	54.686	54.7941	36.3632	51.9915	40.8393	43.5459	29.0408	26.6636	38.8305	37.7041	24.0359	23.5335	34.8047	43.9612	45.7085	47.7602	33.4896	31.6322	34.575	34.8215	42.6199	47.9527	48.3746	41.295	43.4464	60.0084	62.8252	56.2356	40.1764	68.1296	68.8459	68.2764	72.4412	72.5767	63.8361	54.3225	55.9748	56.089	57.1958	53.5444	45.8923	30.6827	13.0749	14.182	18.2203	15.1997	20.1213	34.3823	43.1519	48.1206	51.8591	45.7989	22.1179	20.2075	24.4588	27.9431	38.5729	41.5929	50.2429	53.3124	47.4054	33.0315	15.4411	3.67313	13.6746	35.9607	29.7058	13.581	12.0458	14.3566	22.0276	19.6192	10.8285	8.55389	11.8252	20.5116	25.8049	32.1019	41.7816	45.4778	45.9515	48.1295	48.7668	43.1026	40.5023	42.9064	49.7024	51.928	52.6382	53.4209	49.5699	45.6013	37.4006	35.3599	41.0757	42.9052
59.7331	61.0767	58.0704	62.0617	51.6536	60.8343	63.2363	58.972	53.3926	62.7729	66.3024	61.6784	37.4834	18.5887	40.8088	39.6541	53.3994	57.3137	48.4189	33.0744	51.0216	45.1435	35.6054	35.3603	51.731	60.5002	60.8356	59.1133	47.32	33.1104	34.7719	33.9505	35.6004	40.905	40.7712	33.8643	25.6826	28.5526	22.6941	22.027	26.4937	30.5673	41.7092	44.6244	42.0937	38.7028	46.9262	43.9127	36.0482	30.6804	43.861	46.3034	49.0217	49.3279	43.3166	30.2364	7.74166	7.43502	20.85	33.3066	28.7175	33.745	37.2792	30.9755	27.7974	27.4376	27.0229	24.643	28.1953	24.1732	26.7305	22.3145	27.2319	8.85141	14.8826	10.5077	8.31965	13.6948	15.9769	17.4693	16.4626	17.5727	23.1839	16.4522	13.9469	9.10383	5.45102	11.3087	19.4547	30.4121	28.9153	38.9654	36.5191	14.1843	29.2968	34.7458	18.4935	6.07884	4.30658	24.6549	25.6327	10.8052	13.8933	5.74851	8.73907	19.7866	33.0056	36.5037	31.4909	28.6552	29.0152	39.8634	33.9021	24.0222	32.4097	40.3729	39.6455	25.8048	27.241	36.6394	51.1963	52.2876	40.7486	40.3765	32.8985	21.4321	28.076	27.1524	14.9547	15.1795	10.0688	24.0453	17.9506	7.03678	16.0346	22.1685	23.3676	21.0153	17.1794	18.7252	8.55329	12.0527	11.9958	11.5068	38.7739	59.8078	61.4804	49.0672	52.006	59.6998	61.8692	60.9403	55.4365	56.0813	49.2667	27.186	44.9883	66.0253	56.8092	39.603	47.9046	46.5245	32.9303	45.3672	37.4947	33.5413	21.676	20.7643	37.7597	30.3255	19.214	34.6277	36.3939	34.0761	40.2274	45.5091	38.5429	27.0345	19.1781	16.0172	21.1478	26.9121	23.7035	16.7516	15.5156	35.2371	45.3953	42.9278	32.0039	59.0759	67.807	67.7848	68.1857	64.3677	50.7516	35.0729	28.3449	28.5683	37.5655	37.8809	30.0081	12.2324	13.2656	21.6213	24.7054	28.8239	39.815	49.0117	50.383	55.8543	61.8204	62.6436	56.8027	43.4141	37.847	42.6702	45.2443	53.5505	59.0448	60.5214	59.0588	48.9057	35.4873	19.6937	21.3031	37.8383	28.8073	15.0557	12.2719	16.9955	19.9826	13.8563	8.22911	13.477	31.2789	33.2185	23.746	19.2493	34.8011	40.3998	41.3193	43.4691	43.5528	42.5963	45.6723	49.1875	56.8057	58.2425	50.9862	53.5657	54.1889	53.7297	43.9714	35.8245	26.9379	28.1871
59.7494	63.4186	56.7113	61.3198	55.8376	21.6205	17.245	32.81	44.4509	52.819	34.8045	49.7389	52.559	50.4871	48.5273	46.5423	21.9651	41.451	45.0195	18.7613	49.7698	61.4069	65.8637	60.6235	32.4487	28.5011	35.945	55.4214	51.2522	42.5225	42.058	35.1456	27.6676	23.532	22.7288	23.7615	26.3451	29.4094	24.0266	20.9729	16.4028	19.3921	17.5828	26.0605	23.7293	27.233	37.7375	24.236	33.9353	12.6814	18.24	18.8325	29.6589	37.6677	49.502	51.1062	44.6646	33.6113	20.6073	11.4116	30.3504	38.0407	42.1051	44.671	43.323	39.2071	36.7116	37.9271	29.665	12.9606	27.8588	29.9351	21.1252	10.7334	17.3121	13.1844	18.3099	12.4974	4.9494	14.0712	8.73179	22.9151	26.573	27.1542	30.6857	24.2831	12.8075	12.2642	33.6013	44.5555	42.4412	43.1538	50.0902	37.9862	4.66282	37.0488	35.3884	6.33882	10.4921	22.7084	23.493	19.1836	33.1959	32.0307	28.5478	27.805	30.5644	37.1157	18.789	29.062	15.5118	14.841	33.2809	46.7971	42.4423	17.5569	25.4317	23.555	8.86069	23.7651	27.7007	18.6693	26.9888	34.517	32.6933	25.974	27.1033	28.4599	25.2983	35.6702	40.7515	25.1308	14.2712	10.1252	12.0346	12.3666	9.39025	6.52215	8.86069	16.981	12.5438	8.16696	15.7248	27.4779	34.6059	45.8432	58.8775	41.9861	59.0335	64.1107	64.4039	67.2021	62.6788	64.2499	62.1093	27.5739	45.0155	67.496	63.6552	28.4638	19.5898	17.0644	16.1067	38.6405	47.3225	35.8053	28.4341	31.595	36.7814	30.9191	27.1077	36.7887	35.0453	28.5126	28.6812	37.3039	28.3378	9.69811	6.40059	9.77569	12.8633	16.8724	17.5814	19.2402	13.9105	7.47129	23.7981	33.3954	36.5655	40.7102	55.0274	57.3194	57.4728	48.2687	15.6016	6.18079	8.61749	20.4833	26.0737	18.8508	8.01036	14.2512	17.934	15.9891	16.0622	25.8875	35.131	44.3023	42.8044	37.6039	34.2529	38.3979	59.2397	62.9236	60.869	56.5079	49.9784	49.8895	47.465	38.6394	45.826	55.7161	54.8922	46.6783	39.8968	44.1509	37.2934	36.503	27.6637	9.27224	22.2697	13.3552	10.6582	24.3994	46.2256	56.7209	58.6458	45.2687	38.0835	33.4519	18.0008	21.1039	23.2758	19.9659	21.5493	26.0679	38.3153	41.9119	53.8665	55.4229	48.4828	40.7964	37.8506	35.2883	24.822	12.7252
57.1698	59.4726	51.9302	54.8232	56.8658	40.9974	33.8533	37.7807	46.9526	46.1347	33.4706	46.8315	58.9687	61.0303	56.0624	45.5391	29.9715	34.8978	52.4751	50.6566	27.1775	42.1378	54.7773	63.187	47.9784	50.3399	44.8302	41.6569	28.8288	26.3951	37.7448	30.3501	22.608	19.8779	17.1759	15.6646	19.8343	22.9734	25.2644	27.3367	18.1164	23.075	26.4532	33.2042	28.3094	38.9137	37.6515	25.3613	35.9789	28.5244	24.8934	20.5141	24.3642	26.0742	37.2391	45.0188	45.6512	43.6637	45.1406	42.8576	34.5239	13.8854	20.7519	36.8964	40.8476	38.8043	34.5915	33.0763	27.5164	30.1444	34.0708	37.6758	18.8069	30.5838	35.9834	28.4694	25.14	17.1836	12.2027	14.3212	13.1167	17.8632	23.3736	33.2039	41.3492	38.1549	31.2238	29.025	11.9026	21.5469	35.6614	41.2012	47.6281	49.2962	34.3202	20.9228	43.506	30.8518	8.93849	23.6197	20.8178	19.6386	31.9994	27.718	35.2024	37.0667	32.0623	34.0796	3.09792	28.0153	34.1812	51.8117	53.8546	50.5005	43.5363	40.3402	27.5775	28.7382	24.1573	21.7986	20.8716	15.9184	25.0565	30.2119	30.4741	29.3096	27.8503	29.2767	31.4749	32.5776	29.4219	33.5374	20.9702	7.73137	7.16435	16.774	14.3301	7.5708	6.4498	12.6634	14.1	6.56358	18.9289	26.5184	25.6972	38.7922	52.1155	36.5795	60.3163	64.3934	62.4731	67.389	60.6033	66.0628	70.0237	29.8463	54.405	64.9449	59.2251	27.1775	27.292	20.6706	21.1151	35.9807	45.7822	41.3774	28.6602	38.8889	35.5878	30.2725	25.5043	29.6286	30.1296	27.5762	24.079	32.9853	28.8034	23.1327	17.7976	11.7328	9.75097	8.9753	11.9099	14.4432	20.2169	11.6587	24.9176	36.2675	43.3156	32.9622	36.4478	50.8544	53.1371	38.1916	9.04052	6.92517	12.5744	16.2351	25.9006	18.42	7.25037	12.8779	16.4999	18.7496	19.8881	24.3355	32.4745	51.8411	55.3761	35.4823	30.6519	32.2999	31.4849	42.591	46.2251	44.0307	39.043	36.6711	34.1055	25.8503	29.8426	49.053	56.6097	57.241	58.2934	61.1754	56.597	49.0632	45.101	28.1315	26.0547	8.57856	18.901	30.9462	57.5865	62.5957	65.6139	64.184	59.0535	49.3833	39.4715	36.0949	35.4934	28.4341	21.1256	17.7151	24.1578	38.7915	47.4366	49.0748	43.1649	32.5028	26.051	21.7031	14.0968	10.2112
69.1733	69.1962	66.4462	70.4274	71.983	54.1971	39.1817	53.5173	44.1932	27.9171	25.6281	15.6351	17.7894	21.1449	23.3541	27.514	23.653	26.4141	45.6983	56.4326	61.7871	66.5263	66.4183	69.1473	55.1246	37.2946	47.804	48.183	34.024	17.9339	32.6435	20.1303	5.93877	6.77835	10.2774	11.4501	11.2422	8.43395	16.7772	23.3128	16.2247	17.2721	23.2867	35.4365	36.1815	39.3147	25.3129	18.2736	25.5181	30.969	35.5089	31.7033	21.8665	21.3244	21.6177	25.2077	29.0287	31.1633	32.7433	37.8665	47.1475	49.7094	44.7021	32.1791	29.2991	22.1018	13.6299	16.7562	5.70615	27.5587	40.994	48.4029	36.2743	38.6636	32.6745	29.5332	21.7152	16.9071	20.9057	7.19363	20.2058	12.021	17.949	29.5899	32.6885	37.1511	35.3091	39.972	36.2731	26.3412	22.6612	26.3084	24.6304	39.4791	49.9283	36.7299	22.4072	42.5916	32.5326	12.2683	25.6822	17.1993	37.0362	28.2426	24.8908	39.2695	39.6413	30.7387	3.28226	40.8882	52.1042	50.1056	43.5932	34.9976	29.2361	40.0165	42.2598	38.3454	28.6134	13.7541	6.52063	12.8449	16.2863	19.7871	23.4493	23.8132	22.1762	22.3731	22.2002	35.3282	27.1654	15.15	6.84697	15.9602	17.0554	15.7878	17.4125	13.226	14.314	12.819	9.41247	13.2149	13.6906	11.9089	17.7013	32.9116	49.0184	57.1741	61.5612	63.8608	39.8813	58.0748	50.6551	64.1436	71.272	45.3164	50.8651	64.1501	59.1934	46.0141	48.5665	52.0582	48.1749	40.0025	37.3496	45.0631	18.0833	30.9046	16.5095	23.0882	23.6526	23.731	27.4724	30.6803	29.8275	31.8288	34.1348	24.1267	11.8103	14.1674	16.5792	11.5775	14.684	19.3462	23.0842	19.9357	13.8405	18.2548	33.2813	40.8051	41.9952	38.4756	22.7805	4.13486	13.7372	23.4558	24.0441	16.7593	18.0249	19.6874	9.22727	10.8149	14.8427	17.6837	20.4578	23.2435	21.4112	43.2896	56.6635	50.1871	42.9313	47.1741	39.0016	15.4807	11.4401	8.57739	9.42934	10.5401	11.6264	12.3275	12.7228	17.0524	27.4434	35.8121	31.4687	35.917	43.6883	57.3909	65.8483	69.1533	68.6694	63.49	52.4225	52.3413	64.3157	61.7441	54.3908	62.1582	59.8758	47.0032	16.4056	6.56314	22.9317	21.7026	31.7934	41.3293	36.8678	30.2453	42.9455	47.994	43.1079	28.8821	17.1875	6.81679	9.31551	9.15148
73.4661	73.1984	72.3538	74.0422	70.572	66.9713	62.4905	49.8001	39.1408	19.7475	16.2794	12.228	13.4426	20.4407	23.5342	20.7244	16.0687	16.2234	23.1177	34.4211	44.7144	59.0255	64.4317	59.5559	38.2059	20.1181	26.376	27.044	27.4147	20.1998	27.0747	17.2994	7.38566	9.19553	12.8595	9.53666	11.0139	10.2104	8.79466	11.6945	6.17658	9.13924	3.77025	17.8311	20.4863	25.4282	13.1498	17.1187	14.8434	21.1875	28.2629	26.7526	19.7065	20.8519	20.4146	23.8234	26.1418	22.2067	12.9404	15.6039	18.7024	28.9324	36.3572	44.1402	52.4769	52.044	47.4147	42.3417	32.4212	12.6981	26.4972	46.6441	46.1478	36.0128	26.2843	32.8354	22.9055	15.0172	24.9487	2.47877	23.9614	9.22043	15.9182	27.2819	21.5378	35.0121	39.1186	38.6047	31.8906	26.4642	21.0407	24.9496	14.8074	15.0995	34.6759	48.2651	26.2054	37.0021	42.3417	32.9982	23.6902	11.5773	35.6101	49.6029	46.9762	21.3697	40.8379	34.6417	8.81451	55.7597	57.0057	37.3761	22.4367	19.0406	21.2862	28.7248	34.4359	30.2712	13.8757	11.8713	19.7908	22.2343	21.8291	22.1092	21.4452	22.4139	27.1978	27.2092	22.7684	27.7454	29.7045	21.0403	13.7792	10.5915	21.9377	20.5462	18.9327	13.8175	12.3456	10.1228	7.7448	7.76855	11.1156	9.15023	8.95165	30.5528	49.7683	58.754	61.6671	60.2026	29.8263	44.3773	50.4295	63.0615	68.2444	57.3797	23.6059	68.3089	66.0777	52.6736	45.2526	46.3349	45.1505	36.0435	39.2375	45.7066	21.8758	12.1439	18.1133	26.937	33.0221	35.3751	38.8903	41.8049	42.643	37.7083	32.1762	21.2726	14.5786	16.171	24.3966	28.8362	21.0749	16.3984	17.3266	21.4093	11.7772	19.161	28.7074	36.325	29.5443	14.8185	5.14533	11.0409	19.7329	23.4878	26.2865	26.7282	25.4454	26.1313	20.7601	15.2854	13.8726	18.6252	20.0049	27.5305	23.4489	29.3541	42.6882	52.7677	58.2514	60.9419	57.1978	34.7306	23.543	10.5469	10.9523	9.19068	4.50465	1.92198	2.94115	8.94366	30.5365	50.6653	57.1555	47.7532	35.7432	51.2196	63.1369	66.9011	67.2066	62.665	45.8512	49.5755	63.9671	55.9723	41.6728	48.0331	51.5558	49.5033	26.3734	7.19486	27.1942	38.8556	33.7961	33.242	37.2329	26.3887	22.5765	38.5149	42.1038	26.6024	19.9338	18.2122	7.67733	8.71788
64.2699	59.7118	61.5079	66.0964	35.5242	73.3456	66.2542	31.0227	24.5285	14.2506	9.52362	4.17651	5.99667	8.94277	11.0707	10.1331	8.94277	7.91536	7.90072	15.2143	5.86108	14.4014	16.3902	20.3359	14.3452	8.16435	10.7125	9.19037	17.5709	15.5574	17.7622	17.1657	10.3962	9.26294	10.1966	7.86187	9.84105	8.32434	6.55495	7.63285	5.0932	4.95052	6.88791	8.94881	7.20234	14.2345	4.71105	14.7884	2.57752	2.24096	7.97668	12.4926	19.7154	16.1052	15.1296	18.2704	16.3904	14.4874	15.897	19.5115	18.8967	21.6518	14.1199	33.8157	28.7062	28.6333	33.3234	38.3957	43.1257	35.6605	10.2135	16.4139	34.1607	23.623	16.4392	29.4603	15.9681	15.7937	32.7366	8.38159	17.0677	17.8553	7.49344	16.9938	11.7659	19.4764	36.1017	36.7378	18.5521	18.2951	21.4692	25.0024	12.271	12.7028	22.7088	47.9423	42.3383	11.3253	26.849	36.8829	24.7846	22.4985	26.0662	31.0514	37.5609	34.5719	45.7706	30.2514	29.9771	59.7223	51.1022	16.4702	3.07318	9.41134	10.7605	6.90642	3.57365	12.4556	22.5297	25.5539	18.691	16.6055	30.5782	27.5425	11.5925	15.5904	22.9821	22.3459	15.2901	14.0177	16.9261	20.435	21.5913	17.6571	4.55944	10.4115	15.4354	9.37484	3.54057	4.55924	8.86544	10.3324	13.0133	15.1872	14.6816	22.8655	36.5918	40.195	49.8063	44.0516	15.2687	25.7688	39.2287	61.9189	65.3414	60.3387	36.8947	69.1575	69.896	44.0317	26.1858	9.47474	18.6622	25.944	33.7912	37.0459	26.2773	18.0694	21.5381	12.9286	13.841	17.8689	16.0405	17.5767	26.5718	30.7713	28.7559	16.8752	9.68835	3.19536	27.2837	36.7594	13.0878	7.08875	14.1742	24.219	14.7591	10.649	14.5233	13.3504	12.8528	12.0756	14.9726	16.2061	21.3757	23.0235	29.3078	36.883	44.2751	41.8047	32.1952	28.2551	33.1719	32.8738	21.404	18.9713	23.2834	25.4449	35.0134	40.9325	38.8535	54.3697	57.5668	40.7928	30.4314	29.0781	34.2062	27.2344	15.1868	22.2046	24.6787	13.9826	37.0738	52.7581	49.9976	44.6174	55.2317	42.7061	11.2107	50.171	63.5387	58.2355	25.2739	53.0473	62.6747	45.7948	16.4549	18.0913	50.4526	46.6474	43.2056	55.4467	57.6008	52.411	35.4146	22.4453	18.0178	37.2097	43.8911	47.7043	46.4997	31.1014	22.6779	20.6713	4.66104	10.5149
64.6745	66.4658	64.5329	40.8552	60.5645	73.5608	62.5734	25.8642	17.6784	12.6392	12.3236	7.42314	4.98538	8.39258	9.07995	9.87386	9.29909	8.35157	7.84128	17.8326	8.57005	18.6707	20.7722	14.2705	7.25581	6.39757	10.8056	12.157	15.6209	11.7749	14.204	14.6467	12.4913	9.13785	8.24232	6.07544	6.01522	9.39655	12.517	9.22957	9.67749	7.02253	5.85585	7.20987	6.98308	11.7543	9.39054	15.2423	7.3056	9.17544	9.07678	6.07067	17.0841	16.5016	18.6233	19.3412	15.7606	15.6929	17.3769	22.9678	27.8919	27.5863	27.258	25.6479	5.09877	13.4424	16.2498	22.1541	37.3105	41.1004	24.9632	7.56966	15.9656	22.5287	19.9945	29.3986	23.6839	26.2064	40.4398	29.5651	16.2137	22.0543	16.3881	4.15142	22.4724	10.5141	33.6884	41.0612	26.9264	29.7988	34.5606	28.0219	16.5687	10.7988	19.3513	43.9375	41.3829	8.39918	12.3744	30.0031	7.97262	23.4238	25.953	23.6869	30.5463	24.953	35.3929	7.8263	45.969	52.9087	44.162	20.6273	20.7991	15.5052	13.7419	12.0383	12.0015	23.819	34.3781	30.8081	14.4271	27.9359	41.2487	32.0968	23.6476	18.3759	17.8538	19.8407	14.1565	10.6116	10.9387	17.9945	20.9982	20.6505	12.7537	7.98666	13.3873	7.40001	7.69266	4.66686	8.33048	3.42176	7.49281	10.1971	14.1805	21.8177	38.8152	41.9149	35.4272	22.5855	16.7325	23.9486	34.7959	62.7022	64.3597	59.6463	57.1841	65.5293	71.031	37.2289	27.7619	4.50381	15.2421	26.357	35.2461	32.9273	16.466	30.0427	41.7235	45.4113	37.0002	38.633	41.632	34.8231	20.26	33.401	35.8401	27.9093	26.0371	25.2242	27.232	28.0445	17.2378	14.4919	15.2741	26.2996	21.7242	12.3835	10.877	14.3331	16.8948	7.03268	7.73758	17.0599	25.0863	32.6048	44.5469	51.4962	52.2527	48.6363	41.2347	35.214	34.4106	30.5917	29.5103	22.5965	7.79315	13.2472	16.5982	19.3101	26.7172	54.6766	60.4366	44.3143	22.6067	34.624	41.3579	45.4583	43.6071	42.1108	39.5939	36.4723	24.1085	51.7233	60.7222	60.3607	53.0319	33.4503	23.487	61.4895	58.4633	17.8993	36.5595	54.9207	58.5504	43.9351	12.0604	20.8925	50.5288	37.1858	39.1807	48.784	49.4067	41.5378	33.8872	27.7165	16.4657	19.4147	37.1798	45.0272	35.902	20.7506	16.7991	15.5048	2.87985	14.6059
71.475	66.7242	15.9004	62.6444	71.7625	70.0441	51.7452	20.5457	29.6932	31.4196	21.5376	11.1276	8.55247	6.87156	4.71017	2.87949	6.20552	7.98639	11.9376	24.7693	29.1848	28.4991	20.8633	13.7883	9.35776	9.75131	11.2033	10.6363	17.3857	19.7303	17.0888	12.0905	13.1455	11.1579	7.9139	6.96615	5.38005	4.46099	9.52188	5.41246	8.09205	14.915	10.8042	4.84218	10.7102	13.5079	16.1434	14.3086	11.2336	13.2991	13.8769	13.023	9.70575	4.75652	9.68049	14.8499	20.2591	22.9849	21.7947	25.6601	31.2964	32.8382	32.4827	25.2867	17.7392	17.3387	17.0293	16.8784	28.446	34.9655	32.3306	39.0291	30.7975	9.11338	11.7355	22.6663	25.2489	25.0039	39.0213	44.2655	45.5914	43.3016	36.806	34.7695	33.0905	24.8722	31.5239	43.233	44.6512	48.0316	49.4476	48.0872	50.5083	51.3999	48.456	44.3953	33.6151	13.139	2.4421	26.7347	21.5656	29.4367	12.8562	9.98452	9.75234	17.2258	6.03391	45.3478	47.078	25.6319	42.9541	39.0144	32.22	28.2892	27.1651	40.9745	46.5795	37.5319	24.9058	13.0194	27.4405	34.5463	43.2919	36.0329	30.6293	29.4405	21.6802	19.8255	18.2706	19.071	22.5303	24.1298	17.8358	15.1344	16.0245	17.5003	12.899	6.98074	10.8555	10.6006	9.22873	5.48743	6.56049	7.68051	17.1428	28.0059	39.8239	43.4607	23.6008	2.68349	4.37455	8.34396	17.3634	58.8433	62.067	59.0516	67.515	62.2321	66.4697	40.6062	33.8185	20.2558	1.54694	23.1521	41.4242	45.3267	38.4709	41.9273	42.2496	46.8344	51.3167	46.8997	34.0977	24.3737	22.503	36.7953	34.7734	21.1971	9.92428	4.22123	9.37262	19.3459	28.4549	29.9297	29.5257	35.9572	34.3005	32.2962	31.6352	19.7811	17.9074	17.9566	22.7453	28.6981	35.763	42.7383	52.9188	53.7271	44.6264	43.1728	42.8411	41.1117	36.1661	28.7044	27.2187	28.431	27.3045	20.6712	14.0274	9.98865	6.64656	41.5304	60.9865	60.8247	57.675	51.9779	51.8217	61.6653	65.5618	62.3962	57.6012	52.4281	5.93657	14.2412	28.8486	33.6996	28.3075	17.5182	34.0478	59.2628	65.9388	66.7108	64.3365	58.515	52.6164	42.4748	11.2184	19.334	49.1845	44.9334	37.1317	32.4113	27.0211	28.9854	28.3254	25.8603	24.5554	11.1786	25.1457	21.3564	17.3076	15.2738	16.0771	11.222	6.9637	14.9085
66.9848	69.636	56.629	64.8394	62.8521	54.399	32.1828	26.0146	28.0868	36.0464	26.6094	11.7544	9.56158	12.2563	15.4524	14.4215	8.23884	2.62229	7.74145	18.9263	28.1735	25.1985	19.1652	15.5024	14.4536	13.902	11.3072	9.0751	14.1036	16.3452	13.2199	11.0166	11.2009	9.37168	6.72807	10.7159	13.6128	13.7519	11.127	5.94617	4.54198	13.0631	14.4351	5.09174	6.47099	14.2914	16.0321	12.5592	10.9551	11.4781	12.5339	14.063	14.3521	15.8097	13.9412	5.45502	2.2336	7.56804	6.89611	12.0576	14.2955	14.8681	17.6548	15.0596	18.5364	23.8517	29.4207	32.2691	27.5199	11.956	37.7149	42.9862	44.7226	38.1997	36.8309	31.8005	26.1479	16.6228	7.5281	6.35526	17.8869	27.4451	27.6932	32.043	33.382	25.3	27.0488	38.8213	45.4671	46.3039	44.2507	42.9079	47.2878	50.2337	47.8112	33.8257	8.02827	18.2546	19.8552	4.47368	12.9825	9.98295	28.8491	41.9595	36.2659	20.378	34.2782	55.087	39.4236	26.3372	36.5606	47.0339	45.7212	46.0172	43.5804	40.8808	31.3977	25.4112	24.3976	36.5983	33.9769	32.0429	41.0542	41.8684	29.1737	32.1299	27.5618	26.5629	26.1278	28.4181	30.9195	29.5291	22.7587	15.9629	21.4481	21.5751	14.997	14.7879	16.228	16.3338	16.0628	14.0232	14.4743	21.2029	23.0463	31.4839	41.4891	37.4358	19.0279	10.9372	10.1302	11.2374	7.82337	46.547	52.6099	49.4809	61.1378	54.0933	40.8499	50.9909	35.7435	23.8896	18.2537	21.5551	41.7682	55.3221	56.1123	49.0951	36.639	31.8226	39.8114	36.7778	19.7213	17.9273	30.3334	30.1815	14.1538	26.6039	28.447	26.309	21.7948	28.3756	41.904	47.299	45.5744	46.3409	39.3812	28.0879	31.4362	32.908	39.5025	40.5262	41.9079	46.3436	51.7542	53.7873	53.9199	44.7971	23.536	27.289	26.0346	24.0799	20.6135	15.8886	12.8714	16.9948	24.2427	26.5051	23.7102	22.3198	21.0148	13.4481	41.0506	54.8811	58.9691	56.4297	52.097	51.9749	52.2416	52.9955	63.7584	59.0882	15.5984	9.65788	4.14695	8.71485	14.9954	14.3795	27.0825	46.8323	58.1335	62.1415	61.8318	57.3664	47.1378	31.2055	11.1165	11.644	37.1653	44.5602	23.7588	27.0287	17.9437	16.2294	17.6666	20.8776	28.4342	18.5818	26.4394	17.0282	12.6513	12.5425	13.1883	4.55813	10.2394	11.6288
61.3421	48.5544	33.4545	51.9734	57.1863	42.7658	25.0717	29.0583	25.9739	41.2182	24.5694	9.35577	9.52805	13.9311	17.2637	20.4662	13.5324	8.69752	15.6441	18.227	3.20786	4.7834	8.95045	9.82479	10.0502	7.25374	6.05957	6.57497	7.89769	8.09572	10.5582	7.83726	5.69511	4.52847	8.24495	6.89568	7.95378	7.5675	10.7438	11.7824	13.386	14.7396	13.2256	4.77713	3.81087	6.517	8.61293	9.12445	7.67933	7.01434	7.01229	7.8813	10.1054	9.48004	6.45909	10.2556	16.1995	18.1276	17.4515	21.194	23.3494	21.7395	18.7165	21.6495	30.4205	34.648	35.3028	26.0935	5.4542	31.0907	30.1406	26.1458	35.8175	34.8879	44.816	46.461	46.9205	44.6982	49.2508	52.9369	53.3993	48.8422	34.9187	20.4282	10.1932	5.70288	1.54664	8.69752	9.60985	7.38226	4.5768	16.6699	20.4114	20.7098	26.0574	33.9433	34.6888	33.1263	29.7509	27.0323	16.9226	15.3472	37.5637	22.9372	44.4963	19.8507	46.885	52.18	8.53268	47.7504	26.0608	25.9984	24.765	31.2363	17.0141	28.5264	41.5653	43.4856	35.0452	24.2767	14.4355	21.5336	36.584	43.1796	29.6627	32.8231	34.9199	27.8201	29.43	30.9951	26.0827	21.0658	20.6314	18.6398	15.4963	17.9846	11.4765	11.396	10.1221	8.33543	9.37126	11.9411	22.7082	32.8903	26.0443	18.2714	41.3287	28.9918	19.0529	12.9524	6.52385	6.60548	5.32418	36.3828	37.9141	22.4222	30.226	51.4091	12.2545	53.0653	38.8911	30.4411	29.128	20.3746	28.5905	39.9079	48.0519	46.4633	40.5344	30.005	23.0174	28.3827	23.5853	27.6908	30.1625	14.7344	17.7793	25.6441	24.4057	15.1781	8.86208	36.057	42.8982	45.6353	46.1052	48.552	43.7218	25.4522	31.646	40.4002	50.1815	51.3553	53.6846	52.6662	47.4188	43.5876	38.3925	27.4954	7.73529	19.8304	15.089	11.3552	12.035	9.5502	1.6924	9.57408	11.2477	15.5278	18.1049	14.3753	7.75575	2.67198	15.0067	10.437	6.61228	24.5585	20.9048	5.44624	15.3544	25.8145	62.7807	62.7071	48.203	37.959	28.1382	17.4548	4.83194	7.96126	10.4994	13.0458	17.0686	20.4753	21.2779	20.5013	17.6811	10.7568	10.1399	6.84502	21.4821	38.3798	20.2566	30.6995	35.6876	24.8769	6.36137	14.1529	23.754	15.5339	19.1032	12.3202	8.63773	8.11674	7.2635	2.44148	11.4435	10.8386
24.3631	8.94967	19.4335	45.1281	52.4525	39.0526	51.4422	48.9939	48.1754	40.2971	21.7917	10.1269	16.1982	24.5777	24.2781	28.0119	14.328	7.02011	12.844	20.4911	15.3459	11.934	8.69981	7.30281	10.3275	11.8967	7.64093	2.19991	3.30237	3.91337	10.4931	11.1654	7.49234	7.72544	4.20604	5.36493	13.5958	14.2242	5.75546	6.44271	10.6917	12.4639	11.5596	8.17457	7.71989	8.367	7.12608	1.25104	2.61616	7.2731	10.0873	5.88573	3.69723	5.23266	5.63547	6.26865	7.30254	7.18289	7.0855	17.1512	20.0244	18.9701	22.5481	26.8253	35.4974	31.9834	14.2049	24.0149	38.8686	38.5164	21.6639	23.8386	27.2208	20.7997	28.9235	26.8512	36.6576	38.6147	44.6369	45.6257	48.1676	53.5794	52.4151	46.9168	40.0635	25.6508	17.4448	16.8935	17.8425	17.2093	36.1733	45.4121	49.4598	51.9799	53.6201	52.9808	49.3786	47.5607	48.8943	50.447	43.7686	18.5288	27.0376	25.6165	44.6636	9.39304	43.4846	49.3778	20.6902	48.7758	16.5464	36.9186	35.4991	30.5738	40.8349	42.0524	35.7792	29.7581	23.0277	15.4986	10.869	13.0344	36.2061	45.998	40.7851	23.0257	31.5193	34.1072	34.4619	29.0974	21.406	17.9463	17.0142	18.8082	12.0977	12.7139	14.0983	12.0416	2.23976	3.91337	5.38115	10.2253	24.7977	28.4804	20.3733	20.7285	32.4582	24.6487	14.7764	10.4358	9.59517	10.6965	7.39905	30.9232	31.7753	23.9258	23.5677	51.6908	43.3405	49.326	38.1448	34.5393	33.4182	23.0975	26.9086	16.1881	18.9609	20.0246	25.3757	22.4892	21.2825	30.4801	28.7368	33.8259	29.6044	27.2231	33.5304	16.6614	29.0457	29.5793	23.4802	36.6781	32.295	19.2932	30.2444	45.0602	39.6506	43.1209	53.141	54.4073	51.9076	51.2387	53.3719	46.0112	32.0372	27.9268	23.9144	18.6127	12.5032	24.2602	17.5311	13.3823	10.9963	4.37356	9.26436	13.2119	12.0342	14.981	14.5261	14.3083	13.8091	4.23715	18.4465	16.6488	18.1383	17.0841	17.9626	19.0998	17.8511	2.85828	50.4732	64.9089	63.9167	59.0333	54.061	45.4208	23.3812	2.71545	6.64466	10.2395	12.4496	13.6446	13.1079	13.4647	14.9943	10.0975	9.58943	8.612	17.9457	40.0232	34.8735	16.3509	39.5282	43.9942	21.6868	10.5573	19.1971	16.334	14.1584	12.5697	8.71299	9.38234	6.72694	5.33747	10.601	12.3506
19.5719	41.1452	40.3086	43.3864	48.02	62.9723	61.1301	56.035	55.8991	36.1411	27.1202	31.4963	35.5071	28.7701	22.5901	32.0264	18.4212	13.0308	14.7619	20.4533	21.114	20.0624	17.7591	15.2543	11.9213	10.2147	10.075	5.98082	4.09239	6.33513	6.94477	8.42977	10.8177	14.2359	13.0908	12.6337	11.2179	11.1738	9.92042	9.91039	7.77861	7.80452	3.13297	4.26111	5.94438	6.18424	8.60473	9.51288	11.7695	10.3525	12.6957	11.607	12.9555	10.5204	8.23846	10.7127	11.7978	14.6268	19.583	27.0577	25.6596	9.38597	5.25716	23.5297	27.9336	10.5096	35.058	42.895	41.2168	27.4989	13.9838	18.2067	23.4294	32.8588	29.0673	22.2515	29.1087	28.2234	28.7629	23.1736	27.2687	41.3715	47.8089	47.4908	50.9886	51.9131	52.9674	53.017	51.2235	46.1632	41.7262	30.3972	19.375	26.359	34.4401	37.0769	29.5525	28.4911	36.0236	44.7146	49.6049	38.2478	7.01107	14.2463	29.2404	9.22039	34.5213	53.4074	49.955	40.0319	9.51839	39.927	36.0864	41.5517	33.0608	26.5706	18.9092	23.8092	23.3789	11.3941	7.39617	5.04138	33.2888	46.3173	42.2184	36.1147	23.4778	9.67257	9.32507	6.87948	5.01817	9.26358	5.57224	4.5407	10.1873	11.5792	6.74763	12.6245	5.38063	3.03756	7.54893	10.8589	22.976	22.4941	11.1587	24.5816	35.5455	29.5146	22.5526	16.5859	9.03448	6.33275	8.80063	14.7732	25.6976	25.4731	24.7708	45.8477	50.707	44.9675	26.9403	31.4868	38.8906	29.3672	22.7374	10.3265	12.1159	17.7424	25.0642	27.6602	25.6278	32.2363	37.5279	35.8583	27.7733	35.6509	42.703	25.8321	33.6772	47.1376	45.0447	34.4224	27.4548	19.9025	28.0617	43.082	40.8438	53.7522	53.8605	52.595	47.2134	40.4605	33.9099	28.7239	32.5148	31.3339	26.5626	14.3497	16.2425	24.8543	20.0133	13.7764	10.8718	7.89624	15.1222	10.7546	5.81548	9.59622	17.2053	24.437	27.6958	25.4114	24.4029	26.2593	20.9501	24.5253	25.3363	23.9655	22.3226	28.525	10.6628	35.1832	52.1105	53.7866	54.6492	55.3222	49.9627	39.2224	27.0077	16.0011	8.21056	5.51726	3.96135	0.859206	7.4198	12.3903	13.4296	10.993	14.488	35.9984	49.156	51.574	41.7823	43.6005	29.0494	10.4706	17.6881	20.0476	18.7922	15.6952	13.0317	14.7151	10.3375	8.69735	9.54264	15.8054
59.0278	52.0861	56.4057	55.8608	60.4688	54.8262	50.5544	56.8295	50.4081	48.6687	33.2639	45.5931	48.1158	44.9099	40.2536	38.6005	21.8026	20.5034	25.3869	25.3146	19.6976	18.4473	12.1865	9.41973	10.3893	10.6417	9.17455	6.22329	7.56714	7.7461	4.99743	6.07232	9.95562	11.5782	12.2518	16.2312	15.7501	12.9308	11.6968	11.6006	2.50043	5.1131	8.95763	15.0348	17.5659	15.0214	13.2048	12.9096	10.805	9.31799	7.30117	7.2877	8.18006	7.9009	8.03091	9.09365	12.484	17.0227	19.506	29.8264	30.2396	23.6502	19.4466	28.1855	17.8027	24.0036	28.8927	28.4534	18.7546	12.8284	17.0064	7.47343	26.6919	34.1727	29.9164	23.9077	23.3738	16.0909	14.2562	15.8128	20.397	30.2999	36.1594	29.7012	39.5785	49.6651	53.3921	52.341	51.2116	50.4567	36.3267	7.72411	23.0768	35.6438	47.0597	50.2479	48.0432	44.1674	43.0509	40.9314	31.9911	30.5378	27.9082	11.371	12.3896	20.575	5.09559	30.6981	44.2507	34.5064	27.8691	41.4836	33.6146	19.1989	20.6622	2.15223	17.4217	28.9406	41.2773	43.1553	33.321	18.4161	30.3203	38.8457	39.9777	46.0986	48.3128	39.3232	30.0491	27.4489	22.1218	20.5007	18.1294	13.4682	7.18942	1.47796	3.58356	11.2019	12.2245	12.0628	14.7296	16.5573	23.2927	13.578	16.3345	27.4314	24.8241	17.0099	14.1876	6.91686	3.47101	11.4618	15.4157	15.9707	28.2128	37.8043	39.9318	45.6013	47.386	40.1073	29.262	22.5182	39.004	39.67	22.307	10.8713	9.37173	10.0574	15.7695	23.2323	21.295	19.4594	17.8886	7.94452	15.2945	34.8083	42.6754	34.8151	23.6315	28.1291	37.8284	36.0599	28.0383	20.723	28.1169	37.5751	47.161	43.9823	32.9997	30.0221	29.1535	18.2681	14.4188	12.6336	18.7118	20.2503	16.7661	6.55109	15.5788	20.449	19.7208	19.8406	22.2524	23.1107	20.994	9.67661	2.50043	11.0628	11.3174	15.14	24.3635	26.6922	27.6226	26.1754	16.4167	12.341	11.5575	18.1309	20.7236	30.036	37.1899	28.9749	19.364	32.2084	45.3056	47.6732	46.1681	44.2507	44.8338	40.5806	27.4858	17.0825	12.8667	11.2584	12.484	14.5142	13.3496	9.42162	1.62068	16.2874	33.9585	47.5153	50.1192	39.6205	23.1833	9.17497	12.5679	14.0647	15.0259	13.3958	13.3052	12.9531	9.05738	8.58364	5.55894	10.3612
69.6701	52.0132	48.2136	41.5186	22.7048	27.4965	55.4266	56.1696	56.8223	55.1559	40.6462	54.1597	55.4659	59.3783	59.591	53.5223	32.6828	35.0492	29.4773	28.2131	15.2489	17.8192	14.8796	11.7383	6.54785	11.7388	14.5265	12.677	10.1027	10.2282	11.1067	12.5535	14.9759	13.6176	10.5077	4.0774	1.89719	2.31034	5.82444	11.4801	13.6408	15.6492	14.6822	13.2697	13.1168	16.2857	12.7057	10.9231	7.27689	12.2612	4.14874	8.17924	9.05655	8.52771	10.9275	11.6994	13.3792	14.8939	17.2092	23.036	18.7898	13.7169	18.1132	29.9006	17.3357	27.411	24.8056	18.5389	8.74792	19.6195	10.9909	19.9823	22.9461	11.2966	5.36587	7.61004	14.2802	8.69544	9.16889	15.5515	12.997	13.5977	25.4084	25.6044	30.7526	30.5321	28.3884	27.7993	26.1172	33.7168	38.6374	36.1937	32.1777	14.7292	27.9816	36.6587	24.8005	6.05732	14.4631	15.9149	10.3119	29.3511	36.357	12.3162	8.00113	17.5261	27.5571	36.9726	30.1557	13.1456	24.6249	37.2743	47.9016	55.361	52.441	42.5555	33.8259	24.5132	12.5275	9.70156	17.564	21.6906	28.9538	26.0906	15.4242	15.1265	34.2757	35.7525	27.963	28.2769	29.3387	30.6034	29.724	28.0989	24.8595	16.9145	6.73805	5.89133	2.92343	13.1819	22.3781	22.0156	17.8783	2.62088	12.4722	30.4984	28.8416	25.9433	22.5578	12.1114	13.3655	10.9126	5.37696	32.2912	21.1031	23.2707	35.2099	38.1201	38.7399	31.9117	31.9634	40.4658	47.3833	41.781	15.6385	3.33237	2.45858	6.31305	9.35206	0	8.12944	11.8568	21.7179	30.936	40.038	46.9075	44.6407	35.8408	30.3271	15.8011	14.4594	17.2234	15.1935	13.9395	20.6506	20.7295	25.3533	13.8009	15.4607	15.5222	15.5188	14.3388	9.53922	13.8949	10.5075	12.4427	7.27106	6.66194	15.7018	16.9313	7.87081	21.1228	31.7127	32.9562	28.523	24.7955	16.1345	6.74628	14.143	13.08	3.07084	8.5162	15.9149	16.7887	14.7728	17.2023	19.3115	18.875	11.8319	6.60114	23.2899	40.3811	41.5978	26.5851	26.224	39.7351	40.703	37.7131	33.5521	33.826	27.9612	20.9639	25.89	44.5033	52.5113	50.7751	49.9521	51.4092	45.0966	25.6855	2.81578	8.48917	16.109	16.0149	12.0307	10.2226	10.0128	9.07086	9.67119	12.6676	11.3019	3.2567	7.01559	7.41838	9.44502	7.71584
70.258	60.3083	33.6426	31.5097	19.9166	19.0119	41.1235	57.1235	61.3143	51.8315	56.0376	58.0819	47.9257	43.3845	56.9308	56.6067	49.9996	53.0238	49.1927	43.3561	18.2195	17.701	16.7201	9.36989	22.1351	27.5936	25.0757	20.557	13.7043	15.192	19.3914	22.2829	22.4657	17.1388	10.5065	9.69937	9.33494	10.6994	12.2608	15.1717	12.3487	11.8899	12.6762	10.8768	9.03055	13.9333	11.6983	5.65388	10.9984	9.78076	6.16126	6.38821	7.77615	9.27938	18.7755	15.7491	16.1002	23.4276	28.6245	26.9431	19.7686	14.7968	14.5943	21.4523	20.5792	31.0911	27.466	15.6815	16.0369	16.2701	20.1837	23.9523	14.8344	3.97864	13.7043	16.5814	15.2709	4.47111	8.45583	11.8895	12.6846	1.4165	18.2449	28.1459	29.5206	27.7573	25.1529	24.2182	22.5214	21.9362	28.7114	41.9987	39.0686	29.4812	28.1273	28.4333	46.1309	42.0244	41.9129	40.6526	37.3597	42.0459	38.4578	11.541	15.8436	9.96654	22.1156	32.1567	33.3315	29.0995	33.6556	27.4592	8.62899	14.1533	26.6698	20.2997	8.49655	32.3515	43.5633	44.4793	38.2646	22.096	26.0992	23.63	22.7483	25.2352	22.7861	18.2102	11.2109	10.4754	11.8922	18.9491	22.8406	26.5129	20.4262	10.4323	12.8734	8.60198	6.84178	18.4104	24.7926	21.4335	8.05076	13.3282	15.2311	26.4556	16.8306	16.6139	22.0872	13.3971	11.1947	1.84976	8.5286	25.4922	27.4248	22.5684	22.508	10.865	30.0759	29.8285	28.838	40.043	39.1593	23.6517	3.33213	7.18809	7.83335	9.26901	4.11988	3.77822	11.8977	12.883	13.331	19.517	33.1624	43.5636	42.453	36.4906	25.9259	15.7491	9.63345	14.5113	16.0879	11.9717	13.6119	12.1847	11.0497	3.39757	14.6534	10.865	12.6751	18.143	15.8415	14.9597	13.687	8.34529	8.05596	13.3774	16.0303	12.544	5.99381	14.4838	16.9824	22.3747	22.621	24.088	22.0892	15.3927	7.26639	4.34156	10.0385	9.21778	8.3294	9.37714	10.9215	9.60522	15.5586	12.0481	2.17222	9.81455	26.8691	39.2059	46.7791	46.9775	38.0432	19.8064	21.455	36.5633	37.4297	26.2489	13.9329	15.7901	35.5494	48.6885	37.7711	28.0944	3.20634	10.205	39.2693	33.5449	8.25505	4.04799	8.32979	13.906	9.98218	9.86765	7.94308	9.67609	11.9994	13.3778	9.88939	6.33332	6.97605	14.0144	16.3895	13.957
65.8927	59.9144	29.3113	35.3882	28.7456	20.1028	31.9584	33.6534	55.7509	48.7055	52.5925	41.1275	19.2821	17.816	47.1688	53.7535	54.0294	44.8724	53.7197	49.3895	23.7508	18.9568	18.6518	28.9835	42.6302	35.7247	24.8548	19.4777	25.0511	26.6794	23.3907	16.6611	18.1371	14.2814	8.09431	4.14797	10.6391	11.1047	10.3746	7.24968	5.83082	6.22859	2.06777	5.6919	8.96778	11.5543	14.0057	8.89539	7.67472	14.1072	15.7947	9.02978	10.0543	11.4177	19.4656	19.8294	17.8756	15.1853	13.0807	10.8743	9.33356	7.13907	9.30453	11.3918	7.47112	16.2062	14.8832	7.51548	11.5248	10.2719	14.8138	8.56314	9.4653	15.7577	11.6446	8.60797	4.55493	9.9528	11.683	7.35444	8.61613	15.9324	20.9479	24.0047	21.6905	18.3997	19.0171	23.7545	27.8923	22.9878	20.5701	40.7569	40.3665	38.5739	36.4993	27.7242	40.7713	25.3232	13.1674	11.966	25.4928	47.7856	38.2013	37.1476	43.3277	43.7692	42.8245	34.7459	35.8437	49.3208	56.7169	57.8993	59.0754	61.1137	63.9548	63.3384	61.3173	56.3428	41.0662	23.9572	25.2858	27.6761	35.8858	38.4507	38.9356	37.8017	36.2824	33.9011	32.2443	31.3689	28.7875	22.6024	11.4379	26.2261	25.02	14.3362	13.2142	7.04721	9.14855	17.1975	18.1578	22.5668	24.1393	18.0562	23.9797	26.4885	11.2408	10.2879	16.977	9.26004	2.92298	6.8917	7.94016	17.103	14.06	13.9044	28.9674	25.4699	3.09404	23.611	21.0721	26.5136	18.7486	2.77316	5.45107	7.31332	13.6549	4.37152	2.45822	4.03689	11.0397	14.9558	15.5764	16.5826	32.2027	52.2161	43.8728	12.5758	10.1091	11.1143	8.35978	10.6113	13.5901	12.7822	12.275	9.29572	8.08595	4.4577	15.6454	12.1566	5.16541	7.68452	13.1688	15.3748	8.60797	5.99326	16.8696	13.461	7.26529	10.7509	12.6783	12.2422	14.7969	8.41965	10.4419	13.7215	16.0862	18.9851	18.9071	13.0173	5.97852	10.8325	7.90745	9.75072	14.3421	11.4274	7.20944	2.45813	10.4837	4.63148	35.4009	37.3473	9.89518	28.1787	42.8962	46.649	44.038	46.7912	41.971	23.0953	18.969	20.8895	35.3463	48.2865	54.417	54.0563	50.5063	51.6491	46.5718	31.4163	11.255	9.53299	6.60646	9.13023	10.2761	10.2719	8.68284	11.2415	9.70017	2.91795	5.09413	5.7149	7.64687	6.41253	2.71434	3.63541
52.3019	62.3503	53.0366	34.8888	33.3428	21.023	22.9409	29.2688	23.231	25.5803	11.5811	4.81065	11.1269	19.336	26.8844	39.1946	34.7423	35.1761	51.5789	52.5539	44.9778	38.4877	29.9342	46.7657	46.0634	49.0496	41.3172	35.677	41.7196	45.6606	42.497	35.7709	33.2489	18.797	7.67395	7.17879	10.9082	13.6189	13.1634	12.2093	6.88277	2.71406	3.45263	10.4653	12.8553	14.1132	20.5114	12.0213	15.3865	18.9217	14.1509	9.90026	11.8583	15.7263	20.4956	19.8643	18.8453	20.5274	21.9808	24.0868	21.6854	10.7207	11.6214	7.35939	6.89083	9.89419	12.9009	10.9542	2.76756	7.86887	11.5531	4.28637	16.0972	16.438	3.86948	3.91112	9.34998	15.7971	14.7259	12.9154	12.2413	19.9241	21.3363	13.2351	10.1449	11.1084	13.2952	20.1414	25.5542	22.6064	20.3984	34.0559	32.0788	40.2428	35.9859	33.9129	17.6893	18.5706	34.4967	30.5487	10.5898	48.174	33.279	47.0692	50.7563	53.7608	52.8733	50.1039	46.9594	46.5064	43.1284	39.3878	45.2807	54.3572	56.3662	53.3116	49.918	40.9679	23.0356	17.8737	18.1165	24.0074	36.5242	38.0594	41.981	48.1301	47.6518	41.5159	34.3866	31.6558	29.5129	26.8088	18.3529	21.4778	25.992	8.25853	4.39083	5.11112	13.1004	21.3009	24.6452	23.129	16.7804	9.71065	30.7232	26.705	6.73579	12.5332	19.4645	14.8019	1.53608	5.46422	10.8629	21.8634	12.0521	4.00365	12.4568	25.4761	19.129	3.64718	14.9142	18.4092	16.3905	3.3841	6.06991	10.8267	9.74442	6.50838	2.75166	1.37394	5.97798	21.9799	37.7471	41.1613	35.5572	48.5478	46.3495	14.1386	14.4095	12.02	9.37709	9.46024	9.27814	14.592	17.0037	10.9096	11.9892	14.2967	5.35064	16.4701	11.0991	6.11521	11.6676	11.0771	5.93393	11.7838	14.1051	4.94231	8.15588	11.3594	10.8009	13.2877	17.7943	5.98796	14.6257	5.20979	12.1551	17.2793	17.5804	14.3673	7.33619	14.6149	15.0128	16.6275	19.3822	15.9278	9.82713	7.52237	11.3772	1.00148	28.5646	37.1802	30.721	21.3497	22.2561	29.3415	35.306	35.2038	25.5076	19.4077	18.5698	24.8448	39.5024	49.8217	49.3586	39.6463	29.1203	27.1605	24.584	18.3069	11.1187	6.49064	0.384085	1.89664	3.474	6.92679	5.24361	4.07626	3.1918	7.57979	7.15685	4.74038	5.75505	7.89077	8.91913	7.3911
45.7563	58.7272	61.6259	14.3189	29.7314	19.7164	15.4503	14.0971	12.6639	12.6987	17.2349	15.8766	19.442	21.1629	11.4855	9.84193	24.2707	28.7471	48.8386	60.9656	61.6823	58.3128	48.1391	51.3526	41.7769	49.2809	52.1437	47.8308	53.1172	51.8344	46.3442	39.9492	41.4478	23.385	7.51582	5.67013	13.4217	8.94373	9.7025	12.0789	8.25114	5.84974	7.02556	11.5264	7.5483	7.39001	18.8437	13.788	14.4604	6.88194	14.9681	10.3028	4.67779	3.88798	11.1487	13.2158	11.4681	8.68067	7.274	15.7615	18.7357	13.5556	15.304	3.30023	13.2449	14.3947	15.8797	12.1844	6.72902	8.20237	5.64716	6.76311	18.2279	16.4663	4.23449	9.49391	12.0054	14.6258	11.4465	13.9111	14.2805	14.6624	18.348	7.77394	4.12219	7.03772	3.09338	1.23841	12.4141	14.4347	21.3481	31.6231	30.1638	37.5681	16.3316	37.9438	38.9266	41.78	18.5432	34.9567	13.9104	43.8718	35.4718	46.0949	41.624	34.8225	33.9013	32.813	28.5231	19.0535	10.9429	17.868	22.9379	38.4238	33.9164	29.3331	25.2049	27.6233	16.7853	14.0739	9.72006	11.1024	25.5298	28.1281	44.0641	46.2853	31.5743	26.6041	12.5179	12.4056	13.1618	19.8411	16.6279	9.21517	25.141	24.1687	22.5629	16.2856	10.209	12.4408	17.2206	17.7669	15.1131	15.3297	31.983	21.839	8.24429	13.8787	23.0586	24.6505	15.1675	10.1662	11.4754	22.2838	19.1676	8.98995	16.0086	18.1319	13.5526	16.5585	13.5596	17.0305	12.0156	1.34127	4.82537	7.69026	1.88867	5.48205	7.89147	14.8157	21.5127	36.8275	47.7036	42.0627	41.238	44.6059	40.1095	15.9769	17.4174	11.8885	8.35815	5.16442	0.768069	5.11054	15.5858	12.478	8.14795	13.5596	4.49909	14.1231	17.62	9.29068	8.57954	3.27779	13.7844	10.286	7.99637	4.46995	6.14303	4.80094	4.7399	12.0996	16.1968	4.14359	17.1367	7.54866	13.5226	13.3492	20.1856	11.0005	7.45637	15.4893	15.4063	12.9989	12.0443	9.50702	4.6147	8.69901	13.7469	5.20941	18.5701	30.5415	32.8596	33.9097	26.7085	14.2456	19.4245	22.4567	17.5317	18.4179	21.0136	15.6315	11.6564	7.86786	9.94082	10.5345	8.62654	7.02571	4.70585	2.66995	4.1223	6.51235	11.4757	11.7736	11.2079	7.58282	6.07652	9.32613	10.788	8.9628	6.76981	7.49116	7.28416	6.18084	5.09344	5.49014
58.0721	61.7616	61.9832	24.6927	21.6011	16.1601	23.3225	18.8256	11.4001	12.6825	13.7903	14.3706	15.5323	10.8648	1.09952	5.7918	21.3813	29.1925	34.7428	46.8598	55.5414	60.0405	58.5654	57.5543	50.5141	47.8179	54.6462	58.2084	58.5217	49.5346	44.3175	45.2917	43.3922	27.4843	8.96182	6.87091	14.7224	6.00836	8.46454	10.5571	6.32877	10.5028	6.2643	6.51825	10.9629	9.96143	11.6757	2.23819	4.14669	15.8139	17.6366	8.43937	10.5028	13.5106	10.4394	7.26723	13.0974	13.4935	10.2686	16.7768	18.5534	13.81	12.1292	7.66717	17.9453	16.0818	13.1859	9.26248	8.95255	6.12602	4.21658	8.18749	16.361	15.63	4.29911	9.60578	11.0252	13.825	13.4363	14.8654	13.0351	5.91106	13.6907	10.0345	4.90589	12.7525	12.477	12.6224	12.2071	12.4096	22.563	37.6652	39.8055	29.4135	18.2706	33.1886	23.9244	34.0988	41.8312	20.8611	28.6969	28.2607	38.274	39.2911	39.7655	21.4744	20.3101	18.9524	17.4002	20.7318	26.9474	32.2686	35.5234	37.9077	28.5429	18.5066	23.0964	31.5429	19.3674	14.2443	11.3457	12.7235	21.616	26.8322	50.0797	40.7153	13.1048	18.8851	11.4554	8.23124	12.463	21.91	16.1531	8.53905	8.4781	15.6248	14.4084	12.424	12.1052	20.0475	17.8664	4.15005	9.1023	13.4204	27.9416	19.6642	9.18365	7.34666	17.0129	23.21	16.8197	12.7409	14.4082	17.4369	14.1218	15.3654	20.345	7.15509	7.67287	19.4773	28.7452	29.4255	21.1246	14.1983	12.7405	3.94758	7.55938	10.3784	14.8866	19.5876	22.8555	39.9133	44.6771	27.869	26.5077	35.1173	33.8651	21.2714	18.1114	13.1689	8.7327	3.99932	1.91938	3.536	5.94044	8.32672	4.97967	14.2289	3.47317	7.20937	13.8217	14.2492	12.8428	2.76704	14.2365	8.15397	8.18925	6.9817	4.63029	9.90522	2.23805	9.91389	20.375	6.77306	16.2154	15.1024	8.57245	17.1022	19.3751	5.48967	6.95683	13.2848	16.2321	8.89951	4.90583	8.31589	9.09591	4.17126	12.9465	9.97844	19.7085	26.2323	21.5437	31.3243	36.122	28.7949	24.5287	26.764	28.7252	26.0726	21.6147	17.765	13.2984	9.64868	5.52135	2.6198	10.4853	15.1689	15.2965	13.052	10.2581	6.80545	10.8245	8.68038	12.8507	10.6992	6.58041	9.70894	8.73281	6.43783	4.1291	3.51956	3.20503	2.33462	2.15099	7.18538
58.6569	68.9384	68.9351	70.7273	66.1582	45.4853	17.2495	23.5297	23.4185	17.1707	10.5667	12.6239	14.005	14.4627	23.2565	38.9025	48.2391	48.3204	34.0622	18.5984	33.8636	51.7626	60.246	60.892	54.0645	49.1479	53.7577	53.7452	38.2637	44.1986	40.8786	46.8705	48.4218	35.4866	14.1404	21.1128	21.1016	14.3696	13.4684	14.8199	9.16273	6.3897	10.8284	9.6613	14.7411	18.0952	15.7889	11.8844	11.2696	13.9108	14.9092	9.24901	6.07514	5.32727	7.17082	12.826	14.2965	11.7031	9.01804	18.8077	17.7462	9.4708	11.4432	21.7566	23.6803	17.8133	12.6507	11.0853	10.5017	8.63979	10.7177	8.46369	13.0804	13.7254	7.72823	7.4391	10.0883	12.1999	9.63583	5.48907	4.14612	10.9473	19.6013	30.0935	32.7013	32.6009	30.6094	33.7204	33.3522	25.458	21.3018	38.7225	43.4092	9.39684	28.5241	22.3059	18.9609	2.08819	35.2132	35.4726	29.4281	14.8423	26.298	28.8554	29.4879	19.0553	12.9459	22.5748	23.2818	23.4753	35.8455	47.1162	47.038	38.2419	27.129	10.6404	22.9507	35.3623	30.7039	20.0416	9.64792	16.732	26.4371	27.2941	47.4759	37.5885	9.3651	13.0215	8.2514	12.9223	17.6614	25.2015	23.2565	23.2262	17.1343	13.0758	14.9583	9.2749	14.2964	22.9343	23.6699	20.0591	18.0778	18.6548	26.3248	21.621	14.009	9.98321	12.7154	15.5129	11.2056	10.9061	11.628	15.8363	20.3075	21.3156	25.3254	28.031	27.328	29.3497	36.4566	37.956	35.31	29.6571	25.4875	21.7207	24.9553	30.0185	34.1476	31.5474	26.5711	41.2511	41.2231	24.7929	18.9072	20.3408	22.0591	12.1783	8.8356	7.82958	7.57732	4.14281	9.96044	9.89192	9.96044	10.5925	13.1383	13.4875	14.5642	13.1754	7.87919	13.2556	14.6466	4.0172	13.4448	12.2516	12.4534	8.20445	6.77284	14.1209	15.783	9.38988	15.5197	16.9066	6.59949	7.00553	11.3595	19.9784	8.92561	12.1926	15.1851	11.9857	13.2421	8.08767	5.85338	11.3595	9.81246	3.60547	7.56032	14.2484	31.8354	39.6683	36.9107	38.0064	40.2634	25.5252	15.7757	19.9429	13.3536	7.41388	14.5478	15.269	11.9063	1.79225	15.1726	24.2985	25.8374	24.4371	20.4373	12.3686	7.7484	4.29549	10.9613	4.56302	10.2634	8.55961	9.47117	13.7892	11.9032	11.1245	10.0115	7.26688	6.73386	3.295	1.00125	8.59781
55.6156	67.9776	70.1714	70.7442	70.2778	66.53	33.3809	29.1879	34.1527	34.6744	25.4854	15.4435	16.6599	13.638	27.0871	43.5779	42.1515	42.5983	40.0417	23.0943	23.4241	35.8155	41.2402	34.9209	22.4466	16.0841	15.6929	12.8998	46.9098	44.3742	33.8329	38.8895	46.6835	35.366	21.6182	31.7978	30.5456	23.7506	20.231	19.3755	6.80392	9.68059	12.8351	6.59642	6.16013	11.7881	13.4717	15.7412	16.972	10.9212	8.01921	7.8308	9.15251	12.5043	12.434	10.8068	5.31057	4.45549	8.30442	21.0432	18.4193	15.6112	20.5084	25.0451	19.2077	12.4924	10.3658	12.045	11.0996	10.5757	13.5201	15.4362	15.2766	14.1955	12.2869	5.7504	6.38437	15.9925	11.904	5.93934	2.96152	16.7721	13.8863	19.1313	27.0629	29.6097	29.9177	34.2927	35.9452	33.228	29.9713	29.2029	40.2086	11.398	28.371	11.7414	9.83896	14.5869	1.91902	27.5589	33.947	27.4717	22.7672	19.0336	14.992	17.8595	11.1078	14.5259	21.4391	16.7187	40.7762	43.6628	35.2194	31.2552	25.6644	21.5142	28.0127	37.9605	34.087	29.7475	21.8454	14.945	30.8118	26.7714	39.2609	35.8783	6.40937	11.7875	5.48068	14.807	15.0665	19.6509	18.448	21.8983	19.3234	14.6654	13.3397	5.82045	9.08206	16.862	15.6767	8.39499	10.4829	15.5357	19.8112	15.7406	10.3439	6.72061	14.9782	16.3581	10.7495	8.54877	5.31057	14.27	23.9139	27.1062	27.343	28.2017	21.9334	23.1578	30.9316	37.5498	34.3873	31.6898	25.6501	28.0425	29.0595	38.4709	42.9155	38.8833	30.5514	40.8697	38.0245	19.8207	14.4526	12.4106	17.1898	14.525	8.23641	5.84058	10.8783	10.5752	3.46844	6.36422	8.04633	9.20683	15.5876	16.3105	17.9988	15.1493	8.88376	13.071	14.6343	5.01398	9.51074	12.2541	13.8079	9.69542	5.7122	13.0232	17.3455	14.5629	10.3613	18.4607	0.51512	15.7361	15.6386	10.1169	5.14051	13.9695	12.7669	9.96102	2.87593	12.0228	13.894	13.9691	4.01317	6.91972	3.53117	15.5188	34.7499	37.0661	31.8492	35.9886	23.0778	12.5454	23.1535	28.9437	23.1449	14.5752	16.3071	10.9922	7.50019	10.554	25.3939	25.5004	21.9597	14.1661	15.6727	14.4335	6.71614	6.86342	11.9647	4.39278	11.1643	3.78772	13.1614	14.9519	11.5589	10.2452	9.13699	8.98719	9.16761	3.49793	5.20815	10.8627
49.2255	56.4804	54.2598	52.1812	64.0935	69.9421	63.3514	21.4606	28.521	35.7045	32.0465	12.4011	9.31647	10.5862	26.3357	40.5774	19.8812	28.3658	26.0392	27.0152	17.4186	8.70397	7.26115	28.946	35.011	41.3048	38.2655	25.1222	51.4068	38.8236	24.1576	36.9418	46.5486	31.5623	28.5553	24.8429	14.4777	12.4741	13.2812	19.7124	14.6079	12.3255	9.63406	6.28759	7.6421	9.48546	3.8335	5.21884	7.52867	11.0541	10.3429	6.9797	3.98715	11.2184	15.7793	8.88233	11.7586	15.1771	12.7058	21.9964	12.4094	11.0642	16.0108	16.7601	9.91155	7.96142	7.93606	10.4997	8.55843	7.84845	7.68736	13.7862	10.137	10.4365	11.4117	10.7016	6.46305	10.2656	11.7582	9.02596	4.52328	16.8387	21.2479	20.0599	20.4061	15.7324	11.8841	12.4905	11.4851	21.2622	29.2596	30.2821	32.6452	16.0566	30.7123	27.4215	28.8292	23.7748	14.9556	24.7096	20.4354	25.3286	18.4046	11.2874	6.53218	11.5571	16.8766	12.9194	12.6576	9.57967	44.6965	38.8636	16.0897	17.412	21.7131	21.0942	17.7024	30.3173	23.8263	28.6681	33.2851	12.8753	35.7819	32.9947	26.1917	27.1629	16.1321	1.76708	12.0216	8.94007	8.05057	11.3376	9.29672	15.578	16.0497	7.37368	3.53495	10.2821	4.90461	17.8326	23.7414	18.6519	14.2905	14.1209	14.5487	8.01844	6.96909	7.00424	18.4597	20.2576	7.872	3.85264	14.2686	18.0786	20.5352	21.5728	18.8702	17.5634	15.1335	19.2059	19.6823	31.1091	34.5279	30.3989	24.4865	29.0125	24.3398	36.7585	31.97	30.1208	30.4246	35.0536	27.2718	12.6061	9.43286	12.0387	16.8324	13.9083	7.48217	4.79922	5.57481	9.57644	10.8413	12.4302	13.9293	5.33189	8.62815	10.4999	8.43718	10.5862	6.93809	12.7791	13.433	3.44681	2.45681	6.05273	11.5224	14.2328	8.53643	11.1748	10.1982	11.3525	8.08663	15.0216	1.08578	18.3035	11.5136	8.03301	5.23824	13.1389	4.12076	7.73948	6.40886	2.68539	15.2529	20.163	3.29904	8.45018	7.61187	16.857	36.5766	35.1431	12.1761	17.8332	23.8874	20.2993	14.6158	25.8907	25.626	21.4345	19.9154	11.2186	2.62454	13.1451	27.6998	20.5273	15.7979	13.182	16.7102	16.0033	7.2714	10.0953	9.86551	6.6853	11.8477	5.33211	13.3512	10.4725	4.49765	2.25709	5.13119	9.48546	8.32554	1.58259	0.686742	8.08081
47.4097	52.2253	44.8955	42.4991	57.2847	67.9153	67.4715	38.5811	15.8123	35.4718	33.7082	17.3271	15.4783	14.8296	12.3954	43.5722	55.1354	55.0102	39.2813	34.1021	43.0798	38.2932	21.8571	39.3376	44.3312	54.291	53.7639	38.8573	44.5736	37.3202	20.8047	29.6214	44.1043	30.0809	22.7499	3.95724	18.1891	19.3787	15.0029	16.5975	17.5293	13.9461	10.2193	9.19716	9.1925	7.13633	2.23728	3.22219	4.01224	3.00046	8.46171	9.28515	10.9139	13.8288	12.4585	2.30211	13.996	10.3296	17.3146	24.5281	10.1025	15.0963	15.8457	13.3505	9.16633	8.79966	8.42103	9.35816	7.01196	7.7703	5.85177	14.2134	8.51729	10.2817	11.6622	11.7575	12.1767	6.32869	5.31763	10.0308	8.67505	6.82801	8.7473	13.0131	20.4043	22.0375	24.4966	23.939	14.2652	7.99469	19.5058	23.7761	19.6169	4.03409	30.0563	39.4264	23.9196	31.2197	34.5253	32.0166	23.5154	17.1449	18.941	18.0255	15.0609	3.77535	14.3226	18.7926	7.72607	15.3188	39.5722	38.8704	16.4284	10.8515	8.96162	5.85199	12.5781	28.6489	23.9236	23.5441	35.315	27.6575	41.9796	39.7543	20.138	8.14388	14.2666	13.5778	9.9462	1.69037	5.96728	3.1624	8.56894	14.6031	13.0677	7.1346	6.47127	9.36426	5.93827	19.4948	25.58	16.1693	9.51647	8.20019	10.1024	6.16587	6.88701	6.26158	18.965	19.9337	8.21242	10.6597	19.0136	17.539	20.4632	18.8202	14.252	15.3736	17.5853	18.2421	16.5867	17.835	33.3359	33.1629	34.2105	32.6346	26.2785	37.92	31.9354	28.2356	28.9429	25.7551	19.0933	14.1552	9.7561	12.9225	14.3792	8.10679	8.71459	7.9855	5.81685	5.81948	2.12259	4.20114	9.89473	15.7173	5.19851	7.41994	5.23764	9.09257	4.52311	12.9758	10.7892	2.1841	1.38387	5.37493	9.0802	14.3124	8.79954	9.73726	8.01792	10.0943	8.59594	12.0203	3.97567	16.4893	10.1947	12.1481	8.91088	13.7891	3.38216	4.82304	8.67705	11.5952	9.80979	18.4075	4.82599	7.72568	6.5312	18.0717	38.4698	33.7485	14.1403	28.6351	30.8528	23.1745	19.6012	25.3672	30.3161	29.4706	21.5533	1.08564	12.3954	16.6019	29.3127	27.5746	16.6076	19.2949	19.2239	17.0442	7.4876	12.1754	8.92202	9.0378	11.5756	6.50926	9.79662	10.6949	1.09917	6.43512	7.2487	9.10517	4.00124	3.14848	3.10615	5.57432
40.2396	51.1156	56.3228	58.8132	64.7903	66.7966	57.9921	52.0451	24.667	30.3785	41.0898	29.9906	22.3635	20.328	26.3027	45.3621	63.4754	66.532	68.5037	65.6815	64.5086	60.3146	53.7393	60.1309	63.2063	60.3429	59.5479	56.403	46.521	39.1748	38.8006	39.7017	28.755	16.9356	6.57698	21.4752	27.803	26.4557	23.4283	18.125	14.4269	11.555	12.2287	11.7764	10.5846	9.26126	8.9612	11.2655	15.2194	15.6688	9.74368	2.0662	4.0445	7.27965	6.38274	10.8678	11.9857	3.39487	15.9175	26.9448	13.2913	16.3051	16.0172	11.7861	12.7634	16.3247	17.0412	10.6273	8.01718	10.0035	13.4312	17.3253	11.1531	11.3262	13.2246	12.2551	11.8085	13.369	15.1133	12.4489	0.343319	12.3361	15.516	14.6689	10.8753	7.41111	14.1509	21.1594	22.1663	20.6726	29.4228	29.6831	32.6125	36.3125	37.298	34.8572	24.0847	14.2885	26.4969	35.4574	35.5997	33.5351	32.6261	28.8765	26.8626	18.3818	12.9917	15.8546	19.0054	27.4006	31.4331	31.3441	20.7944	19.7207	19.9779	17.0066	10.7103	11.7665	10.7979	15.9091	32.3372	39.4939	46.8663	39.4077	21.3026	12.194	21.1679	17.433	6.63651	8.20088	4.44757	3.27591	8.9845	13.2983	8.99091	10.7116	20.1166	23.1292	21.2809	17.9561	21.6249	15.0601	8.53486	4.11635	8.72501	10.4759	12.1833	10.0977	13.2197	15.9175	11.6745	15.1662	18.495	9.85969	15.5696	18.1112	18.0718	22	24.2685	21.9428	19.2733	18.9894	28.1923	32.7702	34.4387	36.3669	39.9191	41.1629	30.506	21.0505	25.3955	28.1035	26.064	21.7883	17.9681	17.1889	15.9552	10.5833	9.41045	4.82551	8.35347	8.48956	3.83285	2.96067	4.28362	16.2174	12.2748	5.52397	8.12183	5.64907	12.3642	14.7894	7.99398	3.29837	1.76686	4.3612	3.47155	11.0201	10.8782	10.3885	9.28432	12.0278	11.6279	10.795	8.01739	15.7296	14.7157	16.6364	16.7998	12.037	6.19578	0.728235	7.45579	10.6788	15.2088	15.4655	8.69411	9.83648	7.4193	14.4003	34.1885	37.2347	34.8873	29.7769	27.5244	33.5863	33.151	35.0976	39.02	31.1372	16.4277	17.0802	19.5402	19.786	34.3041	36.0883	29.5029	36.4437	37.486	31.4707	20.7139	21.7048	19.0678	17.6177	14.3028	10.1047	7.93628	9.94485	2.79227	11.5406	7.51174	4.24223	5.00101	5.68774	6.32579	7.7086
53.8458	62.2461	55.9452	49.7724	61.6439	58.8929	61.2867	67.4147	64.5592	44.465	32.1849	43.4006	47.6532	47.9771	49.3487	55.9108	52.8561	45.9743	61.2994	66.2436	63.5522	65.2255	67.1038	68.3816	64.9157	54.7759	58.2537	64.5439	65.1568	62.299	57.1072	49.0497	38.8463	28.6871	31.5459	30.0735	26.7112	17.197	13.2005	18.8375	16.9658	7.2037	5.05819	8.84939	7.85356	9.06466	11.7838	12.1083	11.7305	17.6243	23.0437	19.026	16.353	16.7463	11.6171	8.62089	2.06599	10.0295	10.0249	21.8521	16.8097	13.691	19.594	6.93595	8.35797	14.6671	15.786	15.7453	10.9359	5.98343	10.5943	18.438	14.081	11.1042	11.4183	12.4877	13.0531	13.7158	12.6634	8.13388	9.48277	13.3269	15.5715	21.7202	26.7167	27.2366	28.4257	27.5896	22.671	20.3851	6.88563	33.7788	46.8876	44.5718	36.1204	27.8801	19.9341	21.3059	28.0795	34.1721	33.4591	33.2697	32.6908	32.1604	33.9707	31.3107	28.9711	29.0815	38.2342	38.544	32.2047	22.0418	10.1257	7.26308	7.76884	9.48771	11.9606	7.10283	8.59394	13.4299	20.0249	26.7606	39.8197	32.9013	31.6271	28.005	23.1828	9.76174	4.76106	8.67334	9.32624	8.64904	9.97233	12.827	9.06466	18.2207	15.6767	10.7419	13.0498	11.051	10.0892	12.9937	14.1402	8.63535	11.3687	11.5538	8.10518	7.76908	11.104	15.7596	16.411	18.3157	14.1269	8.39221	13.5363	19.1234	19.6362	20.3921	24.1933	25.1091	21.0508	20.3327	22.5044	25.1487	25.3715	30.7517	37.0019	31.8776	19.9071	14.1951	14.3546	20.1862	22.5573	19.3607	17.0663	17.7698	15.9406	12.6546	12.2494	10.6895	4.07313	5.90515	7.70757	4.67445	9.46676	14.6042	9.69141	2.85428	8.01638	11.3312	15.3577	10.4052	4.467	3.42879	2.81301	2.91543	3.7435	7.95551	8.81101	8.43124	7.67795	9.39305	10.2674	8.83682	8.22852	13.2253	14.3556	16.1276	16.6206	13.4167	12.8189	12.8621	15.3202	16.4173	19.1269	19.4152	17.3391	18.0016	17.9643	7.57987	18.6307	25.1747	19.05	8.51915	4.98565	19.8363	16.9292	32.543	46.2273	29.1204	28.9316	37.6792	37.784	37.4371	43.1159	39.5267	32.7133	39.6878	47.7544	50.5358	48.1022	40.6978	29.1534	23.3917	20.2624	19.1024	15.4248	7.10283	5.98549	8.79746	5.21734	9.77214	10.3931	9.19568	9.79531	10.3618
49.028	65.3013	69.3655	69.5461	70.8897	68.0159	67.7202	69.078	69.7351	66.7814	52.2102	59.2653	56.5384	58.4787	58.3242	48.1887	31.5033	40.9642	32.095	40.7397	40.3041	48.1157	54.2446	48.2359	32.5428	21.9389	35.8518	49.912	53.9251	53.9736	51.4706	45.9939	43.3643	34.185	21.1482	16.6753	12.1033	4.0147	8.31046	12.2883	10.6885	14.3796	10.339	8.10103	6.16424	3.6918	5.20546	2.67903	3.83197	1.71577	9.83464	16.9656	14.891	15.8848	9.25944	4.44672	11.2143	9.16364	11.9548	17.1215	14.2845	9.03341	21.5223	9.25599	4.62694	11.8714	3.95599	12.4982	13.3751	3.06731	4.28613	12.1766	14.813	9.24396	7.10821	11.1948	14.4809	12.2482	6.17843	5.03467	10.9923	17.0549	18.4851	11.6394	9.50593	17.7592	23.1417	15.7584	8.09952	5.52816	18.9755	32.77	25.1691	25.8833	22.8145	20.467	20.9454	24.83	33.7812	26.7135	11.0636	7.34762	15.8976	24.6335	31.4594	29.7709	33.2461	36.7969	38.4239	28.5986	16.0124	15.2138	13.7055	12.7262	8.41693	4.52179	6.52953	8.72685	11.1893	7.24654	4.31335	11.3335	37.7084	30.3528	30.3694	34.7183	28.7378	15.6275	6.83466	10.0059	13.9195	9.8575	11.625	9.76491	9.04628	12.1216	2.00065	11.7363	8.55515	4.62706	3.63181	8.95897	13.0165	9.8988	11.3862	10.0282	9.7841	7.85283	5.40309	7.8858	14.4397	13.9633	7.51622	7.53901	9.02121	12.1447	10.3648	9.6206	12.3742	12.736	11.5147	15.9392	16.2413	15.9858	10.9211	14.5399	10.1586	10.4218	8.31074	8.85515	3.63592	16.4544	16.8755	13.2769	8.23288	5.14916	4.50556	9.34192	8.57825	4.31335	11.9593	7.81081	10.6181	11.099	9.85749	4.36712	8.55349	10.2567	4.61117	9.20857	8.18907	2.79172	3.5295	2.06577	2.30144	3.69984	5.64539	4.14752	3.69193	4.56985	2.43789	3.27546	6.29013	8.65314	6.83272	6.71312	8.5935	11.0182	11.3301	14.1488	17.9999	20.5912	19.9593	18.1959	15.3738	14.0012	9.19476	5.37084	10.3485	16.917	14.0197	12.5524	12.3358	14.8639	20.1598	29.1755	27.8979	22.2965	37.805	32.5348	33.1754	35.7172	39.8221	42.8394	42.8546	32.1585	18.0449	13.7304	23.5893	33.3986	35.8398	33.2808	30.0604	24.4879	20.0887	17.7105	11.8436	5.8177	6.0044	9.22254	12.3742	9.50038	6.8854	7.72015	8.91155	8.91311
20.5515	37.2551	45.7539	57.1358	64.8079	60.605	58.2424	60.5524	64.152	68.1032	43.5315	48.5316	33.3124	23.1329	21.8086	20.0441	16.3509	30.3638	48.0109	32.9554	11.3473	11.299	8.90708	7.92654	10.2227	14.3104	16.2526	8.98836	9.93252	12.7565	11.8803	13.4449	23.081	29.3893	13.8527	13.773	11.3224	8.01517	8.3511	14.0486	6.89274	4.93795	10.6752	2.8123	7.95716	6.92004	7.26177	3.61534	7.50178	6.71253	6.97643	4.90216	6.22207	11.8471	11.1382	9.86345	10.5598	7.33089	7.03988	11.9123	9.39224	6.40556	20.5854	11.8562	4.90506	9.19339	7.13164	7.89925	10.1503	9.97108	11.7827	10.6243	15.8087	12.0068	8.3222	7.88338	5.82478	6.1918	9.65504	12.9035	14.0395	20.526	20.0862	13.5246	18.0984	24.8803	6.78075	20.6763	28.8499	30.7336	29.3736	28.1161	12.6996	6.67158	13.0252	12.1743	18.6133	27.8023	32.6587	17.4281	4.59484	3.32831	7.47907	11.9794	22.0356	19.6199	22.786	19.8936	18.8739	13.7799	2.99431	2.38884	4.45293	6.19401	3.46637	4.99957	8.57745	7.00312	10.5215	11.586	7.41719	10.178	41.4852	36.2331	11.2498	20.8888	26.8545	23.9068	8.08601	4.08652	5.1062	11.8844	7.41683	11.0362	5.80736	6.05916	9.34087	11.7195	6.36058	8.0149	6.86967	13.847	11.0814	6.93452	9.38013	5.84944	4.99051	7.91195	6.19637	3.36771	9.95345	7.72319	8.22505	3.76214	2.38895	3.29283	4.0724	5.82495	4.9908	2.53225	6.04483	10.648	13.8122	13.4841	6.44199	9.04512	7.49592	6.04494	3.76236	7.03171	4.25506	18.2245	19.5303	7.70624	5.98232	2.66782	2.99428	5.4987	10.1503	10.9976	4.16809	7.17208	9.38022	11.5167	7.53823	4.28218	10.9799	13.3783	16.4353	5.82456	2.83829	3.38069	3.75826	0.383721	1.74959	2.71135	3.27497	0.924059	1.76635	4.62662	2.79153	3.37654	6.69737	7.43469	7.94859	7.78619	8.61264	8.59278	9.76452	11.8241	13.2304	12.1439	10.6282	9.99776	5.03437	1.53462	9.90678	11.6246	11.8519	0.767448	6.08812	9.87806	11.1469	7.03171	11.2591	17.4726	19.0228	18.0994	23.9925	12.9323	25.8296	21.4936	19.024	19.5295	25.1221	15.109	8.62394	5.52788	11.9082	13.9608	12.6552	16.0753	22.8457	20.6334	11.4693	13.0626	12.3343	6.16583	3.15195	5.28291	3.63568	2.93494	3.44955	6.35144	6.46001	6.43297
22.0919	23.9991	23.3049	46.534	58.9993	59.7154	58.3859	59.7152	61.1451	69.3785	55.147	35.0423	42.2379	44.207	43.8118	26.3243	20.3794	22.508	38.3648	36.9546	30.8217	29.526	24.5036	18.8575	19.2352	16.5656	12.3891	14.6001	13.1746	9.43108	10.1776	10.0938	3.22066	25.4918	32.9747	30.4297	24.6349	18.2822	13.575	9.42775	8.61792	2.28811	11.1004	3.87695	10.3365	5.68522	7.77767	8.07656	9.03352	6.25893	8.61844	10.3589	11.4347	12.3896	13.137	12.6057	8.45733	3.64312	9.09491	17.2526	12.7299	7.33023	17.3544	12.9864	7.48363	6.57444	4.55927	3.63108	8.09803	15.4499	12.5637	6.13722	11.4453	14.5366	8.29188	6.46801	14.0565	10.1122	5.08835	5.35597	8.91097	18.73	21.8602	14.7109	17.3877	29.7104	14.0383	24.04	14.7763	13.0873	16.9608	18.7314	8.3071	3.18845	7.40286	17.1188	26.2006	30.6958	22.5903	7.49531	4.71046	5.54027	6.27018	1.38316	10.5842	12.7337	12.616	2.95952	9.56961	13.7987	11.6868	8.78742	6.75696	9.72407	5.17379	0.242679	5.68515	4.28188	7.08243	10.1341	10.7055	13.7153	35.7557	35.0333	29.7181	30.9823	28.8323	24.2441	14.9975	19.0209	24.2779	17.8334	7.93337	2.61178	3.99928	7.17756	14.7429	12.9297	7.38342	9.689	13.5591	14.9846	7.35175	7.36746	11.9936	9.31699	5.03672	4.61022	8.30889	3.63516	11.172	6.06324	7.70538	5.92568	5.82436	6.63395	9.3555	9.20079	6.50593	1.76617	11.5363	8.82952	11.7183	9.25427	10.0814	9.66439	10.8347	7.49179	11.6808	9.35847	6.69894	15.0677	16.1714	3.4492	2.30725	2.85363	8.098	9.73885	11.0159	10.7384	5.06845	10.7259	14.0383	15.4183	12.9298	15.4542	20.2227	16.9117	18.1772	7.86033	2.19648	4.84171	2.09358	3.4278	3.60291	3.74242	1.41474	1.21317	4.38961	6.907	6.19377	6.34397	3.9553	1.74941	0.542625	4.07199	1.79095	0.171594	2.3074	5.74653	7.98928	8.43578	8.08203	5.57184	5.43685	12.7756	16.2015	11.8886	16.522	14.955	14.218	13.8961	12.8271	10.4184	13.4898	15.0886	16.6603	24.3898	23.7615	27.1992	30.9695	26.6378	21.6474	16.422	18.3266	3.26128	13.6364	8.9812	10.5524	12.55	12.3324	13.8586	15.7706	20.4842	16.4119	12.8876	9.66379	6.64476	7.60805	6.4951	5.58491	6.63395	9.22542	9.20694	7.62876	6.73974
27.8858	19.0405	1.09855	25.4631	40.0814	47.2523	49.2164	53.0779	54.7762	69.424	64.551	18.6496	30.3777	38.3212	50.824	40.5213	15.8866	8.87709	20.5579	27.6698	22.0744	25.6015	24.6788	10.3648	13.4423	26.0892	13.1775	5.56846	10.705	11.4679	12.7931	15.2824	14.9987	8.55271	16.959	18.6114	13.798	10.3199	9.96903	2.90941	9.55678	2.57198	9.16074	3.99554	8.04005	4.83231	5.97118	7.41547	6.76685	6.39801	6.9503	5.28193	12.0139	14.8047	11.669	8.61565	7.2026	2.99375	9.62232	19.9234	17.3479	8.0827	13.5449	11.2596	11.3744	7.88331	4.36604	3.15136	9.37717	11.9804	11.9766	7.8978	0.874835	9.96883	14.128	14.9315	14.6948	9.99594	11.3352	8.01878	6.23727	8.69643	17.7673	14.9316	15.6272	24.933	18.4179	17.8542	14.506	3.78484	10.307	12.7665	3.56563	3.53265	8.83313	16.8244	24.1108	25.4626	7.71208	2.76453	6.88315	4.98958	6.04356	5.2844	1.68934	6.23741	4.49445	5.84865	8.47046	11.4677	9.36677	5.27068	1.58151	6.35026	8.83313	7.03271	7.17696	2.66177	2.30721	11.7303	16.8559	15.3098	25.4852	20.474	27.6165	34.3565	28.4657	15.9342	15.8677	21.0568	17.5497	15.2781	11.6128	9.51124	5.70787	11.6123	13.1569	7.17898	4.29525	7.67676	18.1791	15.2388	5.8137	8.57601	16.6644	14.5765	3.26102	2.09354	5.50813	4.7473	7.40767	8.69799	2.40682	5.61044	8.69034	8.75574	9.90497	9.02487	11.5496	3.95487	13.9199	3.40188	15.8675	2.91928	7.43317	8.91073	7.52349	9.41331	8.7215	7.7921	6.49434	10.8415	8.16736	7.07372	4.8235	6.06992	5.85356	7.20306	10.0325	6.66145	7.82303	9.32267	10.7772	12.549	11.6938	10.8615	16.9497	18.4203	14.19	6.43399	2.91939	5.92725	2.33253	3.4318	2.23601	2.23601	1.95552	0.923887	8.41417	6.60032	4.06088	4.4027	3.84987	3.85007	5.51615	2.76453	4.50432	4.61011	4.36593	3.40166	2.91937	3.15139	3.79262	2.1214	11.8388	15.3099	10.4391	6.90642	9.83168	9.5574	12.8478	16.5645	14.7862	11.5535	10.7766	13.1137	17.9477	12.6799	18.7673	23.6324	21.1609	17.1816	18.2224	14.8519	11.5775	3.44459	12.0941	7.67463	10.4938	14.0897	11.1814	9.36644	9.04346	19.572	19.9919	12.117	7.55199	5.20423	5.93497	4.46534	4.32241	6.12025	8.22534	6.02232	5.8137	6.16241
29.0388	17.7653	10.4921	30.8496	30.7319	32.1899	41.564	55.8892	62.4684	69.2719	63.5016	6.17612	25.4239	39.5179	51.734	42.0867	13.0589	6.80012	11.019	23.3693	15.2983	24.17	26.6046	3.2337	9.8535	30.7862	14.7624	7.25015	10.5667	9.29288	7.7117	8.13846	16.6886	13.3281	4.23643	1.71517	4.07123	4.29482	9.04109	4.80468	10.5382	2.59447	7.88252	5.19523	6.0046	4.98926	7.35451	5.70718	6.06212	3.61421	3.69038	0.343122	10.8908	9.68723	6.32204	5.98267	5.50758	5.23414	5.28112	18.6776	17.7384	7.12137	11.5918	10.8171	12.8243	8.60977	3.63455	1.00024	8.3124	6.96401	17.1912	12.5334	11.4996	17.0065	18.902	15.4507	11.1462	5.89481	11.0036	9.59175	8.57028	9.84254	15.6598	13.3588	10.4914	16.5583	15.1784	8.45586	16.9133	6.3035	8.90769	11.9915	5.13311	5.73274	10.6773	14.4084	19.9514	23.261	7.38567	1.38288	5.98267	6.21325	7.24375	7.59858	2.47286	7.59891	8.76269	1.58138	7.69479	9.73831	11.5392	12.0761	9.01949	7.17826	12.4002	7.24178	3.43145	5.83557	4.92762	10.3876	16.4787	16.9589	22.3127	12.3346	14.6162	17.4242	19.9416	13.4686	20.4304	22.9839	9.21919	14.0538	11.0142	12.2266	5.35793	11.2956	10.6246	2.76414	3.37557	6.77882	17.7471	14.2488	6.69519	8.86472	16.4092	15.5914	2.47286	4.32197	4.49399	4.33529	4.9658	6.93255	1.33966	3.79208	6.15485	7.66491	8.37444	10.0986	12.7047	9.37623	12.0527	4.99781	16.1046	2.28775	6.50464	3.63439	3.27403	10.8119	2.4727	6.52681	5.23681	7.40111	5.14736	6.59966	2.83762	10.1543	8.93009	2.76959	6.52681	4.51984	9.0552	7.17586	3.08983	8.74946	9.95201	2.68349	4.81989	3.60224	2.09333	1.54369	2.83748	5.83536	0.85775	1.58128	1.4554	1.4554	1.72365	1.61814	8.66753	6.19221	0.874723	1.76574	6.64318	2.67786	4.21217	4.70044	5.32792	3.59808	6.19221	3.99854	2.45487	2.43698	2.99354	3.25618	12.0756	15.0641	7.50747	8.18075	7.51318	3.80375	0.857722	10.997	12.3968	11.4916	10.1543	13.9877	18.9333	10.625	5.68434	14.885	14.8354	8.48491	9.78049	8.69769	7.01772	7.12979	11.9792	14.2001	18.1515	18.0297	7.76512	6.68032	9.36583	21.0738	23.0783	12.684	5.36853	3.49491	3.52833	3.86482	3.53249	4.81994	4.96582	2.54887	5.27015	8.27964
25.7563	22.6856	22.7148	43.7974	47.1133	44.3418	42.3002	62.873	67.8693	66.6675	49.9517	21.1234	28.3838	33.0937	49.2672	39.9769	13.771	5.73202	4.67497	17.8393	9.50161	24.6746	28.027	14.121	19.1345	26.7346	16.9489	9.88725	13.6363	14.0752	14.6014	11.0246	9.05599	12.9989	6.88186	3.51534	4.32154	7.83653	12.6867	12.7819	11.7023	6.59051	9.15937	8.1802	5.28087	6.91353	12.0049	9.36349	5.03522	6.16125	5.43554	4.98879	3.75685	8.57435	10.6872	9.59074	6.21994	2.57154	5.76751	14.5879	13.0368	2.30026	9.89145	13.1709	13.6878	9.28249	6.04255	4.59945	3.42685	12.2041	18.879	15.8836	16.8466	20.4321	17.8443	11.094	7.8068	3.83027	12.5634	15.8612	14.7919	16.782	18.5658	13.8551	10.1897	11.8906	18.8489	6.11902	21.4045	11.7991	8.33233	14.0281	11.0128	11.8723	11.8242	10.6225	13.5424	21.3106	15.7188	8.12386	6.17307	8.03855	7.66018	10.1285	8.72294	10.1692	7.3029	6.50409	7.02296	11.4653	14.3021	10.3559	7.14738	9.92037	12.5819	9.03103	7.49342	7.391	6.75503	7.52963	9.56838	14.7799	25.461	21.9127	21.1327	23.7892	30.0988	26.8087	28.2853	25.0853	18.6325	22.4503	24.2793	25.1774	17.5585	5.07834	10.4369	10.6237	2.99325	16.5132	20.5046	13.6411	13.4424	8.18527	12.7728	11.0241	6.83778	5.31371	5.47532	8.47019	5.24769	3.15993	4.4413	5.51509	8.71454	9.21827	8.66724	14.0523	8.27031	13.5678	8.15378	9.97245	11.2947	5.43554	4.45453	5.69383	5.13251	12.9989	1.9998	8.27031	5.82253	7.24323	3.63009	7.00029	1.715	10.7224	12.457	4.97416	1.55303	8.72594	11.7423	6.66877	2.4547	8.69639	10.6197	3.93936	4.81947	3.66634	2.16891	0.383593	1.53396	5.06692	3.25143	1.54355	0.970298	1.41434	1.47534	2.83734	6.88186	4.97402	3.06586	4.72173	6.86305	3.46512	3.84932	5.2698	2.66124	4.60579	6.69463	2.23555	5.50735	7.01711	6.0114	3.46937	8.69639	12.101	6.12586	6.42127	6.64269	5.53883	3.9542	8.55574	14.3017	10.9565	8.38712	10.7291	16.8261	16.781	13.4133	22.0743	18.9775	13.9131	14.4406	12.5777	9.19047	8.69682	14.2721	18.8551	25.5235	23.2753	8.85582	7.48967	8.10093	23.7726	26.2265	11.7388	3.03701	6.80403	7.59832	8.61601	7.84385	8.23423	7.00681	5.37103	6.32374	11.8191
20.0177	21.1759	32.4535	46.9892	30.1301	37.4524	58.6331	68.6096	69.862	54.1725	22.8897	30.776	28.0983	17.8719	44.7211	44.8769	16.5284	10.6761	16.6558	23.2012	18.2982	14.6199	16.5098	28.0605	31.1166	18.6025	16.0624	11.7296	13.1085	9.92791	3.42642	8.67968	12.6803	13.4688	7.33549	5.84678	3.95379	3.69776	6.53703	10.765	11.4318	9.48469	9.25433	5.48288	2.08586	5.73403	2.67736	7.93759	7.01652	5.68311	2.30015	6.49267	7.71028	3.70572	6.73485	8.59521	10.4161	9.67101	10.2053	11.9024	11.8651	7.6635	4.07032	10.8694	12.368	11.4548	12.8065	12.2572	8.67968	9.96602	8.54989	8.35216	11.5766	9.85886	6.42063	3.95383	3.2193	4.7733	3.69776	4.38799	4.21139	7.03664	9.31973	7.6727	7.79162	11.5179	21.5629	18.5382	17.3006	15.8549	6.72629	12.2296	16.2081	11.4446	13.2148	13.115	9.57076	12.3051	13.3318	8.81298	7.09808	10.4507	7.65944	5.98156	7.17475	6.73524	9.51295	10.2716	9.00797	9.08485	9.04115	11.3768	12.9126	10.3291	7.45986	6.59648	9.40341	5.60104	9.35635	12.9551	18.0796	22.1199	29.9447	33.0854	27.9917	26.7925	26.1205	23.1896	29.4351	27.523	26.237	28.3219	22.8735	24.2232	22.5348	3.08926	10.1683	19.7712	13.9891	21.3689	23.5681	7.77658	7.94986	10.3293	17.6422	13.4779	5.34602	8.88205	3.27364	12.4394	3.32683	1.2367	10.4627	4.90303	5.92555	6.71983	6.81586	17.4685	4.10968	15.8782	4.2289	13.339	9.03014	5.4565	3.68987	7.87028	5.98175	13.9696	5.13484	13.0073	9.13533	13.4053	11.7012	13.0824	12.5624	11.4158	11.585	4.35819	7.87037	4.79455	16.312	9.5837	4.55787	5.20239	10.4896	8.09663	2.99792	0.923621	2.54822	3.26006	3.80313	1.3827	2.76373	3.32689	3.99439	4.12401	5.49617	6.21939	5.70624	0.383539	5.20262	6.06855	6.05652	1.91711	2.49599	5.37057	7.40601	7.69337	3.86399	4.98834	9.73082	9.38845	8.68763	3.88305	6.64417	11.5077	7.72474	7.18472	9.5304	2.99298	9.4772	11.3028	12.1136	7.07958	10.3713	11.7335	13.9585	17.5307	20.9683	28.7172	24.9553	21.8536	18.1717	13.55	10.2524	5.56724	2.30015	9.36379	26.3543	24.5394	10.3711	12.1667	20.2655	29.2802	23.0659	5.88629	8.30448	10.2731	10.8171	12.0466	11.277	10.8481	9.18971	6.63138	6.82217	10.3939
18.6288	20.6534	27.7237	43.8165	41.4446	53.3236	61.858	68.0621	66.1693	29.0939	12.5079	24.3705	23.0154	16.2124	35.0371	47.0816	28.2999	15.8022	16.5658	18.1728	14.375	13.223	7.94369	26.5204	36.2228	20.3797	21.1974	15.1353	20.9751	23.7361	17.0719	7.74801	6.66104	7.16185	4.80331	2.548	3.30887	6.35469	6.56073	2.74747	5.20198	6.12494	8.07278	10.3277	5.92496	6.06079	11.583	5.40751	5.7841	4.04128	1.23657	5.81396	8.00162	6.88072	4.31041	1.24846	7.43627	13.1856	15.8949	15.737	11.6751	10.0387	8.67881	9.22085	6.65001	3.86371	9.48061	12.9047	9.61118	2.92834	9.76466	10.9242	17.1428	16.2897	11.1131	5.56656	5.98134	10.4353	14.9501	18.2045	19.3938	19.1952	19.5332	20.1081	20.7421	22.8554	25.6911	24.7278	15.1963	16.3081	5.99086	6.88046	18.1639	15.8349	8.67823	4.73297	6.04149	7.12552	9.38543	8.56082	6.1175	10.6743	6.15997	1.71457	5.74382	11.7467	10.8418	7.66273	5.14295	4.13771	10.5759	10.7013	11.6515	17.0624	18.2473	17.4485	19.4733	15.8777	17.9876	21.7513	25.1086	20.436	19.2686	28.538	31.6167	28.4605	26.7771	21.8516	28.6957	24.233	20.7569	18.1025	17.644	26.8614	21.1672	14.5791	9.69613	10.827	24.7708	17.4192	34.6636	26.8013	23.1185	18.9291	21.1328	15.4399	7.54908	7.25361	13.085	9.82823	8.74698	4.01199	13.898	4.00839	2.81087	10.0496	9.98617	15.0181	0.343023	16.9571	4.84245	13.2677	5.56656	7.25409	6.93102	7.97826	4.7331	11.9092	5.12583	14.4792	2.45416	19.4063	13.7969	4.79407	7.51082	3.79115	5.20186	8.0101	9.37536	9.57738	14.4792	15.3458	5.32108	4.00856	4.81851	9.55349	7.36602	1.55273	2.82633	5.31253	3.4432	4.45367	1.21259	3.08902	5.51942	6.64173	7.07099	4.4439	0.383521	3.03633	3.46853	3.53128	1.53374	4.52179	3.25973	1.84666	2.06441	1.33927	3.4134	9.55338	11.196	9.56698	10.8467	7.43627	5.96911	8.79086	9.47568	3.32655	12.6753	10.8464	7.04844	8.53283	2.1205	8.64254	12.6758	13.421	14.9266	17.2568	19.0889	24.92	19.448	15.0617	9.8037	8.47361	8.93071	6.49183	13.3249	21.9807	29.6783	26.1956	18.1846	20.8864	23.0478	19.0498	9.2575	7.98554	11.1974	10.8418	10.1061	10.6183	11.7786	11.1813	9.09067	8.88128	8.61392	6.26512
25.249	27.4303	19.7889	26.9708	36.9106	61.0833	63.0985	66.1696	58.6572	9.96414	15.5612	20.2011	13.214	7.84693	26.5007	43.8258	39.3032	21.5793	12.5429	16.9998	12.8425	9.49924	18.5146	18.2788	26.4363	23.6531	25.9302	13.9141	6.37673	18.833	18.1625	12.3118	4.60767	5.47123	6.54455	7.57153	10.2588	12.1131	11.1011	9.14106	7.09648	4.14417	3.97151	11.0098	13.2905	6.8274	5.64356	8.87573	6.50906	1.88579	6.69514	9.35002	6.13361	7.11874	2.83652	1.95464	4.46296	0.874393	10.0275	12.5385	9.61015	7.85619	8.84871	10.2091	11.1425	10.028	6.79791	5.30124	11.0944	6.06714	6.59718	3.95303	10.5291	16.3771	16.6643	11.1413	11.4283	12.7611	15.2799	18.278	19.4522	17.7131	12.1824	13.2672	13.4269	9.3668	12.6273	13.9468	8.58693	10.6405	8.18981	11.5459	18.8434	12.6043	7.98615	9.03924	8.84849	7.72357	6.83583	8.38474	10.4876	8.7593	4.97284	11.5484	12.9955	6.53552	2.94802	5.83346	8.45805	10.9129	10.2547	9.45876	10.2035	11.3598	15.9567	11.9088	12.2074	13.3237	19.4557	16.5569	9.9488	15.3854	8.72376	8.88048	17.7417	17.3281	23.0565	23.7148	22.6148	13.5674	8.09867	14.376	17.9604	22.3325	22.0742	21.7565	25.2618	26.896	28.1692	9.84894	23.9825	19.1067	13.531	8.09305	16.6481	12.9657	12.3524	10.7629	15.9564	5.74576	11.7119	9.2201	11.6499	5.4418	1.76508	9.18742	7.33593	13.7752	6.3221	15.7959	5.36653	12.991	1.71451	6.64099	8.33038	7.33593	9.20137	11.3594	2.95785	15.3423	10.3599	17.8244	11.7391	5.74576	12.8038	5.7833	2.00647	10.1506	4.08383	9.21564	11.5639	14.1168	4.60765	6.32882	4.62355	5.56584	7.19723	3.86325	1.5431	7.16731	7.67308	4.63301	5.30124	5.3991	4.45325	2.68245	1.74841	2.06422	5.3991	4.14084	2.57643	5.43114	2.08542	4.54716	6.59083	10.0814	10.1663	8.56708	9.09607	12.9787	13.3409	11.1701	11.863	10.674	10.1511	3.52696	10.9534	9.29967	13.6533	18.3003	9.4254	4.98745	10.8987	11.5061	9.70553	7.50464	7.98652	11.3598	12.7987	13.6211	4.62039	11.6883	11.0213	9.17054	14.0302	19.1482	20.5016	18.4787	23.8422	21.0171	12.6219	13.1058	7.94301	6.49791	8.19355	7.1755	8.21961	7.01504	6.91152	8.73198	10.5934	8.31491	8.71207	10.1172	8.97621	6.41072
44.9379	53.534	50.0373	37.3303	32.307	55.7138	59.3534	67.9121	61.6061	24.123	7.63321	18.5868	17.6082	12.8532	23.2245	36.8494	41.2904	34.3114	28.8927	21.0819	8.8474	8.18216	14.6698	12.679	7.7076	16.8378	22.9127	19.6676	16.1882	20.9529	16.697	9.14931	4.23456	7.12659	10.7464	10.849	9.42649	7.77298	9.89925	12.0149	8.17844	4.61996	4.13694	2.2543	12.8626	11.8762	11.1855	3.73996	7.36287	8.84587	10.5602	6.73332	8.8474	7.95117	1.15015	3.52646	6.11676	7.92637	4.99546	10.7028	10.3952	6.59027	6.86492	5.39862	8.61076	7.00422	8.54801	10.1167	11.8337	4.11207	5.26757	4.37337	5.31155	8.35849	15.7267	14.4849	13.6285	14.8582	16.9196	15.4963	15.4927	20.0129	11.9979	5.26791	8.78279	9.84463	10.2573	8.45174	6.92944	6.64015	12.001	11.8147	15.6016	9.279	6.09751	12.2915	8.14159	4.69811	10.8642	12.9618	7.67797	4.44966	6.69456	0.618242	11.0402	6.99782	5.20125	4.04053	8.01972	9.83797	12.9025	16.3383	14.4195	10.4388	13.6908	6.52418	8.21876	8.55303	19.0591	12.5235	10.1163	27.7198	10.2166	24.3491	12.4846	9.94655	13.1884	15.7718	15.2487	8.64592	10.1163	15.7177	14.6462	17.3263	19.8022	20.4837	21.4298	20.1344	6.26396	17.9531	25.7139	20.8263	20.9623	19.0415	18.5563	7.68737	8.11395	16.8478	15.5064	9.81065	13.1134	15.7818	11.0585	8.35849	4.1404	8.11342	4.9342	15.0764	11.5439	13.6619	1.99905	9.88901	3.90445	7.33522	3.84786	13.7925	9.70431	10.777	10.8483	9.88366	9.82636	14.9233	13.1202	8.00911	8.3034	11.5708	8.87513	7.36287	6.40975	4.59136	4.98691	8.78115	8.19239	3.36526	7.01425	5.47072	6.47937	4.19635	3.62869	3.66091	8.09433	7.47347	6.59671	2.381	1.46485	2.74161	2.12018	6.6663	7.49062	5.4309	2.90774	5.4546	2.76299	6.2177	9.56816	10.9018	12.4186	11.1304	11.1001	15.7207	14.1677	12.4594	12.2921	13.2206	13.4014	11.0292	10.3909	13.6307	11.2744	19.9094	7.36265	10.487	11.8386	6.71828	10.2422	5.10218	5.46287	9.76305	13.0547	7.32573	5.96777	8.18382	2.45371	8.50739	20.3659	22.7961	16.7328	15.3482	20.6555	19.3972	12.1752	6.76926	6.11676	9.93522	9.45794	6.92974	8.03571	6.53516	7.89367	10.6887	10.0272	9.14039	10.6185	10.7	5.68157	6.32157
61.5305	56.5192	54.8451	61.0993	56.9278	55.2805	60.1565	63.9161	56.4707	29.3717	34.6657	31.8552	19.2216	7.84538	14.9218	26.2997	38.2387	39.557	40.1009	33.8381	24.8826	20.6694	7.70692	7.95451	15.3669	15.4247	7.32463	15.7696	26.4865	25.2413	20.7482	10.5233	10.866	18.9814	23.1816	24.8706	23.2498	18.1996	17.1507	20.4326	17.0033	11.3761	7.48967	3.46754	7.62272	8.90324	12.3102	15.8498	13.0777	13.0215	11.5179	3.9413	11.2201	10.4321	10.0473	7.99935	6.26568	7.53189	4.43914	7.23582	10.5166	9.6087	9.12406	5.93098	7.85433	5.15565	8.66649	8.60036	3.10229	2.99184	2.45346	4.19592	5.87178	4.19592	7.07685	9.0553	13.6899	11.7197	4.02919	2.40521	3.66437	14.3996	15.3396	12.5576	15.0962	14.7766	12.8657	9.59939	7.96531	14.1388	11.0699	7.72177	15.78	17.4593	18.5612	22.5163	21.8633	19.0976	18.9538	16.3825	16.6617	20.651	21.5902	19.2556	16.9718	11.875	9.61456	11.9403	12.7555	9.20005	9.85258	10.5329	12.9512	11.1506	14.6411	7.77954	10.181	11.3135	14.143	6.65914	13.9022	30.0543	18.7177	28.4116	13.1814	6.29789	7.72778	10.5835	8.31338	5.36548	8.54661	12.9932	18.1352	20.3382	21.7656	19.5582	14.2972	22.1732	27.6834	32.2428	31.677	28.4888	23.5101	16.5064	8.0349	7.62272	11.9726	10.6443	8.32885	7.70168	12.7815	16.1476	13.2193	12.9857	8.00788	5.51243	9.57269	7.04643	11.1794	9.03786	5.14444	10.2569	14.3854	11.9437	7.48987	15.4974	14.9442	17.8977	15.7116	9.27381	12.2512	11.8697	16.118	8.49858	4.82025	14.3845	13.6892	8.78083	3.99284	6.64808	6.19106	7.73673	6.58701	0.874243	3.59602	6.17259	5.13299	1.33889	3.68843	3.8475	0.766744	1.82214	1.47471	5.99892	5.44107	5.35487	6.37554	7.16592	2.28637	2.9917	0.857257	4.83804	3.69621	6.05899	9.60847	12.3637	14.7689	16.1713	15.1427	16.8806	11.8668	12.1346	12.0868	10.813	10.7713	14.7867	8.76936	7.86714	16.8456	16.708	5.70403	15.4298	12.3337	7.54919	11.6799	6.31857	10.3455	15.4014	15.8499	12.1654	12.26	5.89166	9.65711	14.5894	27.3078	22.6148	12.0919	10.5446	13.8904	14.1456	11.2088	12.1337	19.2635	18.2642	15.4014	11.2529	12.9511	12.6777	13.8007	14.59	12.2414	12.0591	14.4307	13.2426	11.9508	12.8758
65.4544	56.6243	50.1908	53.7952	57.7796	63.3875	68.5137	60.8866	35.3529	20.8227	33.9613	40.1024	37.6291	26.286	9.37489	10.1782	26.2047	29.3881	38.3302	34.6017	26.0005	27.1216	20.1423	12.5262	12.5101	14.2708	13.2181	11.647	14.2483	20.0687	22.9456	14.3311	13.7213	18.7155	22.4811	34.9941	41.6991	40.108	32.8918	29.9063	22.5732	15.3267	10.5541	5.66017	5.5042	4.86165	7.06822	11.7422	16.0912	12.7231	7.72858	4.30879	9.68085	9.56621	7.01311	6.62827	4.6537	5.70341	8.87321	5.06412	4.05756	0.874141	2.3306	6.33855	9.615	6.7104	3.53006	2.09191	3.56292	7.18135	6.50063	1.30551	5.13242	6.82529	5.32432	3.59976	6.35194	1.84588	3.61183	3.52996	5.32437	6.69302	5.59813	8.29183	14.331	17.4017	18.8466	14.3046	15.2458	20.5082	17.1576	8.45025	10.119	16.8794	19.185	22.868	26.3423	27.5684	29.5718	30.8786	30.5917	28.9019	28.3545	29.5142	27.2288	18.627	9.24227	11.8971	10.2132	7.61665	4.66923	5.20003	10.35	13.1099	18.1157	15.8993	14.0143	12.4129	10.6431	7.66904	11.0118	24.1849	24.1687	22.3682	9.85461	4.9361	7.50825	8.75717	6.87811	9.38199	4.60649	10.2022	14.6669	15.8992	15.5162	34.1884	38.787	34.7701	27.7168	21.1355	17.3476	9.72469	5.96687	4.29187	6.6389	17.996	12.5388	5.66017	3.86214	4.37275	10.3499	9.13094	9.62091	15.3536	13.1802	1.0977	11.5423	5.99814	7.39655	5.93038	8.83974	15.057	15.714	11.9054	10.6075	15.354	18.0543	15.5524	11.7717	8.14924	13.7041	5.40549	18.7367	6.33839	11.3221	14.3694	18.6463	6.33855	7.18947	9.51869	11.2167	7.73614	3.57535	1.04277	2.74643	1.58029	6.31795	11.8657	11.9019	9.19907	5.14104	1.46456	3.61183	4.60635	2.57569	2.33069	5.47231	3.12556	1.09764	2.91205	0.857198	4.93298	5.57988	5.1691	7.324	10.7907	8.14924	11.5717	12.027	13.3259	8.30047	9.47702	10.3283	9.7321	10.4636	13.8494	8.01273	8.36884	15.2884	2.99632	15.8521	16.5524	11.8365	11.1831	12.3309	6.18846	13.3043	16.8193	12.1815	15.4626	14.7395	3.0641	4.64734	16.8655	28.7749	24.0041	13.1354	8.43834	7.69888	13.949	13.9433	17.7978	19.1243	17.5905	16.7914	12.2155	14.2546	13.5366	14.5183	13.32	12.2898	12.5211	16.9676	14.099	17.0479	15.9815
51.2447	46.0052	55.8601	58.4956	64.1384	69.2884	66.0804	46.4993	26.9548	21.2797	19.1146	19.9384	31.7517	41.0573	41.8167	34.6809	24.5937	19.6817	27.6331	27.488	20.5867	22.7049	24.9258	26.6973	15.1701	6.7571	11.0378	11.006	12.3343	15.2175	18.6488	29.8895	32.112	34.5651	36.2905	34.9266	33.9099	44.9479	48.8144	43.8532	28.9584	20.2069	14.1934	12.7566	9.98191	10.0339	11.0059	9.28592	6.31976	1.53301	4.19514	5.05197	4.28126	8.88377	8.18712	9.41936	9.16284	8.346	9.56546	11.1761	12.0858	10.547	6.00006	8.31483	6.13145	3.14868	3.78158	4.93279	2.43496	9.57829	4.4615	8.13969	3.36429	7.12619	6.87749	2.85093	5.00587	7.65345	0.383339	6.1502	6.54194	6.01678	5.80871	7.78545	7.36266	6.72456	14.7481	10.768	18.0289	19.2788	18.2076	23.2373	19.7669	21.8422	20.8911	13.4313	3.76994	7.50179	11.9148	16.317	19.2603	17.5805	12.0938	14.2236	19.6538	22.2942	16.6556	12.7122	12.597	15.5263	14.3668	10.9332	6.99583	4.16374	8.78036	6.65576	6.88604	8.81968	9.28281	9.51945	8.88377	11.0374	10.3111	13.6873	10.4856	8.5506	9.51185	2.23414	8.74783	4.65312	9.47184	8.07629	7.83665	10.0714	24.0655	43.7199	35.8361	7.19463	9.38318	10.1804	9.01688	6.96261	4.28126	6.27839	14.0635	20.1722	4.41553	6.87723	2.5469	7.21271	4.89704	3.25371	2.08462	13.8526	13.9084	7.60092	13.0118	9.46697	4.32859	1.21207	11.0474	12.3926	9.83519	9.34502	7.59319	7.0248	4.63126	5.47974	8.1608	5.71073	10.5424	4.62178	19.743	10.0911	7.81667	15.3914	19.2043	9.84535	12.5697	13.6486	9.85375	4.39891	2.91696	2.70865	1.58018	11.609	19.4284	17.3071	12.9232	10.0883	5.89029	1.71381	3.37716	3.52961	2.74617	0.857097	3.52961	2.1471	0.618103	3.95162	3.94057	6.06483	6.70532	3.70336	6.49545	12.7561	9.96034	0.685696	0.706786	7.07554	4.86437	1.4134	7.59337	8.839	6.82693	9.5175	9.98141	13.9268	7.86015	12.811	17.5009	11.0677	4.98559	11.1868	12.3343	6.66464	14.991	10.5252	6.54189	16.0026	12.5381	3.6116	0.484856	17.4731	27.2787	24.3622	11.0296	12.8894	15.1683	16.6553	13.4707	17.1474	14.0786	15.16	16.3552	13.3333	14.5347	12.5345	13.4707	12.0903	12.5881	12.9582	17.1655	17.9665	26.3424	26.3784
66.5416	62.203	32.6029	38.4646	39.4803	54.8167	44.6813	31.7471	32.5919	36.9803	31.9709	14.8879	13.0329	24.0612	35.2097	37.3354	24.9569	11.5294	22.7265	23.645	18.4256	18.432	19.2025	30.3888	18.6291	14.1153	22.8538	26.9328	27.6292	27.5872	32.5145	34.632	34.9326	36.7838	38.078	30.9029	23.9778	22.2105	34.3847	44.5212	31.2753	21.1731	15.8454	10.1987	7.07483	7.69949	10.616	7.01162	4.28083	4.89649	5.08298	2.94644	0.3833	3.95122	6.79472	8.50793	9.88585	11.6771	12.4882	12.1075	7.48789	5.23232	10.609	7.23559	3.29356	3.7812	8.13859	5.72761	3.36384	12.1569	6.64619	6.48815	5.20731	4.06754	4.44119	3.29363	4.12096	6.74991	9.27545	2.37993	5.19057	8.87622	9.28442	4.36168	2.4227	4.46078	11.0157	3.14369	12.4708	10.6407	6.15683	18.7571	22.1075	25.2371	27.2445	27.0247	20.471	14.3372	10.7801	7.17998	3.63126	4.58982	8.38267	12.5109	16.2121	20.6489	22.9183	21.4974	18.8141	16.4982	17.5876	15.2652	7.33268	7.50088	9.84975	4.76416	5.19892	4.32833	5.64867	8.1738	9.86701	10.3439	8.1897	11.9934	9.54835	9.73032	9.29558	7.75858	8.82965	8.82031	9.01024	6.95806	8.71265	20.4719	35.9302	35.8998	22.621	14.6484	9.06664	4.93501	5.08298	10.4436	6.86824	1.1497	17.6804	21.6342	2.54667	8.09455	6.86644	7.78641	3.90288	1.02838	4.22608	9.8107	9.8667	8.76688	9.18332	3.62728	3.67528	2.18077	14.3392	10.8714	8.20003	9.87978	7.33255	4.30801	7.01756	10.8209	4.78844	4.86067	8.77978	11.8844	16.5829	7.71396	5.06316	15.1087	15.5035	6.39189	6.66397	5.99721	1.2477	6.41442	8.54473	8.63765	13.8293	18.7462	16.3199	8.54458	13.9605	10.9277	5.33948	1.8456	3.46239	0.61804	1.19973	1.82149	1.99815	4.47719	5.67955	5.21875	5.68981	9.3986	11.9692	9.50674	3.99519	8.88288	15.978	6.95991	2.38007	1.91571	4.29104	7.48358	3.14818	6.18691	7.62987	6.03781	10.9279	17.38	5.35314	13.7092	12.897	8.58932	5.68725	10.9279	11.9446	6.99948	13.9868	1.09742	16.8346	10.8394	4.95861	6.87697	6.5323	19.2147	27.2244	18.4815	11.9822	17.7601	15.2755	16.0278	13.1075	17.0192	12.4991	14.2024	16.124	14.3127	15.6238	14.6964	14.9355	13.6264	13.7732	14.2111	17.3986	24.9494	33.9659	35.5531
52.5468	65.6027	65.2154	66.4116	66.3475	65.3266	45.3423	5.29826	24.3588	42.0083	39.4274	25.512	19.495	13.3056	7.36122	20.113	29.4126	20.0742	16.1491	20.7509	16.8497	21.1193	20.6576	28.3077	18.8582	13.6277	16.9228	11.7214	22.8263	24.6317	25.5019	17.6178	12.1851	13.9391	15.9475	5.70968	7.50614	23.9844	45.9071	44.1367	24.7814	13.9321	9.46954	9.36875	5.78001	2.54629	7.25287	4.55413	4.30758	5.81759	8.23598	12.5499	17.4377	18.8484	15.7646	10.0826	2.87084	3.37673	7.12325	7.40043	7.50043	9.94283	10.0487	8.44832	12.1065	12.3203	9.03616	9.52322	4.0672	8.10962	11.5234	2.23364	10.9273	9.07864	5.27642	2.29841	6.66297	2.95624	10.8924	5.83022	6.49429	9.95858	13.16	9.08624	7.63718	8.38033	5.94067	5.86972	8.5068	6.82769	8.36662	0.617988	4.29077	8.58191	9.32993	18.2189	18.985	10.4448	11.0358	15.7654	18.5073	16.5006	7.01123	6.45168	6.79804	8.74497	11.4221	13.0992	11.2488	6.37768	4.22547	2.7879	9.37177	11.3921	5.67875	5.67899	9.3675	6.18909	9.06589	6.67404	7.28253	6.48742	7.33191	11.4813	4.93188	5.83737	10.194	8.62366	10.0474	17.9404	24.5139	14.2813	7.85138	22.7665	32.3815	35.8595	37.212	35.192	31.5	25.8876	16.8188	12.3233	14.4737	17.2175	19.8101	15.9765	0.706677	4.47688	6.69142	6.05195	6.86586	8.98262	8.62366	9.65785	11.8286	9.38143	2.30479	2.91122	5.83022	7.98211	13.1765	10.8433	4.65225	7.88974	7.95123	5.56291	8.7658	14.338	4.32779	10.4643	10.3256	15.2909	14.0412	12.3592	14.5218	8.68111	11.8099	20.6916	19.4318	17.4087	13.9125	11.922	11.6441	14.5618	20.2555	14.7526	1.1496	13.7985	17.2725	10.1783	3.4621	0.856938	2.91122	2.93136	6.90149	5.91901	6.92634	14.0064	14.7363	14.8876	12.8444	8.81957	12.8876	14.6034	20.7507	13.4966	7.01086	15.6018	9.43401	2.78809	3.08707	9.72913	9.12849	7.6688	3.29335	9.13323	14.4916	20.0719	3.42392	11.0389	13.026	11.9074	9.54755	14.7606	15.6359	10.8516	8.44953	1.47407	16.8447	9.13634	13.6133	13.9835	15.0767	22.0412	29.393	17.3424	15.9207	15.5236	18.6067	22.1412	20.4834	18.0771	14.7799	16.8152	19.0512	16.7757	21.3614	23.2828	20.4237	16.405	16.408	17.8086	24.6017	34.7643	35.7198	36.8464
39.8119	34.7397	51.2135	55.4938	61.5742	68.6887	61.6112	31.7526	7.33142	39.9096	40.6255	35.1932	32.2637	26.61	18.0119	13.2225	24.5997	28.5923	14.5243	14.9956	8.92402	19.4721	24.703	26.7244	21.1181	4.17671	17.6743	8.35353	16.3993	20.8156	17.4553	15.4002	4.2253	3.3062	18.4068	30.6674	33.0014	38.2347	41.3707	31.7731	17.1511	13.7871	9.06948	4.36084	6.58609	7.1704	2.091	6.99408	10.7195	11.421	11.2675	14.5751	14.602	12.6925	13.6833	11.0884	6.37254	8.2716	8.22132	3.61056	5.36585	12.4855	13.0378	10.0762	9.74016	8.42551	4.97827	10.619	5.81722	3.37204	9.98716	12.869	6.85042	6.15538	3.78827	4.27675	6.73136	7.87246	8.07566	10.3407	5.64767	12.1184	15.4493	10.3625	6.68867	4.16263	1.91538	9.23233	8.17939	5.44917	2.49375	7.44408	6.37246	9.05052	6.99773	8.52095	15.1378	9.80951	9.74016	11.8322	16.916	21.4018	16.055	9.42119	4.51538	2.7613	3.46175	2.61986	1.6874	9.20912	10.0141	9.71686	11.8307	11.8609	0.171382	9.82059	7.73325	5.4037	8.17751	3.63084	8.44695	4.44053	9.84796	5.88867	15.2584	29.897	28.64	21.6685	24.3541	36.1654	34.7981	29.9336	3.28865	15.1951	25.7568	32.0929	32.9968	28.5871	20.8033	21.8186	22.9377	10.849	8.77673	9.2741	11.6089	7.59825	3.02935	2.54617	3.32382	1.99778	1.08377	4.65202	9.42116	12.01	11.7202	8.14611	5.14202	8.88125	7.7574	6.37254	7.93772	9.7279	1.47392	6.03431	6.85014	4.76936	10.2433	14.1392	6.18368	9.87204	8.30897	13.6543	19.2523	18.7005	12.9452	10.9104	22.4561	23.7536	21.8871	17.751	11.8216	9.61737	8.1848	8.54301	13.5832	3.769	12.6385	13.3453	12.6886	5.96442	1.95334	0.727102	3.32382	8.44704	7.32157	6.83135	7.86346	14.7505	11.8414	13.589	13.5838	10.1985	10.926	9.87207	11.4442	20.6356	13.0155	7.93083	16.003	15.1932	13.15	12.5353	9.88387	2.7613	3.95039	1.38143	18.4452	19.0399	5.30865	11.8306	9.5045	14.7248	8.00411	10.5466	16.3968	16.1825	7.76856	7.31962	15.9827	10.4813	14.4767	16.0287	20.4595	25.2963	32.367	19.6162	16.9794	17.544	23.3619	27.001	27.0679	22.6917	20.8486	21.1212	22.1614	19.5741	26.7786	25.6743	23.0579	19.5677	20.4095	22.0772	28.8886	34.5347	29.2353	27.2296
54.5458	37.1687	19.2936	32.0668	48.1645	66.2573	65.4763	46.7258	19.3462	26.4518	29.8302	28.0797	30.2056	29.8671	27.5563	18.4989	11.8602	24.8794	21.3439	20.0655	14.9063	10.1362	18.6292	24.1362	21.6807	6.66198	19.4398	18.1322	14.3332	15.2338	13.2952	18.7359	4.44651	7.03023	21.5714	17.7123	25.154	32.6889	28.5225	17.7698	5.80138	9.58518	7.65224	3.52413	8.10813	6.68767	4.6452	5.14149	5.68818	7.85022	4.7044	4.84137	6.06275	11.9242	13.3198	5.87579	8.07139	12.6902	14.1157	13.2983	4.75039	7.39882	12.2254	8.21534	4.97779	2.91079	6.21328	9.72568	5.13858	7.72496	4.60416	16.2755	4.60121	8.19752	4.24876	2.19344	3.42318	12.5468	5.13858	12.3073	2.32961	16.373	14.5861	2.14626	11.1343	13.3263	10.1975	6.42364	7.28118	6.66207	8.61195	2.60843	7.42379	8.10813	6.58561	6.37177	7.66526	8.23268	9.7797	8.12085	8.07495	15.193	13.7811	7.88843	4.47609	7.70287	9.21333	7.76769	3.70216	10.8697	8.42086	4.11984	6.51947	6.95802	7.98041	10.4746	4.72906	2.5915	5.73863	1.91527	8.60514	4.72913	2.37928	13.9214	33.3474	33.5141	22.4105	19.5037	15.1911	28.5195	10.7388	32.3221	14.2481	11.2922	9.55737	16.3732	26.061	20.5227	12.0796	19.0942	25.6254	10.376	3.14279	4.6452	8.37843	4.93366	2.14626	2.8497	2.76109	6.95828	8.66641	6.59232	6.63819	5.77915	2.60833	6.8748	7.59044	8.281	2.80844	3.51166	3.76851	9.58086	5.80664	7.89917	8.67451	5.87607	8.67268	8.96949	14.5293	15.6679	10.8185	17.4492	13.1117	1.91521	8.18747	20.1039	23.6237	8.83562	11.8914	12.885	3.32353	4.70425	2.90563	5.94709	14.5588	10.7588	10.6917	15.0167	10.3937	5.82889	2.73978	2.56878	7.52759	9.47239	0.70652	6.15479	8.30311	15.4002	10.9823	4.51496	8.00361	9.78979	6.9001	6.20402	9.72739	7.96039	19.0066	8.84041	4.79926	2.06977	5.17237	7.19379	9.31091	6.56583	0.685435	8.54707	19.9324	13.4985	10.7114	13.8546	9.04702	8.40561	12.5917	4.0086	8.98084	17.6023	10.7588	7.17009	14.0198	0.34273	12.1537	4.28652	11.2721	20.334	27.7652	16.715	17.1708	18.5894	19.1292	22.0496	25.6246	22.5671	20.655	18.5216	16.9942	17.6247	28.5909	20.9363	20.7291	17.6145	19.3178	22.4615	23.0041	18.3832	14.1802	11.1039
27.04	44.122	43.762	33.8825	32.5358	60.8883	65.063	52.9119	34.0703	29.8016	33.6197	33.8629	35.3204	26.9285	24.0748	23.8184	5.6567	14.7482	16.047	12.664	8.95634	4.44618	13.101	24.3366	22.8859	11.6647	19.7921	19.8676	16.7545	13.0767	17.4737	22.0614	13.2101	13.4916	20.628	13.7828	17.3379	21.6908	11.2016	8.75204	9.99701	11.4997	10.012	6.0929	7.31787	2.73953	8.86519	8.40359	6.51925	7.04183	7.28054	3.19783	8.30953	9.67547	3.46111	8.78309	13.7683	10.3186	9.63318	15.4749	13.4062	1.2354	6.68726	8.59477	8.9989	6.25011	8.57974	12.4799	8.00306	9.06809	5.8878	9.8631	8.26093	7.59727	10.7538	6.185	5.67745	12.9549	8.18633	13.7638	8.63927	17.2833	12.4884	10.0067	10.6753	6.64418	7.28081	6.33503	10.6013	5.63385	9.34193	3.04804	9.92732	6.01409	5.72806	5.8878	7.23124	8.16904	8.65757	10.1966	6.5853	11.1866	11.4428	9.71905	6.74745	11.8298	9.47492	9.21226	5.121	8.09157	10.5377	8.05109	10.1744	13.1695	12.4095	9.03199	4.41344	4.27924	6.9096	5.04698	8.8459	6.42334	8.18624	21.5695	33.5151	21.1659	18.5409	20.8395	3.9387	23.5582	10.6808	21.3361	18.2097	14.0942	20.186	30.0577	33.3698	16.9776	3.30574	19.0186	28.9844	15.2869	9.60833	11.2827	13.1679	7.58948	2.83398	3.02858	1.19928	2.09061	5.45048	3.08618	12.1814	13.6813	10.3701	1.3812	5.07284	2.91054	2.42174	2.76073	1.4537	4.1124	5.63891	6.96559	9.24438	6.04074	1.04218	11.1321	18.8289	17.873	17.6526	16.2064	3.84477	17.7127	18.4451	17.4518	19.7578	2.19322	14.5209	15.2194	2.78723	5.42939	8.02967	5.42945	8.52486	14.0249	9.78898	14.1873	8.07377	3.90499	4.02654	8.23181	15.0788	10.918	6.56322	6.21292	5.53245	13.0445	14.8477	5.26383	3.27021	5.89766	5.67727	2.91547	5.30767	4.32672	12.1298	11.1871	8.29762	6.20355	10.0292	8.86519	6.79177	6.6243	2.06252	6.63514	18.7051	13.4071	9.62831	15.8808	3.04784	2.3293	10.7116	9.09581	5.36197	13.4924	10.5897	4.6196	16.8718	2.54573	13.9778	1.5322	12.7542	21.2618	19.9287	15.6419	16.0034	20.2455	20.2063	23.4582	25.0406	20.2034	17.0351	18.0218	20.93	24.3172	35.0201	25.3491	21.9175	14.1261	18.2102	24.5065	22.2439	17.3749	11.9185	9.39517
41.9057	57.4888	65.3943	66.8224	63.0944	59.8851	60.4219	44.6972	23.0396	23.2612	33.0513	33.2212	33.2245	24.4422	16.661	15.9681	15.3856	2.73925	12.3153	9.14827	9.08757	13.3747	8.33775	20.3424	18.8331	6.9404	13.3905	21.6967	15.7236	12.3546	18.1041	23.7422	27.3824	20.4081	16.9655	12.6711	7.9444	14.9757	16.5922	17.8678	16.8064	16.1848	12.8484	5.91879	4.47507	8.18587	9.6263	4.35319	3.30541	5.22718	8.55861	6.99184	7.39746	10.0409	9.27148	13.94	7.09011	3.82534	3.29195	11.0412	16.5915	10.7619	4.83769	1.04208	7.38195	10.0971	11.6695	15.0783	9.88271	9.75479	13.3174	2.90523	13.4342	3.75604	9.40036	11.9605	10.4783	10.119	8.07123	8.98699	16.1596	16.5134	7.86134	7.6844	9.44993	9.54391	4.05506	4.98256	7.12213	2.67977	8.68411	3.18381	6.72717	5.48982	6.34089	1.5511	7.0208	8.50384	5.36168	4.22409	5.42884	10.4473	14.4456	14.0176	13.767	13.623	7.92858	9.27711	8.18551	0.617709	8.16996	10.2493	12.5451	11.9419	10.3312	10.7738	9.88271	9.18693	6.3502	1.71283	4.96782	1.687	13.9065	23.4532	26.7205	20.4953	6.87346	15.8723	22.753	27.6497	22.14	20.5861	22.4375	17.8192	21.4379	29.6702	40.5384	42.897	43.6458	30.8792	23.74	13.1185	5.72748	1.55112	12.402	11.1417	4.47496	2.06217	0.998907	0.383098	3.15599	4.98263	9.49728	1.38103	11.5129	6.87335	4.51409	4.89742	5.72513	6.87374	9.01238	9.13284	8.34305	9.49778	15.3312	15.487	17.5178	19.5827	16.3385	10.0158	5.94599	2.9152	15.8466	16.8553	5.59464	4.35959	13.8802	8.21207	8.60499	16.0996	15.3071	12.2076	10.9232	6.78928	4.35959	7.01464	11.5967	12.1688	1.45345	10.7738	15.9426	13.2746	14.8165	10.208	14.4952	14.4655	9.40039	5.44993	10.6386	11.3197	10.26	5.04908	6.75751	11.0315	6.59107	5.50815	6.06162	10.9232	9.50182	3.57285	12.0152	6.9899	4.8166	2.91008	3.38816	6.41367	20.0185	18.7623	3.63759	14.3319	11.7014	9.97641	13.7145	17.7752	18.3411	7.93591	7.05716	8.55852	13.317	9.50232	13.5795	11.3736	18.5621	26.2624	25.294	25.161	16.4693	18.8602	22.8806	22.8277	29.1612	37.784	38.1906	38.6292	52.4082	55.5077	44.4816	28.4537	25.688	31.4637	35.7351	40.7885	36.1357	30.2257	24.3315	17.3843
53.9346	57.4588	65.4081	68.0597	67.7813	63.1614	58.403	29.9055	12.032	21.2176	31.2601	27.9158	20.9766	11.6189	4.48775	10.244	16.5117	14.1266	4.71545	13.5266	16.5747	19.1115	19.7704	19.7485	12.4332	7.4893	12.6093	20.5579	17.4889	7.09521	13.0421	18.8047	34.7047	28.5979	6.11061	8.518	12.1906	17.9229	18.9556	16.1213	21.173	19.7885	15.0837	8.84417	8.50311	9.98382	2.98928	2.76029	0.92251	4.00385	6.954	7.3403	9.23536	11.2878	7.99255	9.51292	4.35253	8.21271	6.86254	7.5026	8.2126	9.1937	10.6944	9.33888	3.02802	3.38805	5.60186	11.8275	11.7983	7.97647	11.9218	8.84417	9.8053	8.16903	2.23259	6.68819	7.86995	5.51314	7.24946	5.65836	8.9212	8.75063	5.80746	6.33366	5.12865	4.03665	8.44391	7.2929	2.86937	4.27493	3.48992	6.87292	0.513939	5.82728	9.08669	10.7609	5.97437	2.06206	2.92498	1.19905	4.89693	8.82021	13.36	10.6352	13.3918	9.14743	10.3908	8.40154	7.23366	5.51314	2.29728	3.09968	5.7775	8.67059	9.37694	8.25979	6.47346	7.39069	3.8593	7.24583	9.26742	8.65912	21.9533	28.5006	9.50709	16.512	17.0221	19.4737	35.2291	38.4094	30.7513	25.9544	23.4401	13.392	14.4057	25.4131	40.144	17.504	22.844	12.277	8.50459	17.1686	17.2456	12.3535	9.5559	12.4364	4.48757	1.74658	4.69374	7.56556	9.83882	8.47289	2.3786	7.23384	9.65887	6.05357	3.14641	1.53198	5.20742	6.85836	6.18379	5.7069	4.13651	3.28737	6.99122	4.603	5.97423	7.94016	5.97678	6.15332	10.24	18.3435	19.1902	7.16005	8.34197	6.58391	10.9729	3.37061	11.907	18.2894	17.6827	13.8561	13.9388	9.71723	7.61631	5.02861	3.62924	3.7867	6.20449	15.5021	16.0796	13.8678	7.27911	9.23494	10.5041	12.6669	9.69554	14.4267	14.5965	5.73726	6.68798	12.5093	10.61	12.2807	13.5536	9.76965	8.15537	10.7085	14.2379	1.54149	12.634	8.49942	10.1184	9.12411	4.61557	9.92546	18.9676	22.2546	7.46635	6.96429	7.42167	1.91472	3.9007	12.3234	18.9968	17.1548	4.38272	7.15987	18.3048	22.3057	11.0835	14.1486	12.8126	25.3214	29.1703	27.6138	16.4572	20.5948	29.9695	25.9744	42.0043	47.7119	44.5683	41.9047	56.1546	53.0264	41.9975	25.4618	30.8845	39.0698	44.1557	47.2519	42.6738	27.4875	22.6365	20.0652
53.9957	51.9452	51.3222	32.3369	44.7199	46.0516	27.3468	14.3716	24.4958	25.1887	24.9091	22.8183	18.8803	13.7335	20.4102	25.8184	27.9263	15.2906	12.8026	10.1696	7.48836	4.89651	6.38771	9.79153	1.85221	15.7915	12.2988	11.7615	16.9713	7.3336	13.0441	10.8023	33.8572	29.8361	21.0456	21.8821	13.7013	7.06205	5.29795	6.87208	18.1239	20.0489	15.1563	5.53087	5.09701	1.68668	4.78818	3.06134	1.82041	2.32872	5.44892	4.9817	5.68352	7.45001	3.25574	6.72593	6.05296	7.65298	4.2881	3.75144	2.67927	3.2914	5.46749	7.93395	7.77227	11.0296	9.86936	3.75557	3.82478	6.90344	8.54363	6.39421	5.29523	9.23861	2.06179	4.64338	3.14607	6.7113	9.0811	6.14555	1.72105	8.14242	10.2061	10.0196	9.65833	7.93445	5.13939	7.81049	5.21501	3.78633	1.21109	2.76	7.52885	7.34951	3.99274	4.83949	7.2332	9.0044	6.21117	5.91769	4.81544	6.48373	10.4544	2.25194	7.77922	2.06184	12.7507	8.21006	3.39615	5.88618	10.6055	11.7148	9.92492	4.66852	1.95245	3.66115	9.3517	12.9644	10.8377	9.15599	10.8377	14.8316	38.3486	46.0197	41.1689	26.3964	28.3816	37.3382	36.9027	35.5268	32.7986	30.4775	16.4071	4.27799	8.37525	23.2773	39.9813	38.7388	36.2835	25.7236	15.6344	13.8117	13.7751	13.654	6.31477	10.1141	3.75535	3.46444	9.17736	8.44517	5.9254	4.8365	7.35703	2.84877	6.11039	10.8802	8.83223	6.12682	4.27467	3.08527	4.0543	7.54212	10.3416	12.054	17.5361	22.3264	23.6089	22.9904	19.9904	14.9808	13.968	16.3594	15.2279	14.728	17.9208	6.9038	16.0873	12.8808	9.50474	7.19103	8.14199	3.02771	12.5815	8.22934	10.8288	12.2302	13.967	12.9519	2.61855	18.0921	9.83448	13.2479	3.40907	14.8217	7.7089	13.2519	4.7974	14.4231	12.6302	16.2865	10.5392	13.5368	16.2914	11.1391	17.5912	14.9046	9.60711	13.9934	15.8889	2.60733	10.7595	15.1713	7.55883	8.78032	2.56789	10.9053	13.5519	20.119	12.8115	8.77264	15.7815	17.4971	19.6623	12.5941	2.43311	17.7683	10.7816	25.8746	37.6052	35.7303	19.4428	14.2385	10.0095	22.6825	29.6704	32.398	13.8938	29.8911	39.8511	36.1229	44.4129	31.17	42.8371	47.5421	48.0445	43.5173	40.852	25.454	43.8441	46.0969	49.4162	41.2484	43.3857	25.7389	19.6785	9.50059
59.7791	45.3825	20.9789	30.9658	21.9707	32.4224	29.3753	27.5802	26.5968	19.6769	14.0526	9.73402	17.4435	13.4601	32.5394	29.3076	42.419	18.7633	17.1533	21.0234	17.262	12.7082	18.9736	22.7096	17.4459	18.6864	9.26426	5.27563	10.6762	11.3398	19.4828	18.2798	25.5833	18.1125	11.6603	13.8802	9.33836	14.2078	12.3823	12.734	13.458	19.6136	16.9058	3.43866	3.66078	4.41173	1.04178	4.35843	4.23294	5.36015	6.22673	3.22827	1.62448	3.89978	2.61836	4.19154	5.98291	5.35989	4.59241	4.71426	4.13558	7.91905	9.24573	0.382987	11.8348	13.4849	13.4635	10.6281	6.6587	7.93316	8.24399	4.27416	3.73567	12.2667	8.16791	7.76415	9.69361	9.29464	7.54136	2.54474	7.69331	8.33536	6.95707	7.02696	5.63167	4.88712	4.45756	3.75497	11.1373	2.95417	2.17912	3.65671	4.44456	6.07658	7.95706	5.81389	2.49232	3.99207	5.35986	6.89641	3.94817	10.0252	3.32191	6.20361	4.45756	3.291	12.7709	8.1831	2.99362	11.4956	11.2414	12.5273	12.3823	9.02854	10.3798	12.5076	12.9474	10.5018	7.49349	6.93842	11.0989	22.7111	42.9251	38.0653	28.9464	28.9423	28.0638	38.4099	31.2742	28.1972	38.3042	40.8669	12.9795	5.31925	4.11799	11.7603	25.0245	29.2167	25.8573	17.7329	14.0861	13.1298	14.374	13.848	3.97767	7.15827	2.75972	6.32098	9.4873	4.43475	5.83834	9.95192	7.35427	4.66469	3.5595	6.038	4.76034	5.88553	7.23851	7.51092	7.0188	6.25681	5.53042	7.02696	15.3241	15.579	15.9647	19.2205	19.532	16.3945	14.5284	12.1756	32.3018	42.3841	45.8875	24.4491	17.3759	5.13887	6.31199	15.6968	6.39385	4.22971	14.7279	8.77988	10.9968	12.3926	15.7142	19.3102	14.508	16.3297	10.2416	6.55161	10.2362	13.1917	11.9726	12.0967	7.27771	12.1674	12.4308	6.36891	11.8583	11.3704	18.5695	11.5101	16.1845	15.978	14.0974	15.6015	15.7498	12.6417	2.0898	19.405	12.7709	7.9461	8.81698	6.33909	10.8323	13.4841	3.59633	5.8733	16.5306	13.1765	15.4816	18.4018	9.00323	16.663	25.3321	38.1501	38.1908	42.949	41.2615	24.1879	21.6026	33.8526	35.8632	44.0016	23.7898	31.7842	46.5871	47.3337	43.7937	37.7591	39.0441	55.4997	31.7056	54.1681	20.8765	34.2792	53.3878	58.9965	56.7701	44.681	47.2113	30.011	25.0041	12.1768
43.8955	41.6881	42.9348	46.9097	43.5141	26.5693	38.2222	37.2734	31.9569	26.0098	25.3929	19.8776	4.51218	15.9076	27.7669	9.56389	38.1988	14.9862	10.4002	16.1705	18.0645	16.8611	24.8939	25.516	22.5521	13.3525	3.32178	2.61255	4.2292	7.09113	16.1007	11.6348	13.3368	12.5268	13.7535	19.6676	16.4859	19.287	18.8988	18.5687	17.4997	19.9595	17.1854	4.07858	4.70171	6.90242	8.63032	6.99555	5.30235	5.30502	3.26855	5.02431	5.57432	4.31455	5.49844	7.95626	10.0176	12.4887	11.986	10.6033	6.87105	2.11753	11.4803	14.5399	8.9376	3.82396	6.90634	7.18791	11.4907	2.43278	11.2078	11.0451	12.5129	14.1038	6.20999	4.72642	5.45592	5.1384	5.20593	6.90237	9.14453	5.50611	3.57161	9.12926	8.90274	6.34564	8.21552	3.62433	13.9582	11.0866	6.14203	5.35943	5.51156	6.64093	7.11777	7.00568	5.72533	4.32449	5.33499	4.43412	2.16533	7.0871	3.60822	4.81165	3.97728	4.96609	11.5474	10.0076	8.55574	12.6307	7.09147	8.56053	11.7616	3.60805	10.7577	12.079	13.6041	12.5491	11.9721	11.4863	17.1282	25.0995	34.2053	28.9028	10.4471	17.9949	25.5628	30.2976	24.4468	26.6986	41.637	39.2013	8.87532	10.2027	10.3463	11.8559	12.3811	8.74803	5.75821	7.37315	8.70875	11.0446	13.0301	12.051	7.20579	13.3893	17.0433	15.3466	5.73562	5.05884	7.51755	5.97508	10.5291	6.64095	1.38057	4.35804	3.59605	7.63131	7.77806	8.19328	10.1378	8.08276	2.43278	4.58589	14.5922	17.8947	9.26335	10.8225	9.29963	3.84294	3.52637	5.20292	36.4947	21.1344	35.7504	25.6474	11.9591	2.23199	8.4465	11.8192	4.78729	7.71862	10.5847	14.2499	11.4909	2.67888	2.65693	13.4619	24.0348	23.6096	8.3992	6.34762	12.8784	14.5213	8.8351	6.65795	9.92268	4.62685	14.1599	6.92082	9.78713	17.2312	16.6432	12.2657	5.63113	8.2984	17.2095	10.35	6.4893	15.4798	7.94521	17.2786	17.9637	3.73531	8.14081	8.30568	13.4619	13.1949	4.83283	4.51237	17.0212	16.883	11.7949	19.4501	13.4529	12.7356	27.0325	39.756	24.8262	19.373	42.8566	45.4229	47.2528	50.6863	47.1425	53.0808	38.9628	26.0601	57.6125	60.1563	56.6104	57.3532	49.9093	64.3936	50.6375	61.2664	33.4954	47.8116	63.0205	62.9863	56.9039	51.2785	51.1995	40.7472	45.9232	52.0816
32.7919	43.8334	43.9633	51.4597	53.6145	48.8878	38.023	31.9954	28.0315	22.0525	24.072	28.1639	20.9365	6.05123	11.0435	5.99157	32.139	30.5292	11.2849	13.9106	21.0952	19.036	19.7371	15.4668	17.735	12.8668	13.7213	14.5258	19.8484	26.0102	31.8878	32.357	26.7838	21.4285	21.8407	25.5584	23.6286	19.8129	15.2587	10.6851	9.71979	13.832	11.587	4.64205	9.36446	11.6438	5.88444	3.42523	6.2094	6.47983	5.6434	8.4156	8.53676	7.73688	4.74748	2.11735	5.29633	3.52589	5.87222	8.81209	9.6044	13.0965	9.6	2.4504	9.61019	13.4905	12.9516	10.7115	12.1198	8.84085	9.08334	10.3046	7.01751	3.04629	10.5322	10.4359	9.80216	11.7116	14.7378	14.3242	12.46	12.4291	14.5025	9.935	4.437	5.05825	11.1803	7.49402	9.59665	9.12811	9.04375	7.73637	4.03489	2.60658	1.914	6.4887	7.67723	5.99157	3.59566	2.66206	4.24589	4.45669	4.61712	4.83231	3.59566	4.22892	10.0067	11.4887	4.13497	8.29757	3.55884	8.55462	14.4721	6.68362	14.2547	9.04095	7.84507	10.9844	13.8069	16.8852	35.1815	42.1311	32.0788	20.4446	13.7773	21.9066	25.65	23.2892	1.84385	26.748	30.2514	15.2166	32.8485	33.286	17.9685	8.96357	17.7416	22.6406	25.3967	25.9111	22.7698	17.9029	13.4973	14.4658	17.6264	14.1565	11.8	7.18743	8.91419	7.6227	0.342501	6.74357	10.0785	13.7085	15.2268	12.6017	11.9548	13.578	15.9354	13.3199	9.49791	7.39409	7.34128	4.27323	6.49332	17.0508	20.3621	17.9952	9.67033	8.08725	7.60246	8.0181	30.749	40.2389	32.4635	13.2944	9.30517	9.00344	13.8066	13.9286	6.25575	8.52627	5.33739	8.10325	16.1493	7.17318	2.00369	2.58978	21.2872	15.9468	22.5494	17.275	6.87023	3.06046	4.83222	6.25575	12.4877	16.9523	12.0951	6.2761	11.7993	14.316	13.7063	10.2785	4.96567	15.7104	16.982	4.11707	1.81989	12.3752	11.9613	9.43607	19.0321	16.266	13.1247	7.38825	6.25566	21.4529	24.8359	16.6892	15.1311	18.6127	9.71979	20.8577	21.7017	17.4428	29.3708	43.7663	33.8475	27.9023	34.7495	44.6613	50.5009	44.7201	36.8177	48.7767	37.0973	47.6286	64.6036	61.2399	53.4628	67.4508	67.6255	66.6309	56.5578	64.139	38.1956	66.7038	73.9761	68.0568	63.8484	57.7732	50.5277	56.6811	61.5267	59.744
32.9574	29.2338	33.1462	45.2072	48.8135	42.6139	22.5974	20.3098	26.7512	24.7793	15.5334	21.5291	27.5454	20.9434	13.8613	16.6091	14.019	34.9717	6.95269	3.76176	13.4192	12.7305	12.5562	9.00701	15.6991	14.6128	19.9217	22.6052	30.6255	32.787	32.5742	28.8766	29.5856	22.2655	6.90078	21.1749	32.1879	23.5009	13.4839	14.5482	12.2176	13.1314	13.1645	8.22619	13.9789	18.0106	17.6043	10.4451	3.99092	2.17834	4.1344	7.49329	7.42434	9.41318	10.6305	8.33654	6.1783	9.1431	10.7626	9.22317	3.9063	4.03448	5.97151	10.7932	12.3174	11.5457	13.4569	15.2184	12.8067	3.82329	3.76562	4.61335	4.5404	8.22619	7.92408	9.15249	10.6107	9.73192	9.64445	10.6646	11.5313	13.4547	11.2381	8.30379	9.33416	5.56001	7.33059	7.75055	5.1935	8.81401	10.1797	9.65426	6.162	6.4816	6.79181	3.85746	2.3836	5.26029	4.41047	2.22499	3.69912	1.08284	4.82287	2.99276	3.98729	0.922071	4.2728	8.68407	3.5953	3.73447	8.08617	3.4418	14.751	5.22433	10.4598	2.29607	5.80208	10.6245	11.7275	12.3475	37.1634	34.7378	22.0227	1.38023	20.2654	8.9133	10.762	13.2387	14.9699	20.9754	12.4423	25.0298	29.6027	31.3725	29.7212	5.49709	18.8223	13.3667	11.9325	18.4581	20.6733	17.4967	11.0544	14.508	13.3127	0.765762	3.42052	3.45877	11.6456	10.4329	3.04578	6.31214	1.71179	6.17839	10.7677	12.3621	8.70726	8.63351	8.53576	6.14321	3.36032	2.75893	7.46241	6.53448	5.30148	0.856084	5.92284	4.1344	10.2338	7.28983	2.9085	1.95166	8.84799	12.664	6.15022	2.78534	4.51128	3.69912	10.2989	11.9276	8.39793	14.3357	9.33476	2.7854	10.4183	15.077	8.20711	5.93498	11.0956	22.6232	15.1719	8.9673	15.1542	15.5561	10.2773	3.04578	8.27474	13.8937	15.5196	9.71436	9.08204	21.2894	11.3239	7.11631	8.59892	18.7098	19.5263	9.6676	4.05251	10.2389	9.80062	2.73768	10.5825	10.1108	9.30425	10.9682	13.0602	14.1774	18.6943	22.4175	7.85707	17.2303	8.44481	16.2645	24.9396	22.9091	41.3835	53.8144	46.5626	38.2137	32.2209	29.802	30.3769	15.7838	35.1068	43.8333	30.4206	56.2306	65.6326	53.857	50.4667	60.4077	68.8053	60.5736	60.8034	59.0608	25.0272	73.9655	73.1616	62.3321	65.0235	57.587	29.6794	55.0844	54.4589	46.6123
13.1378	13.7215	14.9377	24.0322	32.3224	40.5195	38.2163	25.532	26.1293	24.1391	21.1219	14.2898	21.6416	19.8046	20.8355	38.6415	44.6731	39.8277	18.3958	16.9159	15.5001	11.6415	11.5538	2.23131	13.4705	10.3365	7.50789	14.3052	32.3267	27.6359	32.7384	29.8001	38.1022	32.5064	23.4444	24.749	24.4731	19.1349	13.4554	11.8896	8.69167	11.4827	12.6139	6.20796	16.1779	5.84131	18.0536	12.1209	8.61459	9.71935	10.3026	9.29732	9.85617	13.5713	10.38	10.9668	7.82174	8.86659	4.85519	10.4657	7.11574	6.46977	2.00322	10.8939	13.4256	8.66713	5.84131	1.30372	5.09455	6.96056	7.76108	10.5127	7.4236	4.66295	7.13151	4.70036	6.34609	5.87104	7.89255	7.93057	6.48096	4.66608	4.59094	10.4322	7.35338	9.2791	14.6802	15.2271	3.76141	6.90041	13.3487	14.047	7.27526	7.47938	9.02513	6.05042	4.88524	5.80404	4.53996	4.37693	4.64122	4.64116	4.48518	6.55819	3.12139	1.38012	6.48067	3.84182	4.58458	4.61293	7.59115	1.9514	14.5019	2.08912	10.238	3.36011	4.74936	13.335	14.632	8.06592	31.7994	40.6204	37.253	29.7657	34.1182	31.2154	27.0513	22.369	17.758	15.4032	6.9851	13.335	11.7446	27.0706	28.4572	4.00536	14.5473	17.1225	18.9254	18.2173	14.2676	17.164	14.606	13.1208	4.5141	5.23772	2.58924	2.95306	12.996	9.85568	4.5238	6.09535	0.856053	7.85616	5.12301	6.87716	7.20374	1.95142	6.65614	2.9431	4.86136	5.1257	7.84326	2.678	4.02335	4.00156	10.0215	14.4167	12.5795	11.7917	11.1224	9.17322	8.525	8.37131	5.89291	6.25443	11.5891	14.6187	4.53996	9.16835	11.512	16.6379	14.2374	11.3992	5.7238	12.9412	11.7914	1.72021	8.99206	12.789	4.83444	8.63283	2.74276	10.1678	14.8641	15.1747	14.8071	11.8894	5.92252	14.7054	4.19005	19.0231	20.8815	9.35169	7.84343	14.6246	17.4684	13.4145	11.1145	10.6291	6.86893	5.45436	9.88452	9.15607	9.61996	9.10033	15.36	18.5115	4.54937	15.4213	11.1974	9.61981	15.9316	13.7033	18.2179	20.6702	38.6758	51.0755	33.1805	26.0796	22.2327	18.5741	17.6357	10.4714	34.2075	41.4691	43.1247	51.4292	68.6063	65.1373	63.3197	60.9147	63.8851	66.7941	70.2967	48.1542	32.3168	76.1208	66.832	67.198	66.7982	51.0238	39.9678	53.494	50.1665	50.2122
8.57756	10.192	14.4099	18.5312	24.6812	38.4783	44.6409	42.3559	40.318	32.354	15.3374	14.5864	14.2439	14.4765	14.42	24.6352	26.2187	23.9901	18.6688	21.7987	24.555	25.0686	24.1544	16.3972	10.1326	5.9219	13.2477	24.0383	31.7866	10.4169	33.3927	36.4508	39.5466	31.9463	14.909	14.683	16.5433	14.2062	13.7732	14.2849	11.3063	13.1921	7.02327	10.0207	17.663	9.27833	20.6311	21.269	20.2056	16.7154	16.1846	14.1228	6.65582	3.41989	4.43241	8.00139	9.14149	5.13369	9.1223	9.59666	3.94626	7.24501	7.3919	10.972	18.2541	5.8407	3.08344	9.05109	13.0374	11.2733	5.55668	5.91186	3.28521	8.7368	6.81792	2.91288	1.38003	4.07707	5.36014	3.57014	3.78431	3.44135	4.88451	6.11362	2.90303	7.66571	6.04985	13.9327	15.2128	9.71259	3.04522	13.5104	9.00063	1.81937	4.66562	3.07869	2.943	6.93517	7.24111	3.73391	3.26727	5.77371	8.23194	5.73601	3.08337	2.32729	7.80602	4.83104	6.00918	9.79504	13.6856	10.6627	17.3257	7.97271	6.57708	6.40847	7.99583	11.6827	11.1772	11.0524	22.0218	33.8785	32.7231	22.3037	25.0286	26.2985	29.8446	24.7634	5.65461	8.44039	17.0713	10.6034	10.1998	19.162	14.545	13.3151	8.91529	13.2115	20.2406	24.6053	12.4327	7.16119	7.01741	2.1645	5.13666	7.43637	9.70681	10.6836	13.2148	3.84143	7.99427	6.94956	6.18203	6.78416	5.13666	6.38406	6.82012	4.88451	5.39773	1.7868	2.54336	8.39601	6.11365	3.74951	6.72451	7.59983	11.7548	13.4314	5.51453	2.19148	9.14143	15.17	22.7686	21.6747	10.6232	11.1121	12.0745	16.0955	14.3331	4.323	4.48455	11.5528	9.34514	10.4647	5.12525	8.90369	9.4663	5.79583	11.0417	9.35693	8.33664	1.61465	9.66761	17.8398	19.3645	18.2067	12.17	10.6712	10.1002	9.83355	13.6098	11.4233	25.7577	11.0404	9.83325	10.7897	14.7702	17.4553	19.0598	17.3247	12.062	7.99427	5.94111	5.20366	8.88619	4.96436	11.1222	15.0419	1.54995	11.3409	21.5272	21.2006	13.6308	18.8163	9.49072	26.9576	42.6391	45.9142	31.7894	6.11362	10.9546	10.5333	11.6298	14.6891	16.3388	20.8732	42.9978	57.6489	73.5295	69.0262	64.7452	62.48	55.211	70.57	74.0301	54.2971	60.0816	75.8944	62.1031	68.9468	65.9972	59.2633	58.4546	58.6886	50.9597	51.538
7.80734	6.3084	10.6023	15.675	16.0285	26.1554	34.3015	37.1126	34.8719	27.3839	18.8451	16.4842	9.6879	10.074	14.6767	25.5024	15.3351	16.7137	16.8111	19.2581	19.2268	20.1458	24.542	17.1199	23.2642	22.4154	28.8517	31.9361	24.152	16.7945	39.8791	35.5878	31.0643	28.5281	22.4253	17.0316	15.4003	15.2661	15.253	13.6532	8.79573	6.18109	7.21648	17.7642	17.8866	10.5985	15.6275	17.4364	17.4057	11.9505	11.753	14.8401	4.88999	3.55768	1.4523	2.75824	3.08302	6.72143	5.95761	11.9129	9.18643	4.6622	9.40584	8.93321	18.6658	1.37992	10.3003	10.0353	11.5146	10.3225	11.1712	2.9919	9.46536	6.99207	4.15777	2.40129	5.33239	2.90273	1.37989	3.21284	4.47112	3.32021	8.83752	9.14052	7.69496	2.32714	1.41133	4.80922	9.78504	10.0324	8.53334	3.89749	11.2803	4.64033	4.00093	5.93353	5.7228	5.70258	5.1921	3.98978	2.52596	3.14416	2.78442	2.95255	4.39248	4.8573	6.83411	5.70258	6.95097	8.30181	10.3954	8.49674	17.9616	15.4907	1.61459	7.87099	11.6594	13.8575	14.9666	15.0556	15.4364	17.1609	16.9804	15.2974	15.7988	13.3223	25.8189	26.2999	10.9075	14.1082	17.3491	14.1703	21.2636	20.3237	12.4155	9.17915	5.38937	12.6593	17.0735	27.2074	15.5588	6.85699	5.59726	6.16017	4.73644	1.71129	0.705771	2.0675	6.99183	1.85107	5.55574	5.2115	5.49587	7.76154	5.07085	1.89011	3.59435	6.91761	2.84667	2.44958	7.05754	7.17829	2.67216	7.51981	8.24629	11.7182	9.79783	14.1922	5.94051	4.78495	5.26986	12.957	16.3402	14.3206	16.4837	18.1484	10.0573	7.38502	10.8918	8.22399	9.45848	11.8281	7.7339	6.53262	5.47192	7.18634	7.04096	7.81979	11.1909	9.38439	5.45351	11.0359	9.91783	16.2795	18.3674	21.4481	19.9015	11.8131	15.4811	10.8268	19.1389	5.9409	25.7222	14.4991	12.2317	8.73546	9.94623	11.0358	14.6159	17.436	14.8273	9.55943	1.14823	8.69	10.6927	9.33212	13.5433	14.6733	6.16024	8.97106	14.7456	18.2639	16.6354	16.0303	15.203	34.6168	39.9098	22.4409	27.3401	31.6688	25.4421	19.3692	19.2738	19.6572	10.2309	17.0225	34.6911	57.22	70.431	61.513	18.8614	32.9955	42.5772	60.6963	73.6239	72.5032	73.7473	73.728	50.5177	62.7148	66.0316	62.6224	55.0224	46.2153	28.0234	33.8398
6.74017	4.28168	5.31598	8.55588	8.88805	14.7048	9.55107	13.292	12.3165	13.8011	28.2182	14.2746	14.4625	16.4342	18.1128	27.1595	17.3474	14.035	14.1348	12.2168	8.76762	17.2512	22.9489	7.65681	13.8016	31.5014	38.998	32.6448	13.6115	27.2375	38.0344	34.7943	34.5175	32.7194	22.9572	17.8682	16.7363	12.2801	10.4947	9.96796	5.44513	9.48159	13.771	17.9852	8.90879	3.52428	8.17634	8.83678	12.5691	5.72232	10.5787	16.4153	4.00428	13.1976	13.3301	6.32844	6.12201	7.05695	7.9411	13.6194	16.2968	10.1248	2.65544	8.57746	14.4543	1.08248	10.3726	8.07781	9.09733	4.11529	14.3159	6.55836	13.6378	8.18823	6.51231	6.75118	4.37883	3.52425	7.70359	9.36763	5.39701	1.88221	4.32543	4.88977	4.5897	5.77258	3.94553	5.29934	6.25483	4.1154	12.1544	10.8295	6.95039	13.6674	12.0908	11.0504	8.06417	3.62628	7.60406	2.0815	3.56961	2.84643	3.98944	3.31972	4.88963	6.88998	5.95735	6.11282	6.98531	5.46372	2.73666	3.55716	11.3321	16.7747	8.85605	2.23074	5.48473	9.57027	8.57746	5.02435	3.93434	3.93434	14.065	19.7987	26.9732	34.9551	37.5722	30.5108	12.33	4.45463	7.41536	5.42379	13.3191	17.5073	10.1024	6.11249	2.49077	15.5748	18.6619	27.9426	17.4164	11.1742	11.1542	9.52135	4.92533	3.98605	4.28168	3.82188	5.46353	4.97802	2.65535	5.79237	5.86183	2.9523	3.31987	4.97787	4.27475	1.14813	4.92533	6.95836	4.27122	3.24434	5.67154	5.46353	10.7878	10.6601	8.67602	11.9372	6.9481	7.15183	7.80462	8.8254	14.5843	10.3772	17.9449	19.1724	7.34948	12.6391	9.42758	2.28247	5.50848	8.57047	3.94547	5.25844	11.1108	13.7238	11.1592	8.83678	12.8306	14.4131	16.0445	5.80257	13.9273	23.9536	18.128	12.945	11.6991	17.7515	15.6499	5.96931	14.9538	6.17611	27.5524	20.2807	16.833	12.7543	10.0732	5.35635	5.29395	13.6392	12.1043	13.8004	10.8461	3.93434	7.32028	5.64827	12.0214	10.5413	9.12374	10.8819	14.345	8.33506	15.46	13.9616	18.3034	33.0936	29.2121	16.5876	23.1188	22.7829	13.5476	9.17838	11.112	10.0766	18.2614	22.6887	34.8822	55.7112	65.5865	57.5017	62.2443	60.8635	58.6343	41.2342	48.6283	57.2611	66.3943	53.3331	31.2957	39.8298	46.6128	50.6746	31.1425	6.39826	20.5402	8.06363
6.82227	5.12111	3.4615	5.80912	6.61664	12.3982	4.28454	9.91611	7.66349	15.7431	27.1985	14.6062	17.5977	20.7899	23.374	27.6541	17.441	12.9199	12.3021	10.3002	9.49205	23.4149	16.589	21.1317	10.1975	39.1922	38.83	30.0423	17.6056	28.8554	41.2135	38.4804	42.0571	37.4021	18.9771	13.6653	14.9372	11.6404	12.0308	12.3118	10.9721	11.2701	6.41593	10.7115	12.1135	15.9257	11.3378	8.24499	7.24256	3.86676	9.1337	8.38866	16.9774	16.6301	13.021	8.77287	5.021	6.78863	6.52285	10.7155	17.0073	11.1191	6.99055	8.0824	8.52144	1.74487	7.69315	11.9372	10.6683	4.85935	8.96475	12.6324	7.96503	9.62924	2.76287	5.12392	6.30959	7.0337	9.21875	7.94031	7.01352	5.63264	6.5778	7.58864	5.55509	5.16606	8.33398	6.34108	3.14358	9.05308	8.20359	17.2377	8.53637	6.82231	4.96283	4.39167	3.5935	4.28441	7.70265	8.18795	5.34258	5.18292	7.39761	8.46462	5.88081	5.57035	2.38247	6.02903	5.99776	5.07557	5.772	2.23044	5.80912	13.379	9.67627	8.94621	9.59459	6.86655	7.27227	12.4825	16.2239	14.2918	26.2513	33.3221	39.7434	42.7291	34.2231	20.0422	9.02028	5.77206	2.23052	7.50501	10.8245	16.3938	10.2614	7.35105	13.5143	16.0309	15.1157	24.6245	15.8451	4.51236	9.7918	8.20495	5.82191	5.93981	4.66133	3.85553	4.34865	7.05632	4.82059	2.40084	4.92452	2.90704	2.41913	5.9784	5.34524	3.62193	2.1907	5.5574	8.28822	7.8916	5.57066	2.99134	11.8102	7.3274	5.72166	5.97112	10.018	7.48976	10.2231	5.73187	12.8787	14.7941	19.4948	16.2014	1.5495	8.29287	4.10791	7.35076	5.33425	10.0459	9.38456	7.70234	16.7011	22.9679	21.7127	9.54575	12.0066	22.5517	38.2422	39.6746	13.0805	23.5615	25.1861	17.6514	8.68841	11.4402	11.7133	5.6299	11.8395	3.79471	27.1246	18.685	14.5686	14.3886	13.4156	6.34351	6.52279	12.9284	14.4117	14.7293	15.8439	11.2405	10.1506	16.0088	15.4092	10.9515	18.4412	17.4176	14.2707	16.6701	16.8452	20.6168	14.0421	25.166	23.918	8.06512	7.55643	8.98851	12.0034	13.6115	8.62471	8.66854	25.7514	33.3404	34.9844	52.1388	57.9775	45.9287	53.4321	52.2915	52.8822	53.3372	58.1303	60.1969	58.3523	45.7266	53.5718	33.1945	24.3012	34.5473	28.1643	15.6784	16.0309	13.298
6.41741	3.18001	4.45373	7.00028	6.34283	7.8469	6.63594	11.6645	6.51104	17.2662	18.4042	17.2348	20.1242	20.2068	19	24.6008	17.4248	16.0855	12.2785	12.666	13.4765	26.7516	30.1565	25.4062	16.7906	38.0655	40.2697	38.0703	50.3889	58.0418	65.0852	58.5638	48.1846	35.0456	16.3066	14.2833	16.9177	11.9467	5.38775	7.16032	0.872578	7.01282	12.9029	17.8694	23.2241	23.6788	20.0706	13.3173	8.36776	5.05501	5.8012	5.67046	8.16234	5.21033	16.0803	14.7498	10.7734	4.85907	3.96316	12.5481	19.2365	12.5395	13.7209	4.44396	7.46438	12.8253	12.2919	10.7211	6.28807	7.6721	3.78274	12.2063	9.63903	2.58801	9.58173	9.16871	2.1434	4.02154	10.8236	8.06431	3.18016	6.48441	11.355	14.8478	12.6662	8.52084	10.8143	6.72196	8.70247	5.18241	3.84003	13.7837	13.5937	3.75196	4.46991	5.88031	7.51766	5.87318	3.26613	2.06701	4.10733	3.82113	5.71862	9.12216	4.97683	3.62147	7.83959	4.97117	7.18464	9.18273	10.9571	11.416	9.50338	13.8186	21.4674	25.4239	24.8888	18.559	8.06251	13.2398	11.0364	9.40637	37.1008	40.6132	29.5232	23.6146	12.8157	11.9286	3.55667	2.54252	6.07108	9.33515	8.33335	10.9984	8.25125	18.832	23.6318	21.4809	14.779	22.3184	16.6278	4.76256	9.25767	8.72033	8.17669	7.52168	7.72232	6.9573	7.08206	7.55201	8.43717	9.59803	9.08518	6.8407	5.89035	6.88878	5.52572	3.87415	6.02603	8.06256	8.912	9.82582	8.78536	5.86071	9.59758	4.50896	4.88885	2.90685	5.67022	8.36767	14.0437	13.4848	13.0985	14.6342	14.7352	4.8827	8.00735	3.79435	3.68922	0.855627	8.32665	8.24426	7.38895	9.87109	17.4421	4.95078	28.7885	38.1951	34.5074	16.0892	15.0375	34.6403	23.4469	18.8883	24.6932	23.992	19.4676	8.17476	0.705594	6.57689	12.102	15.8629	19.6022	15.9535	8.86217	10.391	15.6679	10.9923	9.33078	11.1287	16.7215	18.7707	19.7448	19.3538	20.0527	20.2068	16.2004	15.7693	21.4651	17.3318	19.77	25.2005	19.6974	15.822	16.0078	23.7202	19.1679	4.11436	6.47777	9.59767	5.7987	2.00227	11.9038	17.678	25.4334	34.558	33.7938	43.4123	44.965	53.8344	45.9955	58.8065	60.5804	64.9041	56.4491	59.7666	59.2923	34.5198	58.1653	56.2213	57.1412	50.7477	43.6066	30.725	20.8135	15.6708
7.78766	7.08509	4.27006	3.2879	6.32409	5.93134	8.59506	11.4995	5.20989	20.8131	6.04198	13.3781	14.4993	17.6106	7.82422	22.2014	11.7776	10.9695	6.44172	12.5517	14.4093	20.8436	23.5549	17.2558	21.6062	34.5107	36.7907	35.4811	65.0077	61.613	66.2751	69.3247	58.7319	39.0863	18.128	17.1714	22.4274	19.749	13.1036	9.43849	12.9175	16.17	15.3307	12.0084	17.3817	18.7471	21.4025	22.5424	20.8144	15.8815	6.16038	4.45336	10.646	15.393	17.2584	15.2057	12.1659	14.5655	8.77127	15.1895	22.517	16.6287	12.9681	10.4436	16.2079	17.5301	15.7	8.82973	0.997735	6.02758	9.91422	0.616986	8.96149	5.01988	2.43057	8.18614	9.47296	9.70823	11.1075	9.63821	8.85683	11.5378	9.76546	7.96756	13.4419	12.9012	9.26586	6.30843	6.20472	4.70982	5.45126	5.87978	12.9173	8.20344	3.09616	9.48581	9.23675	4.99687	6.98766	7.46376	6.89658	9.77884	11.4053	11.9529	9.11396	6.14877	8.51318	6.05383	6.00622	9.91886	10.5629	14.0081	16.17	17.6071	25.5947	27.9297	21.9556	16.2625	8.13928	4.59758	14.6976	15.4194	40.6801	32.5426	13.3162	23.8996	20.9924	14.9969	11.5918	1.20983	10.5118	8.21377	5.90908	6.82106	12.3131	22.2551	22.7047	20.5829	17.045	21.0055	18.6536	10.0835	12.1566	12.651	9.33471	5.55659	6.74911	7.24165	6.47737	7.049	9.97705	11.1988	9.94883	7.82474	4.54706	5.0228	5.14536	4.73469	7.45799	8.29877	6.80648	5.79844	5.50671	10.4664	5.6492	1.88943	3.42263	4.4338	3.98491	1.71071	8.9335	10.1501	4.61363	3.7941	1.37933	8.93335	12.0002	8.56846	6.28543	9.41898	15.9235	18.8862	17.0267	6.30843	12.782	15.4005	14.2329	12.5813	36.2608	21.6341	32.7069	36.7339	15.6953	15.436	13.3277	16.9399	25.5484	18.59	12.7429	6.71251	10.9268	15.6384	16.2356	10.8329	5.73081	8.71955	14.0006	11.5571	12.4671	13.3894	19.0915	25.3193	24.0073	21.5645	23.9946	20.8683	14.6723	14.8292	18.3752	18.0578	23.0071	21.582	8.31248	3.60517	14.6419	22.2529	9.61465	11.5233	8.68691	12.3628	10.9973	9.71378	18.305	17.2462	13.0266	33.5818	37.8038	41.8692	50.451	40.9791	34.6819	51.8289	59.4626	57.4757	36.3844	60.7102	63.2929	43.035	65.5449	55.3104	56.1226	46.49	33.206	26.9975	21.2571	8.333
9.43718	6.14541	3.19325	3.6886	5.66909	3.26553	6.32586	10.5376	9.55353	24.255	10.2919	8.46222	12.6719	17.6161	6.78211	19.0092	12.1902	17.2152	8.60862	5.87941	6.04159	6.24081	9.87794	18.0524	32.9378	50.2199	55.978	56.4388	63.9192	52.0477	58.1013	66.0085	60.8674	48.9721	26.3153	18.2072	20.5296	20.281	7.38782	14.8586	16.8527	13.8053	8.29794	4.59739	13.3029	10.0694	7.60164	11.8706	9.87823	12.1084	9.49999	8.3661	8.70074	8.01128	8.22166	9.40109	3.74715	11.6433	16.8272	17.2657	23.6556	15.6241	5.90849	18.862	16.2325	8.17519	8.29957	9.5545	2.60433	3.89565	10.0986	4.61286	8.27516	7.11096	9.33986	8.29794	5.01957	2.94131	5.04238	5.34077	4.51106	11.1858	13.2567	5.55339	10.1472	12.2978	7.83817	3.21149	2.11546	6.42948	3.19325	4.75559	10.7018	10.9684	2.2298	9.48925	10.7396	5.52467	6.3078	4.97612	3.94405	7.83817	7.15712	6.9888	5.42143	4.8102	7.72086	8.46222	11.8365	14.3253	13.7415	15.7389	20.0245	14.5378	9.70525	4.97006	22.9854	8.07468	7.99178	9.77787	1.24544	12.1451	39.2086	42.0351	27.6801	19.2622	13.3876	15.2867	20.5777	13.3068	16.9816	10.4911	8.01128	7.08074	11.1374	19.218	15.7817	10.6776	10.4217	15.8918	14.0943	4.82796	5.61017	6.22013	8.13288	1.95021	4.83127	8.66663	8.64861	9.69418	12.5157	13.8348	11.9438	8.43561	5.25632	4.65991	4.92629	2.56494	4.00273	5.12246	0.513301	3.62472	10.3117	13.3357	2.9114	5.46134	5.93074	7.36257	11.9761	13.8346	9.05052	6.91437	4.49189	3.51894	3.93293	9.25424	4.22516	8.17464	2.92137	12.7916	19.8896	26.6682	28.4561	26.5575	10.4271	9.75489	32.7017	43.5838	32.6475	36.5858	19.6811	10.0153	5.0739	19.9739	13.9455	9.12086	16.0376	12.3598	16.1774	25.4973	14.8091	6.4142	9.16695	13.1303	11.3835	10.401	14.0222	4.10304	16.8223	20.9022	23.8455	25.9884	25.4982	24.4436	23.877	18.3955	11.4987	15.8463	19.2602	18.4943	17.0234	4.88768	8.65805	6.41378	15.3154	10.6219	3.73177	12.5937	5.19795	12.515	15.5578	14.4072	17.9157	9.77767	2.0595	26.6206	29.1824	33.5924	30.2327	23.4534	15.3765	23.6216	30.389	19.474	52.8408	65.0872	57.9068	54.4981	68.8013	32.894	30.3802	31.2297	5.28918	17.4124	17.9109	13.7122
9.71191	1.71038	2.99019	3.81996	5.05347	2.14279	6.70273	12.6145	9.23552	22.7106	16.2342	7.53088	17.0318	11.4451	14.1972	22.6058	14.3128	11.1164	13.6485	1.8813	13.2599	17.0893	15.1952	24.9573	38.6987	49.0278	48.1679	49.3125	61.8491	41.8488	57.774	58.8169	60.2671	56.799	36.1364	23.3416	19.9393	20.7772	13.5327	15.5544	15.103	10.6948	8.62623	5.42919	11.4123	10.5098	5.9882	7.19832	8.88356	7.82827	8.33985	9.92562	6.0838	0.92128	5.95442	9.89565	11.1801	4.12732	13.749	17.7201	20.056	11.9986	3.30057	18.3202	18.2993	3.56778	6.52009	10.185	5.9882	3.11902	10.5098	7.76973	7.22429	10.1937	12.0838	10.9654	10.5183	9.61442	5.59443	5.34031	3.13757	9.35513	10.5098	6.86397	8.24188	5.2995	8.18465	7.01276	5.7521	4.78242	3.13771	5.01888	10.1932	9.94071	3.26503	7.46958	9.50791	7.88857	8.64774	8.85996	7.61586	9.29037	11.0261	10.2252	12.7389	10.1019	12.1938	20.2015	29.7551	32.6617	28.0781	21.8771	20.2585	20.1208	4.63765	13.339	16.973	6.41355	9.40526	12.8929	13.6997	11.1405	17.0318	29.5183	20.9035	20.598	18.7449	21.869	22.7491	7.1265	17.515	10.8732	6.11925	7.60088	13.7596	15.5847	13.5417	0.382569	4.15891	10.4631	10.3354	12.8653	12.4606	12.0986	12.0666	9.57026	9.72328	2.46602	5.29974	7.74422	8.38062	7.78657	10.0312	10.5221	7.59307	4.20061	1.76088	3.04321	6.05271	5.87888	8.59338	6.70942	11.0156	11.6229	5.34031	10.5855	8.66577	9.25841	7.05363	11.636	7.68282	6.11911	6.31387	7.69989	6.62538	8.58142	3.62448	8.51843	8.60814	10.5921	25.5823	35.0962	28.6834	32.7463	17.2226	20.5497	17.7257	24.3608	25.0628	27.1632	18.586	4.88745	12.7958	19.2529	11.7461	7.84501	7.38695	6.81129	33.3626	34.3235	17.4089	6.49369	10.2193	9.56992	10.3026	16.232	14.2567	11.3819	28.9865	27.2331	19.9059	20.0355	25.3489	29.3666	26.2004	23.8745	13.9212	18.955	20.4691	10.4246	5.98815	10.529	5.35677	10.6433	11.6942	10.2306	9.96238	7.53262	3.26503	12.5665	20.0447	18.3162	13.5899	0.483914	3.51859	19.2106	19.7024	16.3895	24.8704	28.1263	27.2412	25.2163	19.3564	28.6321	59.1708	62.8871	48.6056	57.4226	66.7474	35.5857	24.6351	38.6003	11.9056	19.8771	15.6924	21.8524
5.81896	5.50514	3.02388	5.82656	7.10767	6.70243	5.3857	11.7872	6.57429	14.7299	17.1856	16.8093	18.5847	17.5898	18.8809	19.5659	11.2734	17.4219	14.3864	7.15758	14.9411	9.04854	8.2412	25.1263	34.8964	43.171	54.3269	63.1712	64.6125	19.4193	55.9478	51.6419	64.468	67.3222	57.1228	50.9169	43.5719	29.7244	18.8909	14.4576	5.83148	6.73658	9.18095	11.5795	11.7595	7.64295	4.85706	3.28696	11.6994	12.2973	5.58619	5.13278	7.23566	6.98747	1.88889	6.09721	8.0732	8.98432	7.58519	10.6791	15.0097	9.03599	1.99417	14.5325	19.4802	10.4089	4.61217	6.02586	6.46407	2.70295	10.0968	8.62017	4.59654	8.39187	12.2526	12.893	13.2849	11.5555	9.7098	11.1644	10.2805	6.3133	5.96831	10.1845	10.4239	9.82513	8.36465	5.12137	4.98362	2.70281	5.3857	10.2678	10.7002	7.21147	2.58702	5.92941	6.09721	3.35726	5.2993	5.5861	5.79913	6.20295	7.82044	10.665	12.7302	16.1615	24.6552	32.2204	33.3095	26.1447	23.5305	23.7369	23.5217	29.3294	20.9183	13.6765	18.3675	30.0305	31.7671	33.489	34.0589	30.9114	21.7765	12.7729	24.1894	30.3032	30.729	29.2	29.9398	14.2672	10.1009	12.513	9.68222	12.8728	14.5774	5.96831	10.2772	6.49303	2.91067	5.18861	7.99032	13.9769	11.8685	6.1023	7.76897	8.40712	18.0984	15.71	15.6146	15.381	14.8425	15.4585	13.66	10.2939	7.21147	5.49195	6.3133	6.17505	7.75431	6.1187	9.82654	11.6997	9.91607	6.14428	13.2885	14.896	9.40447	5.06466	0.61677	11.4669	5.94637	8.20112	9.33187	8.0737	9.08186	8.40359	7.01213	13.8372	18.9905	9.84801	24.5755	33.9096	21.3907	32.5007	29.804	26.0994	18.1865	13.6599	15.8238	14.3758	11.0826	6.99778	6.30622	13.2812	15.5459	10.983	4.01992	11.4779	37.8056	35.7772	22.9429	4.32296	7.26887	6.55253	13.6513	12.3135	12.151	24.7392	28.5839	10.5091	5.19724	10.4627	15.1389	24.5193	32.0907	38.5082	29.2606	18.0873	7.53366	10.3807	12.8207	9.7748	7.7193	10.1844	18.2002	21.1445	17.5694	9.77902	0.967677	12.837	24.0402	15.4043	4.45204	12.1533	10.9238	13.9806	9.03164	6.88607	16.48	24.7146	24.4558	18.8952	14.673	33.171	60.9072	59.9287	38.2082	56.7668	64.3664	32.5393	21.5395	35.4172	25.4668	23.9318	20.8141	28.2831
3.77331	6.36039	6.79748	7.88712	8.53864	7.50101	5.33953	6.47447	13.6379	5.32872	14.9592	21.8831	17.9062	16.2686	16.2516	13.6194	15.9297	13.5638	9.48657	19.5594	14.4232	5.79605	6.47245	19.4164	23.2731	30.6403	44.2973	63.5148	69.917	68.6901	65.7853	51.5501	43.3482	60.6682	42.0222	35.6052	50.5204	42.307	18.1974	15.8098	6.03965	4.68661	4.82989	7.01774	3.02358	3.42131	4.15463	2.54131	1.3357	7.88513	10.3864	6.67809	6.24862	10.9429	13.6824	14.3083	5.56751	5.19955	8.73752	16.4684	17.6638	5.3066	10.6471	18.2541	12.852	6.38496	2.8291	5.35555	6.83719	4.48094	11.5874	17.0289	20.3738	23.4083	22.1255	20.2921	19.4851	17.9808	17.5677	18.67	15.6942	10.9201	4.27189	6.47447	5.14344	7.22105	9.17238	10.8754	11.0431	9.84697	10.8392	12.1416	7.6517	1.20938	5.79126	10.0585	13.2135	11.5436	12.4241	16.2168	19.6933	17.804	11.8336	16.2316	12.8193	10.7665	28.7193	20.622	21.4816	28.4467	38.6804	45.8868	49.4467	52.7961	47.7514	41.7001	50.0475	53.3152	49.1975	41.617	38.6306	36.0234	31.9466	16.4494	12.2938	22.501	28.9967	26.0098	22.8138	17.3748	2.46556	11.0137	7.46852	6.1556	3.02338	6.1556	9.80252	13.2801	6.05187	3.61971	2.05883	7.07834	5.28767	0.382497	11.2669	12.0826	16.714	18.1479	19.4176	20.4173	19.7426	18.0887	17.0661	15.0128	9.39905	7.48361	7.07846	3.75019	5.45978	6.0966	4.10534	1.9118	5.80602	16.7919	27.3069	25.4924	20.0981	13.0066	7.83609	9.86365	8.32971	12.7849	12.5678	11.5748	12.2818	9.59357	7.17909	16.9531	14.4978	17.5174	5.81824	26.8416	36.8841	35.8978	25.9981	18.2498	9.17992	9.36142	1.71856	4.82669	4.5068	10.4923	7.57689	3.76158	13.7618	17.1685	10.6641	13.0972	27.3163	38.2313	35.4915	28.4185	20.8971	20.0884	16.3697	3.02358	13.6356	19.7413	14.0357	11.6984	10.4307	3.65185	3.0426	13.9741	9.80252	20.6986	16.1306	1.46115	3.15098	3.74997	10.3703	13.8309	8.85831	3.48461	1.61336	7.31721	6.30351	16.5122	19.2619	21.1333	23.8094	9.19185	11.3127	13.0757	11.1078	13.1084	6.71863	5.07239	3.75783	7.48361	12.3214	10.025	11.9232	45.5312	62.4533	50.8026	30.549	52.0035	62.5121	30.2058	25.1135	30.8749	36.0199	30.1343	28.2851	33.6514
4.11213	9.75093	8.57934	6.4274	7.24398	5.94551	6.66013	2.70244	13.0531	10.3323	5.55391	27.9575	19.7001	14.8057	9.99462	16.7125	18.948	4.1263	27.1418	23.7169	11.6973	2.91027	8.90337	14.9358	8.4354	9.61008	24.435	50.4962	59.9624	61.8048	61.5522	62.0771	62.0776	60.9325	47.3175	34.7744	40.1363	43.5038	40.6422	31.5495	9.54385	8.44589	7.53049	2.22244	9.60993	8.84951	8.9828	9.08005	10.5578	7.38462	12.5231	14.0131	7.21836	5.31176	10.6563	10.2443	11.6198	6.67744	9.95948	20.833	18.891	4.78093	20.7291	23.5921	20.9761	16.059	9.49664	7.48482	7.50763	4.12976	12.4962	22.8492	22.4088	19.4158	15.2367	11.9992	13.4531	15.9338	11.8043	5.17945	3.43791	6.70726	7.34592	9.1773	6.57315	3.65143	3.45901	4.80815	4.97412	5.99376	7.50007	6.24775	3.74595	10.1022	9.14215	10.1892	12.4049	9.92283	11.6308	12.3829	19.44	19.7477	15.8539	14.1731	8.19958	2.38098	22.978	29.5312	37.6419	44.8518	27.2893	25.8433	29.4629	41.5673	45.2505	38.7537	43.5549	31.8425	31.3776	17.1528	14.5919	13.4357	27.2801	30.1827	13.4572	25.0364	36.839	33.9727	22.2177	17.7944	4.78104	7.54746	4.46744	0.241892	3.60341	7.38475	5.26535	11.0014	10.1231	9.99444	4.27148	9.43398	9.15738	8.09287	15.8661	13.4356	10.3516	7.22033	7.34614	10.3368	10.4913	9.21282	5.72802	7.58367	9.10956	4.21684	3.67918	3.79225	5.87716	8.49603	6.98613	3.22384	13.4405	18.2968	24.6143	18.6682	21.2244	16.6998	13.7902	11.476	8.12136	10.9824	14.6176	22.1556	23.4359	17.726	3.67931	15.2395	8.05794	4.57961	9.69772	10.3325	6.41141	8.58922	18.5324	19.8695	12.8182	16.3562	17.4223	15.1069	11.4133	15.1989	17.0058	15.0325	6.57985	9.48588	5.49905	6.33015	3.77292	10.1448	18.6737	22.123	18.3362	16.3442	11.7797	11.4902	16.5999	5.90876	7.93501	11.8696	11.5721	8.18226	5.339	15.3885	29.2517	33.6969	20.3841	7.68805	11.1823	17.4224	20.5085	17.9057	13.6811	13.9871	20.4948	23.9063	20.88	24.1296	26.2381	20.6895	13.1585	2.18937	13.6805	0.382459	23.1726	15.3605	3.92775	5.41673	4.68608	9.0299	9.01403	6.35986	8.89582	51.9788	58.6916	53.5578	56.8919	49.3122	59.1141	38.8349	27.8586	25.0314	25.097	22.8171	24.4235	27.2049
7.10745	14.3754	2.58633	4.51865	5.28944	5.52207	5.33031	1.20918	10.0647	14.5644	1.69262	39.2329	15.6966	29.5859	13.6557	12.3104	12.1302	8.1554	30.6258	18.5755	21.0591	22.1665	24.7591	25.8059	20.43	12.9317	8.87703	37.9285	25.3552	17.9462	26.8757	29.3465	36.9289	36.0996	25.9557	10.3504	26.9815	43.4349	48.4405	41.6414	16.6745	14.2982	13.7434	1.02603	9.42371	4.9736	12.8267	10.3252	7.69655	13.3335	4.45065	6.0958	10.5569	11.5523	13.7546	10.4384	16.4089	16.7992	14.7553	16.2608	13.0705	12.6434	19.6508	14.4396	5.97389	9.8652	10.3684	10.5182	9.9894	3.43775	13.4269	26.403	16.5186	4.43784	7.79826	7.47664	3.3563	5.96161	10.4109	5.55078	7.68768	5.0172	6.14259	9.39979	5.11128	2.67493	5.45869	5.67655	4.47988	3.89756	6.02177	2.00101	9.50458	9.83074	8.5902	7.37851	8.12016	10.797	16.46	13.0128	16.7525	10.5979	23.0504	5.14249	12.3858	5.18745	6.20115	10.0535	35.7971	48.2407	39.3895	32.8262	34.1403	27.5813	25.7565	8.47708	16.5825	12.7914	23.4051	13.1693	13.2219	13.0193	17.1015	25.7229	14.6643	30.9818	42.2769	31.3432	16.2673	10.4968	3.41643	6.15446	8.8775	10.8207	10.1166	9.78877	1.99372	7.01605	5.86407	15.617	10.4902	8.35335	11.2513	10.188	17.1401	11.6186	8.28164	3.96059	3.13654	6.0289	8.1988	4.35183	5.3412	7.78555	8.19713	5.54532	4.98252	5.79514	4.18519	5.49036	6.84635	0.342044	12.5049	17.9455	22.6009	10.0774	13.7649	10.6394	12.6198	13.7575	8.24589	6.30462	17.8402	26.482	19.6379	26.6577	5.26736	12.8341	19.7443	19.8334	15.5287	16.0105	2.32483	17.268	23.1393	27.0208	17.0204	12.6668	3.93121	5.60753	7.91417	15.46	9.63704	6.57064	15.232	14.9102	14.3985	16.0232	17.64	14.953	14.4724	14.501	3.24598	3.76088	15.4903	17.5082	17.3086	3.02282	8.99604	12.3737	10.0566	10.9814	9.86376	13.5283	10.4849	12.5313	11.9849	17.3605	3.15024	5.76741	7.8472	4.24053	3.72988	5.19551	10.0982	10.4849	11.3293	19.3037	19.1926	5.35208	4.95028	7.20943	10.9799	7.78506	26.2784	4.88833	9.48043	6.99573	8.90108	8.71449	7.3064	10.6515	7.93418	44.264	55.7676	60.8919	61.6792	57.4366	54.4748	40.3225	18.6499	13.7593	12.2569	17.8526	14.0465	11.8028
12.1668	8.07547	9.01398	6.46184	0.85497	4.59455	3.35596	5.55022	11.6568	14.5935	5.57365	37.1045	34.2095	34.7062	14.475	11.492	5.25316	11.8995	22.282	16.4585	24.8446	15.2296	15.7735	20.6264	15.6208	21.297	39.7056	41.4722	15.0762	46.1567	43.643	38.1345	41.9742	40.7282	31.4401	17.248	15.5775	19.7677	48.1479	40.0662	8.32733	12.8451	15.97	13.8945	9.04561	13.23	21.5038	26.1873	22.0216	11.9011	17.1244	18.4237	13.4548	5.66618	7.6961	11.4075	7.84134	2.24807	1.78482	10.7531	6.86866	14.2349	14.6227	15.5731	17.6702	19.7216	20.233	15.6853	11.3095	8.85581	12.4024	23.2336	15.3681	15.2435	15.2618	12.5088	10.6817	2.00081	14.0302	11.6306	5.01644	5.23128	10.3401	9.82248	3.61882	2.56339	6.77828	5.41565	3.50427	4.36131	7.21655	7.14679	11.8566	8.35296	6.41046	4.95872	11.1438	24.9467	29.9946	32.4506	24.0905	15.3829	23.8721	23.0827	6.56959	8.78647	1.09481	12.3179	26.1861	32.8851	35.2464	31.6097	29.6011	23.7486	14.572	4.65725	6.79523	5.13056	12.8673	12.4147	15.5605	16.8069	16.078	24.2771	21.3893	35.3848	38.8292	24.2911	17.2607	13.3573	2.78163	4.23982	13.9486	20.8308	20.8911	18.5906	4.71905	8.99515	10.1208	18.8419	6.92691	10.0776	10.6107	9.99251	20.0998	15.3546	9.16178	8.13385	6.33607	10.1539	8.69561	6.80192	10.1003	6.47303	9.64163	9.08892	6.52596	1.78482	4.3515	9.2541	13.6785	14.1561	10.6898	8.95547	21.7302	14.8119	6.38315	9.17592	17.3793	25.0021	26.4133	23.7486	31.5286	35.5128	27.3223	38.8969	19.4821	5.98304	12.1339	18.3774	21.0634	18.9344	20.2665	26.1417	34.82	33.4032	17.9823	19.4799	21.3163	20.8067	16.6634	13.1355	19.6481	20.4019	9.77057	6.10701	4.88508	3.05608	3.15014	5.26437	6.71445	9.79946	7.32135	10.5539	19.6846	8.69223	11.9415	8.52969	14.045	22.6098	8.60375	17.1803	22.9115	21.4862	16.9432	11.8755	14.0146	18.2514	7.87209	6.08782	5.96603	6.63095	5.66618	7.6961	12.6349	13.4301	11.1783	13.3006	10.8191	9.53768	2.06533	11.3459	9.70116	11.3092	23.7793	7.85591	13.6266	12.1296	16.3171	15.6017	8.7252	7.58942	7.09089	25.5699	34.2566	37.9191	43.4665	49.2697	39.9722	16.1946	12.4896	9.64163	11.8163	8.65356	9.40031	19.4925
7.45226	4.80379	7.60195	3.3163	8.88683	11.2632	10.2891	7.10831	10.3336	11.9181	5.78632	19.441	23.3464	19.0598	11.2681	9.69924	6.33513	15.3058	7.00042	16.5321	12.06	4.26681	7.3027	33.7718	40.8464	42.7484	49.5043	20.9187	56.5441	51.5928	44.6046	45.8538	42.938	37.7307	37.1529	34.4119	37.0206	39.2679	41.6065	32.5904	10.7538	13.0423	12.6383	17.6781	16.4633	11.1899	22.8535	15.9404	26.8266	6.4099	11.6917	16.1183	19.9768	20.3467	20.2697	21.7779	21.8564	19.274	13.7414	14.7238	7.08988	16.0194	15.729	16.6104	25.7249	22.681	27.1364	26.6539	17.1353	10.2755	3.58612	15.2808	17.8549	15.1309	10.7837	7.85688	13.1669	9.08796	8.80331	16.6495	8.32621	6.11563	7.95396	4.43679	1.62175	3.07962	5.43913	4.26676	2.70156	4.95798	8.16933	8.99412	15.2012	6.15566	5.69608	8.23039	20.1576	28.724	29.0048	23.8892	28.0907	22.2171	24.5085	35.4351	23.8624	5.23077	6.38261	11.583	19.681	18.4824	18.5046	20.9073	18.9529	14.8021	9.93554	8.03418	5.45774	4.10034	9.09888	10.7327	11.8005	10.4188	16.7501	22.6159	23.4141	30.3276	27.7286	26.477	11.3658	23.307	17.2145	20.9187	30.7825	25.9755	29.8659	22.3669	10.014	8.23706	11.4096	18.7268	9.86168	9.1687	5.34	10.3294	21.1497	18.1405	5.41541	8.65265	7.52661	11.5487	14.0629	11.5836	7.63586	5.14144	8.03418	8.92656	10.9529	8.54697	6.57563	9.92004	11.3759	8.05739	6.28299	8.44851	15.1513	13.2206	4.82802	5.48936	14.6613	24.1163	32.155	36.0898	35.3285	20.4602	13.638	36.1998	26.3339	6.04945	14.3465	10.499	13.8257	5.07077	7.48862	20.779	28.9122	23.7043	7.015	10.6431	14.5294	14.0975	7.08988	8.66737	6.51634	20.1268	23.6026	6.2804	3.11719	2.52296	5.26365	7.84596	6.43676	2.05101	8.66706	18.4823	14.5037	6.02331	14.4405	17.6428	25.2517	2.22833	24.0162	12.2948	10.3543	5.35372	3.41568	6.48344	12.8855	13.3077	11.7819	4.75241	3.29879	5.53153	5.32666	6.99452	9.58983	15.444	18.3665	11.1537	6.28299	12.1328	10.3662	9.0568	12.5376	8.9753	20.2714	12.8583	13.9472	9.3216	11.3856	14.3729	10.8091	7.15422	7.84588	12.3473	12.7247	15.5496	18.8225	23.9119	17.3055	9.17942	4.13217	9.81031	11.0629	11.0094	20.2982	25.9523
7.98527	9.10574	1.75969	7.30198	7.85585	3.94096	6.30263	2.44654	8.73296	11.3255	7.61796	5.6724	5.0501	3.45788	5.45722	3.56539	10.4442	13.911	12.6428	2.66869	13.3804	12.3831	5.76606	42.7579	42.2989	26.9767	29.4711	50.2697	57.2351	18.5142	12.5372	19.1361	26.445	20.5571	15.693	22.2881	7.64998	25.7707	16.8496	22.8283	31.942	23.0759	2.52285	0.854839	9.88739	6.54905	25.7564	30.2744	27.2014	11.0418	10.239	6.75625	1.84087	7.0795	8.01248	4.0573	5.59077	12.7876	12.9248	19.6059	14.4904	17.2776	20.0686	10.5215	22.9179	28.0652	6.10553	23.4135	14.4572	9.87071	7.90284	5.50747	10.3816	7.32582	3.35534	4.26988	12.9613	14.397	13.0206	17.6925	11.8136	4.11058	4.82442	6.16898	2.56291	2.82777	4.70579	5.35027	5.83305	4.94595	6.50464	6.64659	15.9488	8.03341	1.84868	8.37483	22.3523	23.9074	18.0024	13.3881	7.64788	7.52596	13.1537	24.7837	28.5155	22.2368	19.6328	11.0531	15.7097	16.7182	12.6852	16.3759	10.6678	6.94223	8.85381	8.07058	8.01228	5.28803	5.95991	8.42722	11.4718	10.4582	11.1083	15.6328	19.136	22.8064	14.9626	23.3753	22.6712	32.8189	20.8707	30.8167	41.9257	8.99323	36.5489	22.3134	11.1177	9.81612	10.9768	12.7271	6.94463	13.5326	12.1489	10.3382	19.7398	18.3565	3.52025	5.11829	2.98321	5.44683	8.16708	5.87503	5.19711	7.16953	8.1546	4.8035	4.7883	11.4085	10.1521	1.08123	7.63308	7.17564	9.27169	15.2633	8.19687	8.35992	13.8246	14.2564	17.8528	13.7849	11.0526	9.03148	15.8609	38.1504	45.1026	38.4633	19.1354	7.10543	16.7478	12.0183	10.0651	13.0914	4.43646	7.91901	16.5915	14.0332	0.540665	3.68569	12.0131	16.1755	12.4567	1.53841	13.3288	12.379	25.3382	13.8288	5.30991	10.5035	14.028	13.3265	11.8282	13.076	12.1814	14.2389	13.3017	10.0192	6.80889	13.5521	27.4401	30.2164	26.3974	4.95762	13.0832	16.9026	15.9108	16.0072	14.1534	12.2892	11.6153	5.82298	7.84518	5.97219	2.17504	6.14094	8.16546	17.0972	24.0401	11.3504	6.2456	1.30185	10.9519	12.2358	12.3024	6.6578	17.2422	13.7236	10.7464	4.28016	7.83214	11.2481	13.3302	10.8663	9.1678	8.35099	2.44656	7.48201	5.33673	18.6655	22.3819	9.39407	11.1366	12.7027	12.9727	24.1252	25.3795	26.7171
9.12183	6.40839	6.15226	8.71116	7.42556	6.60912	8.11705	2.37373	8.6506	12.0526	8.81441	1.54772	7.31342	7.49676	2.65213	4.07099	7.49656	10.5211	10.8238	15.8456	12.0749	6.04842	5.81527	32.0416	49.227	37.9528	32.9142	53.8679	48.4446	12.956	7.78257	8.66716	16.3544	8.79565	29.2593	21.6363	17.9474	25.6923	11.7295	26.0952	35.7045	34.9928	12.2377	12.5053	5.417	9.95009	11.6147	17.018	15.9453	10.172	9.90499	4.74241	8.32323	8.58692	8.26848	5.98133	5.14051	3.81697	9.3982	23.3518	20.3837	15.2254	19.4865	12.2972	18.8075	32.7356	24.7363	24.9645	13.8279	3.85123	10.5086	4.60904	3.79022	5.32817	5.35261	4.05689	9.24641	8.36063	11.9717	12.7219	10.0679	2.60768	1.99295	7.15081	3.2403	4.9658	6.99284	8.32464	5.1151	3.1904	7.48702	2.53986	12.9714	9.10486	5.98107	8.15379	22.519	21.2915	13.3952	17.948	9.15924	3.1398	9.74494	10.7332	17.175	18.6438	18.0231	15.8055	17.718	23.8964	20.2414	18.8186	6.83359	2.61337	10.172	10.413	14.2995	11.6446	4.82414	2.41625	7.83158	3.75967	4.65896	6.67401	10.7605	10.5099	3.99929	17.8367	25.2155	27.8158	13.5313	29.9277	42.7558	32.5923	26.4668	24.3957	9.62858	13.0061	7.1227	7.9114	13.4993	13.3251	8.37432	3.98466	17.5608	18.0503	4.98027	4.9658	3.99561	2.48766	5.55106	3.62176	1.99283	13.5508	19.7158	17.6335	17.8073	17.9674	7.63825	3.62963	4.73906	6.32046	15.0851	13.7952	11.9654	11.7516	14.7161	17.3013	20.7826	22.3991	23.5885	21.9017	39.5785	36.8799	31.0892	18.1185	6.01976	11.9135	12.5625	8.89909	5.62586	11.7096	13.7841	5.66424	15.8861	13.1644	2.81728	12.0983	24.2657	24.0848	17.666	10.588	10.0347	17.068	24.2539	12.7088	8.38407	7.38141	7.2404	10.1773	11.869	18.1417	16.2355	6.23587	4.80296	7.94208	5.62622	11.1066	4.992	12.7866	13.4136	10.5868	13.8781	2.58528	4.65592	8.21468	8.49196	7.4065	3.1904	10.8432	4.22167	7.96127	6.35666	8.92149	10.172	15.921	21.2942	8.92461	10.2272	11.739	7.17674	7.27815	9.02564	5.76542	10.8163	10.6083	8.30459	7.86962	7.26996	10.739	16.8709	15.8263	8.64127	11.8961	2.37974	4.71761	15.4255	16.5411	17.2759	8.64576	14.0175	6.48192	24.6617	31.9522	23.9651	16.2217
7.90317	5.15416	9.98911	9.69226	4.1274	8.64982	6.70555	6.04064	8.15153	11.0505	8.17746	1.70891	2.78057	1.52862	5.20438	6.29934	5.06362	7.05554	16.3465	15.3794	13.0391	13.084	8.44612	13.7284	36.1213	44.4991	11.066	43.875	43.2	16.4296	2.00004	5.88343	17.6114	10.9992	34.1792	43.9782	44.8584	32.6435	27.1444	39.2969	42.865	35.1385	12.4893	5.69446	8.49973	11.5764	10.9747	4.50359	8.98532	9.01062	12.2913	12.4909	16.4803	18.6665	17.0401	16.8648	18.2743	17.0834	14.2001	23.0495	20.2202	10.9355	18.0742	20.2521	18.5602	24.6773	21.8594	15.5349	12.1644	13.0985	10.9498	4.60864	2.60745	4.73866	5.1259	4.01694	5.218	6.14228	9.53847	6.81389	6.53867	2.22769	6.00002	7.98401	5.41387	7.98937	8.07254	4.6555	10.2836	10.3688	8.31893	5.08622	9.49828	9.31875	10.5769	12.3136	18.1126	23.7829	25.5619	24.9609	21.3497	13.5312	18.0115	17.3417	6.25136	5.33595	11.1312	16.8347	27.4327	35.5508	31.3208	26.8306	18.7609	10.7945	7.31263	9.46307	10.9752	13.282	10.1228	4.78738	5.90539	5.96136	1.71744	6.79295	2.52224	14.0735	20.328	19.6944	22.2328	21.6926	13.1804	23.2183	30.8766	30.6481	18.911	25.8589	9.52213	13.4371	11.0246	13.9242	8.71876	4.26905	7.68399	5.48778	17.1311	17.4418	6.8495	4.43568	5.38962	4.63988	6.1398	8.7559	12.1419	26.4663	32.021	28.3991	27.6952	21.98	14.8457	10.5081	16.3345	23.8059	21.8265	10.9953	14.2099	18.5431	10.8772	20.3491	22.9789	26.0465	33.8675	33.0407	26.4398	17.8494	12.1245	11.8955	14.5243	12.1959	11.9886	6.18884	9.8472	9.83025	16.3751	15.1558	15.0302	10.6069	2.80135	16.1303	21.9682	10.4115	19.4143	29.2078	12.4214	22.5629	22.4652	5.06052	9.95493	6.44363	4.4257	12.0287	6.3808	5.30873	9.58574	11.5885	5.85412	3.67721	9.1769	8.38341	7.04756	8.15155	2.78048	12.8881	13.2661	3.81669	4.7295	6.50357	10.5412	13.4134	13.9242	4.58985	5.66392	6.19798	4.99155	8.9871	11.6515	15.6567	20.0105	14.3438	6.13276	6.86613	13.6501	7.22384	9.82608	8.48473	9.48053	5.06907	0.540541	6.90786	7.93025	4.80242	2.53963	4.88322	8.21241	14.1845	8.55963	4.35969	20.2806	6.56941	11.6325	15.9142	8.85866	9.00923	29.2782	28.6133	12.1244	11.8503
6.19036	2.06446	7.54244	3.31518	2.60719	9.18495	3.2619	9.12651	6.46997	8.42648	8.42475	3.4356	5.35174	7.10536	3.13936	5.04879	2.18793	10.7727	14.2047	8.64448	12.2962	9.77947	9.52136	10.6913	18.9521	42.7244	40.6284	43.401	53.7762	27.1372	4.71683	7.60833	18.0578	17.047	19.7603	29.4177	30.2099	28.7298	33.328	41.913	37.7223	14.8625	10.4534	6.37341	9.02418	10.8223	3.51921	6.2781	12.8677	4.75064	11.2195	14.2893	13.7788	12.2994	9.05393	14.6452	16.2423	17.0227	17.8596	18.9362	16.2293	6.10411	10.5126	13.6205	14.9985	13.7044	13.6333	6.14177	11.4053	10.38	11.7075	7.68341	5.96324	9.96519	8.48543	5.35174	1.75919	6.40965	6.38044	2.44583	3.29741	5.38903	7.01235	6.83233	8.1944	9.65209	4.65833	8.45349	11.1165	8.01015	7.91683	8.32303	5.55025	10.2211	10.1758	16.3731	12.5143	5.25094	13.3116	22.8953	22.1976	13.1834	13.9646	15.5848	17.7389	12.2866	9.06136	10.0107	22.4519	30.8547	20.5538	17.3366	19.4277	21.661	3.09262	3.67689	4.05617	8.94676	10.4534	7.58766	7.14344	7.97414	10.2929	8.05269	12.4892	13.433	12.3796	10.2254	12.8002	10.9743	10.315	13.9852	15.5882	17.5835	12.1455	21.5968	8.3591	11.4152	7.59937	6.26005	11.2177	14.7565	8.34907	15.1167	17.898	17.4092	5.88061	2.60161	6.97925	7.54616	5.94863	9.17125	9.41412	29.6696	31.4236	18.984	17.9168	16.4025	17.0343	10.1484	17.0345	21.5284	21.0543	13.117	14.5123	22.5236	13.7613	11.4143	17.499	19.2056	26.8533	26.1852	8.3217	19.9447	19.808	7.58813	14.9207	9.07417	12.646	7.50843	8.82426	12.4881	7.36458	10.843	12.0098	7.70553	2.22755	14.9333	18.2789	20.2538	12.6062	31.4904	22.4482	16.9208	20.6909	13.4686	11.1436	9.69566	11.0646	9.17271	9.49185	12.6419	2.17441	9.9158	7.6158	7.08716	13.3631	6.29876	12.2419	4.63331	7.10536	10.7481	12.9533	5.97044	1.71728	4.13064	9.93764	14.3008	11.4688	13.9947	6.77966	2.247	3.5889	7.58813	12.6941	17.324	19.2925	15.4333	12.5192	7.38785	12.4639	11.7351	10.3188	6.30125	14.0772	8.98443	3.43148	2.91832	13.82	16.9525	14.0165	10.3797	2.948	9.60382	9.30438	15.7984	18.4997	2.80107	7.23342	14.1455	9.39449	15.1037	23.0011	22.5718	7.64783	9.77947
8.56433	2.80097	7.95902	1.87932	5.43382	11.0042	5.01384	12.9637	3.67635	7.26789	8.35631	5.96261	6.26402	9.17033	4.15106	1.74242	4.3854	13.3097	8.51933	3.85013	2.46344	4.95559	6.07729	7.3267	10.9729	40.8312	51.4567	30.5282	52.9199	33.225	6.56803	9.13473	15.3462	20.0066	11.1135	8.8457	5.81361	6.88805	13.6813	10.6376	12.04	15.2736	13.003	15.4804	7.73587	3.35393	3.74697	8.83145	13.6535	1.02534	6.13847	9.49646	5.67274	8.48456	8.0537	10.4752	5.92399	6.54871	8.21797	7.82032	7.84197	7.8369	4.60773	10.1812	15.904	11.8288	9.92616	1.46994	11.9863	8.12356	4.47693	4.48667	7.80728	14.2506	5.43649	4.05557	5.97937	5.33742	3.75461	3.04019	2.37305	8.30169	6.51318	4.65468	6.57471	3.40126	4.05557	11.4126	2.66766	5.96002	7.67664	10.585	3.78937	7.14295	4.77436	14.9702	13.8316	5.41286	4.35882	18.0171	16.8593	5.48699	4.65459	3.28393	15.3194	17.4562	14.2506	10.5431	21.2383	27.5382	11.0445	1.30141	19.0926	25.3106	4.50271	3.0734	2.41556	6.80396	11.0722	7.76159	10.0916	8.48446	18.7142	13.5923	21.9303	20.9635	7.10465	4.80159	5.97937	2.86262	10.4256	12.4352	15.9857	11.2364	5.12491	14.5689	4.59189	8.49771	4.15115	3.07812	14.8997	14.5358	10.3991	19.6197	17.284	14.5486	0.540434	5.5702	5.94797	7.34013	6.46894	8.3222	8.55751	32.1559	31.7452	6.42255	5.38877	10.5902	12.2855	11.1142	14.6397	13.6347	9.3699	15.8338	20.4745	25.595	17.5899	6.33472	11.959	9.58108	9.90257	14.9107	18.9762	23.3432	19.7782	6.16881	4.2649	10.3248	15.1761	11.1425	8.32087	10.6834	2.89804	3.26179	4.51562	0.512712	4.80152	13.2257	13.9355	19.903	17.8289	24.5547	24.1924	7.54169	14.8715	17.7568	16.4914	13.2693	17.7137	10.6431	5.88002	14.1779	8.32244	10.1371	8.93304	11.3798	13.0704	10.281	11.8289	9.5203	7.01142	9.72468	11.688	4.60773	4.50294	5.6194	5.94821	1.09425	10.3785	18.4801	1.75911	7.79465	3.92475	4.55088	10.8287	14.1883	14.2109	11.2426	9.46687	6.93991	8.11488	8.9521	13.7769	4.84947	14.654	13.4296	5.34846	1.37768	19.6722	18.419	10.361	13.5469	3.7586	5.98922	7.42345	18.973	15.5824	7.14894	2.18756	11.7235	13.4092	13.7688	18.298	21.1434	10.0946	4.43802
11.2603	5.21392	7.59756	2.41537	10.6367	16.5227	8.53732	16.143	7.40358	7.33967	8.5982	1.84789	2.56737	6.19624	4.15069	1.71695	7.6144	11.2355	4.05536	7.79234	6.27705	4.94652	6.25853	4.09444	8.524	30.3935	49.4235	46.2119	44.7871	34.3077	6.35428	8.89583	11.822	18.9709	16.5273	11.0323	8.70166	12.3506	15.0483	6.57424	20.9146	21.6043	15.4483	18.7632	6.03867	4.6072	3.96843	6.56748	9.58262	3.14797	6.4684	8.28561	12.071	7.56968	9.39017	7.31045	4.21323	6.97832	9.44997	6.99672	7.71128	12.7979	13.3606	7.12008	18.1111	14.518	6.62621	6.77813	12.189	6.82246	4.80118	6.29982	12.4506	14.1005	2.05695	6.16605	4.88173	4.16458	3.74643	3.3624	4.36861	6.41495	9.63822	5.79305	2.73221	3.36673	11.4664	11.8036	4.82228	5.60346	9.82748	12.5656	4.50249	9.31613	6.3793	7.59189	12.2932	8.5982	14.0138	14.8835	9.05169	8.12845	9.16985	8.61662	18.1534	19.2083	18.3981	12.071	16.6741	20.9046	11.312	8.57207	16.2788	24.2584	6.84119	2.04984	2.8162	7.54668	10.7888	5.90398	13.591	5.95738	23.6944	16.1039	17.7182	26.5742	19.4798	8.84967	4.46375	6.19617	10.3656	11.4613	12.9888	7.41893	6.46854	11.9599	6.72933	8.84993	9.62407	8.42347	14.1871	13.3089	18.1315	22.5204	18.319	11.8873	2.73754	10.2829	7.95861	6.82251	8.64256	8.75972	10.2134	34.3616	33.9316	8.33042	9.47337	7.89914	9.99335	13.2179	11.8282	12.8369	6.77195	16.934	24.1509	24.4363	22.1078	9.47777	14.1516	16.7931	16.9752	20.7238	27.3413	29.1554	16.5083	9.24483	9.21284	13.186	16.8761	7.31647	4.21306	9.1833	3.50215	3.26146	2.58434	1.57512	6.60668	12.5492	16.2852	13.9893	10.3696	14.0056	22.7929	4.26449	5.66216	10.9324	12.1257	9.60786	18.2208	16.8449	9.6935	10.1308	4.74035	8.27363	8.70126	11.6397	14.169	7.37257	9.90164	13.9831	8.89942	10.7889	7.15016	4.6574	8.84201	9.32235	4.82527	5.24963	9.90126	15.016	3.67615	6.09087	9.17102	10.6421	7.19024	7.70189	11.1026	10.3427	10.4825	12.9094	10.0493	2.44537	11.5957	10.8953	10.5894	11.3387	4.68221	11.5347	21.1915	13.3198	8.1231	17.602	17.7266	14.884	7.21618	14.8833	11.9093	10.9531	7.97996	11.7753	8.69011	15.4479	21.7176	24.9562	18.3211	6.24494
4.71539	7.95805	8.5812	4.46319	13.3225	16.1998	3.02042	11.9034	15.9122	22.4813	23.1159	21.6981	19.4694	14.9442	10.7715	8.20256	12.2835	6.68814	4.48584	1.61167	5.9396	2.65079	7.87847	0.854294	7.98638	14.6522	28.4292	39.2254	40.7383	28.8929	8.21647	10.5039	13.9351	15.4545	16.0026	13.1325	6.47885	3.93881	11.5613	8.28018	26.0849	21.6311	24.7583	20.8291	11.8074	7.7459	2.37873	6.10205	8.79261	6.63654	12.9621	13.9453	12.8357	1.23206	7.17372	8.32972	6.93855	3.26105	2.6066	3.45572	11.1515	7.35286	12.4097	3.23864	17.7531	16.9573	15.567	16.0992	9.90492	2.4864	4.63192	8.98372	11.7554	10.5831	7.82822	4.50211	2.6066	6.77135	6.98977	4.43393	1.70821	3.7422	7.8514	8.50826	10.0471	14.054	15.9934	7.72563	3.83416	1.54697	9.31654	13.2397	4.43403	9.15033	6.25827	5.98812	13.2162	15.0635	12.7593	14.6484	14.2959	13.3599	8.00794	4.16442	16.8949	22.7734	19.7824	17.8564	20.3638	20.2816	15.8316	15.7992	8.37042	18.512	16.7757	6.09535	4.72768	6.84689	11.6294	12.2692	8.3211	6.85517	16.4997	22.2163	13.1435	17.8904	29.6587	18.3656	0.34175	8.94885	10.5037	9.97958	15.093	13.5818	0.76416	10.0691	15.5082	12.7969	5.4621	6.64281	11.0702	9.18748	22.9588	24.1238	12.3529	4.59123	16.4172	21.466	18.2058	17.113	16.5076	12.1341	9.3394	32.4052	32.3261	8.23889	10.6029	2.44504	5.30674	5.56169	1.57506	9.40543	7.68114	18.6461	12.4451	29.1518	41.397	36.0175	5.66917	6.04558	2.84171	3.28338	10.5202	11.062	9.1182	10.6637	8.64702	8.52331	5.98084	5.38756	5.66158	10.5129	0.540355	0.483318	0.512617	2.53852	5.90312	11.5803	17.8797	15.0962	10.9147	7.86631	23.6932	28.8571	29.944	23.7821	15.1239	10.2825	17.7707	20.4874	12.37	3.50162	7.07745	9.69443	6.80704	8.50801	17.5791	11.7326	9.22434	10.7247	4.82787	9.03833	5.81254	9.08237	5.62358	2.06387	5.90312	4.2639	8.91752	16.7012	10.734	0.34175	5.62339	16.8017	23.7326	26.0912	25.7315	22.399	20.6011	17.673	16.0183	17.8798	15.2463	5.49356	15.3542	16.2714	16.3894	22.371	18.5156	9.99218	10.1469	17.5131	22.494	21.8285	17.8078	10.488	6.29684	5.21633	12.839	12.2318	3.35331	7.92761	18.4688	25.1265	23.8858	11.541
9.2461	5.78928	5.56116	7.56797	12.0048	16.7177	6.88573	10.179	13.2657	12.7956	16.3494	12.8051	12.7963	12.5329	11.6077	2.39672	9.37444	6.93999	8.8018	6.728	6.51351	1.40868	8.73892	9.93386	8.89266	7.23644	11.096	15.8783	19.421	15.433	13.8635	12.2826	11.6398	13.5182	13.2814	10.7077	9.0061	9.69312	11.6079	9.46456	24.1627	30.05	24.605	16.0255	10.411	9.69361	12.8319	14.0823	12.658	11.8654	5.99721	1.83962	6.13683	11.4462	15.196	13.4607	11.8654	5.6611	7.73391	9.82168	4.10793	3.58752	4.46263	3.51805	8.96222	15.1503	13.4032	11.0421	5.29258	4.98924	8.54052	6.54442	5.69141	5.98017	3.83398	3.29613	3.9822	3.86013	5.38696	3.95672	5.28425	3.13815	8.41027	15.6155	18.9	16.643	6.51395	7.86516	8.5555	6.62526	7.47686	11.0691	3.07716	6.83581	4.18118	2.89701	8.02806	14.8426	18.5084	16.6434	7.79264	6.24352	12.4318	12.5889	9.41071	16.643	21.5858	23.3726	26.6686	20.8288	13.1836	17.0477	18.1725	8.94368	12.3742	7.21072	8.9432	4.85122	11.7923	8.38154	4.65317	10.953	6.04498	20.4751	29.7684	19.5393	22.0863	18.1639	9.98409	5.54811	14.4074	13.4395	14.0218	20.376	11.4737	12.6085	16.5591	19.9682	17.1642	3.7459	17.4104	26.139	26.9684	16.3559	12.3209	20.7573	24.159	22.4733	13.9903	7.31512	3.45537	2.46273	6.88615	28.9249	33.4528	15.397	8.68037	5.72207	8.05133	7.24647	9.00651	10.8182	6.63388	13.3569	7.36146	11.5221	21.9504	37.3317	21.7999	24.0726	29.682	29.5363	27.6646	23.8461	16.6255	5.18226	3.5137	6.48507	6.52044	7.58323	10.9331	8.35403	0.616039	0.996204	0.854262	3.01991	5.81161	6.51351	10.3151	18.4936	21.2861	16.9905	4.95429	15.4964	19.653	16.3148	7.58522	15.589	15.3297	6.98896	17.1301	20.0795	16.4555	9.28435	2.90723	3.83377	6.40475	9.58719	10.7564	14.4345	14.6917	13.6236	15.9271	13.519	7.89254	5.19362	9.99427	13.1867	15.33	20.7475	25.058	22.3584	22.4524	26.4808	26.6131	25.0133	27.5587	23.2623	12.9774	7.40824	8.58207	7.50555	7.65046	13.8596	18.6231	16.9213	13.5439	9.88954	9.47601	9.82561	9.35214	7.70258	6.54652	5.60241	16.1363	10.555	14.4769	21.3528	29.0753	27.6031	25.5222	21.6572	9.83595	16.3837	24.5059	13.4519
9.36605	8.37864	3.17455	6.73812	12.9474	18.0236	12.8205	7.0518	6.85427	5.32184	13.2314	16.3407	14.9424	14.0656	13.1189	6.94555	14.7043	17.1349	8.87949	9.12215	6.71057	9.77494	9.82086	8.48158	2.58358	7.92563	3.20662	5.49286	8.22314	11.2386	10.5341	9.12263	3.86732	14.9373	15.6759	27.0904	26.6551	14.1916	9.10676	7.00885	6.74478	12.5191	12.0365	9.63608	6.5199	7.37661	10.7269	12.9986	10.3578	6.35251	6.64171	12.4675	13.2647	13.931	11.6842	9.82479	14.0804	6.70817	8.42586	7.31432	11.2588	10.2806	10.5077	10.0004	3.58711	8.00599	2.69922	4.59038	8.59581	6.72744	2.46237	5.19318	8.89694	7.95084	5.06624	4.27684	2.42663	3.81447	3.37853	2.61159	5.7913	5.12594	12.5321	15.7696	16.1979	12.1829	11.173	11.004	2.82563	1.57477	5.57879	12.3202	10.6089	5.82357	7.906	6.97017	7.69459	8.14898	11.3761	13.9277	3.97824	11.0895	20.245	14.8665	14.344	5.18205	8.89192	14.1781	28.1466	22.1562	9.30024	10.3024	12.9144	15.882	13.9312	11.6464	12.6071	8.98211	6.92043	6.87698	7.14632	6.92043	15.0131	14.9807	23.0896	27.0724	23.1726	8.9428	13.6297	10.3087	12.9479	9.77873	8.20754	25.3024	14.3683	2.27812	5.04642	12.198	21.0394	18.413	22.599	19.6817	6.16434	7.16449	22.6266	24.8163	14.094	5.2893	5.34888	9.76311	11.3679	13.6543	12.9693	25.3317	32.7529	13.6486	4.65296	6.72768	11.2503	15.9226	12.6767	7.64982	13.1301	13.8146	23.9445	19.2741	25.0203	18.8868	18.6839	25.679	19.633	15.3285	14.4619	13.4209	20.0183	9.44686	6.47769	7.46863	6.35271	8.6455	7.14848	2.7527	0.724821	0.382026	0.763977	3.69072	6.40412	4.22213	1.78313	9.88185	18.8924	23.3725	25.215	21.7886	9.44746	13.5421	3.13308	11.7954	9.39213	15.3589	13.4908	10.5461	7.62735	5.48468	3.58711	10.6339	9.18128	8.34693	9.82086	7.68908	4.80266	9.11807	9.92311	7.99383	8.49959	1.02496	1.81544	1.57474	1.33406	2.9069	10.3953	14.0627	2.24599	9.08043	6.16688	8.37387	15.2682	22.0399	14.7065	8.6455	9.54075	18.6271	19.1563	11.8194	9.42311	10.1279	8.09651	11.6074	12.8167	11.7945	9.68695	12.9943	16.2453	13.7528	4.78468	5.82386	14.4021	22.1194	21.7569	11.4817	11.4102	19.2745	21.0235	7.33764	23.1895	17.8571
5.18122	8.16008	8.94794	2.42639	14.7969	19.0474	14.4154	7.24466	4.75398	12.2886	16.8633	10.951	5.89899	8.04944	8.0672	8.22949	7.4814	2.05623	12.1809	10.7681	4.95323	6.85348	4.16297	6.94453	3.81414	10.6629	8.02683	8.21414	7.30784	12.7123	7.40064	8.27728	0.919879	12.4954	26.2029	29.5828	44.0211	23.2391	9.02325	6.16589	2.32219	4.85033	8.04113	9.4629	9.98971	10.2154	8.43385	6.1941	4.71436	4.40002	11.6293	13.7193	9.11563	10.4706	4.48465	8.28414	12.8192	10.4354	6.54311	11.5435	3.68253	5.2916	4.38347	7.67867	8.19462	4.87981	7.17146	5.05712	6.75005	4.21141	2.41452	3.02421	5.05996	10.8912	7.49068	1.7416	0.704317	2.56071	4.31356	4.88303	7.73226	6.19385	14.8537	9.00479	2.2971	6.38552	13.9368	11.1992	7.2254	6.51275	2.82549	8.14768	12.0483	1.84709	8.16168	7.4064	4.9182	3.47998	5.92818	7.70117	11.7293	19.8726	22.0463	9.91023	4.27636	8.73732	11.0174	8.27264	24.6107	20.4992	5.72352	5.62162	4.63696	2.75761	10.888	15.8969	12.63	2.75238	14.2094	15.2227	10.9998	5.18958	16.858	11.6829	10.8956	11.232	11.18	13.1967	15.3527	9.09803	17.0856	21.3706	12.7356	19.9366	13.1583	15.7104	13.3521	15.3398	21.5721	19.1328	6.10064	21.9037	23.8899	19.5378	24.3233	20.0018	4.71404	6.14986	6.76925	11.1793	7.13351	8.9056	9.64681	24.8299	34.2044	16.2922	6.08887	2.58332	6.13786	5.81068	6.54335	9.95547	19.1563	8.50544	29.7574	26.9676	12.1212	5.65997	9.92576	3.58667	9.01879	14.8648	18.1838	22.8614	22.6562	13.7384	8.98594	4.98823	0.724747	1.09374	0.996019	0.615924	0.381988	0.483147	1.30073	4.50379	5.52599	2.67187	1.93203	1.94695	2.22613	6.92182	17.8833	20.0461	9.2701	5.62946	5.32166	7.40108	9.46284	0.381967	3.29552	4.73852	13.5158	7.49087	2.5608	11.3551	1.53708	0.704295	5.1813	8.64458	10.1427	8.55903	9.13109	12.5276	13.9034	13.8765	17.3837	16.8882	15.7824	17.7587	20.3707	22.2081	19.4899	21.6686	23.7823	24.108	24.4488	23.4633	9.50268	4.94189	9.07975	12.9199	7.62842	6.74411	8.15143	8.85295	7.46254	5.17309	11.7942	12.8565	8.55903	8.35286	5.13663	5.94519	5.81068	5.79812	13.2821	23.746	9.74898	10.1698	4.50085	3.93768	19.3495	9.47416	21.5587	23.5573
9.17942	9.65721	12.0791	4.10676	12.6378	16.7636	15.5714	9.9252	13.4842	7.70774	16.8879	28.2203	30.0271	26.9488	21.7324	25.4781	28.7506	23.8842	11.6441	6.46529	8.42088	3.5499	7.06841	4.73835	14.4304	12.2017	6.61466	5.95458	10.0557	13.0906	2.64985	14.5848	8.41964	14.1624	25.4482	25.216	40.4733	23.5251	12.4418	11.7643	9.03996	4.38289	5.45208	7.49038	7.67829	5.034	2.48544	1.45906	3.02402	5.01104	13.4995	17.8329	7.97815	5.65972	3.13245	7.61072	9.02235	12.0926	0.341617	13.9548	2.29671	4.96173	4.88254	7.73172	12.187	7.86329	3.45435	7.00766	11.0927	9.09761	6.16796	2.05588	7.40004	9.76101	4.8467	7.46179	6.10938	3.93718	8.11069	9.40675	11.764	6.40521	14.1974	4.14878	7.49788	9.26938	10.1687	6.09973	8.72516	12.4862	12.4122	9.83972	8.94068	5.18089	3.59841	10.3378	9.00558	8.74788	9.4216	5.66733	3.84781	23.2233	24.9809	9.25226	6.29468	14.1205	18.2613	18.2042	19.64	13.2224	3.05274	9.49111	4.09248	9.92486	11.8225	9.97579	5.08257	14.0375	18.5054	16.7602	13.6319	18.5846	21.1978	12.5161	9.41276	10.5202	10.3733	12.8187	11.7504	3.25983	16.5724	16.4749	10.552	16.5157	22.0403	24.285	26.0004	26.9298	25.129	14.2536	13.4874	19.866	13.2232	13.1749	18.8862	7.9169	10.4696	14.7964	14.2916	13.4637	10.3123	9.15921	7.81611	23.5917	34.5152	31.3697	30.3191	23.6849	6.40536	10.1472	6.98726	11.5718	28.9488	29.8278	27.0597	21.4722	17.8816	16.351	21.2244	19.6477	22.0107	20.8105	19.6757	15.6681	11.1473	8.74902	4.67981	1.36623	0.704246	0.615862	0.381949	0.17081	0.381928	2.07707	3.61866	5.51511	7.09867	6.54499	7.58872	11.6157	12.296	8.55818	18.4044	21.8352	12.9664	12.3415	18.2265	22.1998	18.3162	11.5944	6.14701	11.9557	16.1796	10.1759	10.1651	11.1761	4.14878	1.33388	8.65801	6.85293	10.2868	13.1304	13.8665	12.2153	9.31323	9.52809	7.40034	11.9066	14.204	14.9202	15.9252	15.9085	12.9235	14.1964	18.1992	17.9596	14.1403	11.4064	1.09355	2.24549	6.27608	7.45025	14.1898	12.6774	10.649	7.83764	3.17391	7.62583	12.7753	11.3977	4.44523	4.35633	7.6317	10.8036	10.7312	10.4721	12.6422	18.4942	11.5299	12.5296	7.2971	9.90924	17.1661	21.0557	12.8053	26.6721
3.81338	5.65887	11.3628	2.48532	9.68944	12.0336	16.1347	15.7529	15.7997	14.9869	13.1069	17.3503	21.3455	25.1341	20.8074	23.1199	24.5846	26.4326	18.3529	5.28796	5.48309	15.4714	12.6764	13.0725	15.2424	10.5841	8.15715	9.3714	11.8428	9.26262	7.77481	18.3877	7.83718	19.0443	2.29667	19.7066	23.8377	14.7293	13.6386	16.2111	13.8152	9.63281	7.74179	2.58284	1.2432	5.45172	7.24381	6.4651	6.60323	7.97749	11.8215	16.253	4.71317	3.13684	5.11297	7.44347	7.06771	11.5367	6.16476	12.9312	8.51882	2.18627	4.95262	7.92033	12.9224	14.0284	8.84505	2.67137	6.35082	8.4323	8.1184	8.7869	5.60011	4.60158	8.17106	7.0984	9.23783	10.1251	9.84493	10.4687	14.3169	7.82442	10.9972	1.70751	5.34468	6.38435	4.53814	5.30439	8.77602	6.23003	13.5673	12.4789	7.47446	9.80921	3.586	6.63994	8.79384	7.78803	7.47412	5.08181	4.27549	20.4837	25.3151	14.8285	14.4019	13.1074	10.0549	14.3577	16.5562	5.78747	4.7985	11.0869	11.5	11.0074	12.2776	8.51901	5.93714	20.2426	20.1847	11.8341	3.13681	15.5288	29.9823	21.1	7.37464	6.91884	6.85239	8.10989	5.77755	9.26841	13.6187	23.562	25.6244	24.4196	23.6993	22.2559	24.0799	24.9225	20.0725	8.97957	19.1334	14.7754	4.02443	4.42523	12.0461	3.78673	14.8513	12.8251	13.4025	13.0628	12.2007	9.63036	5.34759	16.0102	21.1364	17.4337	17.9162	22.7847	20.1359	2.53732	14.1223	19.8364	21.9322	27.8812	15.9386	20.9509	19.9558	21.6214	18.312	24.5035	27.3428	25.3357	19.4115	6.1465	6.80814	11.8806	4.12375	0.870815	0.704187	0.341588	0.870815	1.61992	1.84686	3.47925	6.9865	10.985	11.5264	7.6869	6.50933	10.6572	6.97447	7.80272	25.751	24.4799	9.81094	10.6466	16.8671	23.9784	22.6845	14.9013	3.28183	11.3079	9.83173	7.44537	8.14994	10.8797	10.3922	3.81358	12.1823	6.88356	3.98099	2.29031	3.07613	3.41615	2.82482	6.98639	8.11829	8.88941	10.5749	10.0814	8.10291	8.18636	6.83338	6.29415	5.27969	2.11164	1.33376	6.63343	6.13714	6.03557	7.87331	13.7725	16.221	15.6745	11.0865	8.86875	9.53758	10.176	9.7602	7.63998	3.66205	6.51788	8.55878	6.6505	6.27337	5.68185	7.34898	12.3169	13.4479	8.03966	9.46806	12.7903	9.69524	21.649	6.82719	12.4936
6.03017	3.4158	10.0505	3.13187	8.28867	7.30549	8.74771	8.89354	3.99145	15.2876	20.4025	18.0054	17.4639	14.4005	2.27724	3.08996	5.65839	10.1669	27.7341	9.4715	19.4682	9.78666	9.16496	19.3655	16.1383	4.65107	8.55662	10.689	8.88869	3.07581	13.259	15.1043	2.07673	12.6056	19.9545	21.3986	20.7715	15.1233	12.8324	17.0737	19.7341	13.6484	7.34824	2.82468	8.8057	11.0507	10.0512	9.76253	6.03017	6.12694	7.04071	11.064	6.90132	2.81434	6.39049	7.38122	6.4752	11.1352	7.24261	11.4983	10.1736	3.67356	6.8075	7.59291	7.16965	8.93919	9.32366	10.5763	7.67688	6.47095	9.52635	9.67545	3.11339	6.72513	5.12399	6.0132	9.31584	10.996	9.94414	4.47348	12.9004	7.87239	12.7904	9.0665	8.6452	9.23854	5.78689	5.86097	0.381878	7.06739	10.4673	8.28197	8.23423	11.8202	8.02432	3.51225	1.37661	6.16414	12.4095	9.98663	8.94578	14.5298	18.285	23.9048	21.673	7.22724	9.15778	14.0753	5.34417	5.80888	5.94349	5.24645	11.6798	8.67634	10.7688	7.44272	2.75682	20.883	19.5002	11.5012	12.5241	4.06699	30.8402	29.9281	3.51639	4.09525	6.04203	6.61565	5.01011	8.64203	9.70649	9.94055	12.9674	12.9812	10.9967	8.74788	6.4289	4.84592	3.95493	17.6566	21.491	6.84301	3.44965	8.08781	10.6025	12.1815	14.3557	3.51639	1.94649	8.02432	8.49161	3.99512	8.97839	16.9821	18.4741	17.8842	21.4372	24.8193	13.2621	16.6246	24.2923	20.2283	7.14341	25.0383	9.44386	24.9715	18.7998	19.1107	8.86786	11.7683	15.72	12.8756	10.4238	11.9502	4.77393	11.6699	6.51047	0.870727	0.512323	1.24312	4.4314	7.31751	7.69727	5.63826	11.6025	18.4607	15.5314	9.48982	5.18835	7.04071	2.67125	7.7414	23.1814	16.3764	1.57409	8.74733	15.9619	5.45127	16.4369	12.5672	10.8236	6.4975	8.39568	9.00191	8.98937	3.64586	11.1339	2.22558	11.6154	4.5122	1.9464	0.512323	4.96651	7.66004	8.34374	4.95215	11.677	12.5672	2.56006	3.13667	3.59796	4.02377	4.44441	7.21148	11.4485	12.1456	9.8057	9.94476	11.9229	12.5679	13.5098	14.4278	5.94355	17.7175	9.89484	2.5371	12.3566	13.9274	12.6226	10.9391	8.57144	7.16776	4.52816	7.8235	11.88	12.3327	10.6889	8.65684	8.02432	9.33548	7.87239	8.51797	1.88565	13.7386	19.7877	19.4483
3.83179	2.5598	9.94457	4.05212	7.36692	6.6964	3.86543	5.31925	3.59738	8.58183	14.9842	15.5299	14.0345	10.866	8.47255	5.75892	6.68379	7.75711	27.8466	13.9789	21.895	12.9461	12.9512	16.9744	14.435	7.57113	5.72101	3.59738	4.58476	5.90646	14.5357	7.59186	9.52862	6.6964	15.0375	19.7329	22.3827	18.1162	8.59201	15.6608	22.135	16.4392	4.82431	5.81577	9.19944	8.80952	6.85936	9.78569	2.37101	5.61946	5.56544	7.62914	5.42917	3.75139	10.7175	10.2059	10.2265	11.7631	0.870661	10.9444	7.3261	6.13318	7.34943	1.20725	5.86008	6.47452	4.23377	3.99446	3.74354	4.12292	7.3261	5.82573	4.71245	3.64963	6.72445	7.5409	7.63845	9.29521	9.59581	3.01819	10.7328	9.79703	14.6311	8.73399	10.5749	8.10799	6.14526	5.38422	5.86008	4.20981	8.97806	13.9797	11.442	10.9722	6.32894	5.00955	6.42825	4.48282	14.2218	9.80838	5.61707	5.78098	10.7644	24.3984	32.4366	21.3326	12.2422	17.6761	7.9899	7.32047	8.55708	5.80865	8.2264	7.44438	7.0946	7.44771	4.95136	19.7717	13.9287	8.64293	13.2991	16.882	31.2048	28.3579	3.05187	5.56571	7.64617	4.63523	4.737	7.6854	9.80759	8.41729	8.49597	8.7905	8.34955	6.60202	5.28147	2.75667	4.29159	19.8199	23.4897	6.45266	4.34538	7.82286	10.2117	10.8006	10.6668	5.75892	7.22263	10.6668	3.42819	5.51354	12.5465	16.9705	20.7707	19.5089	14.7479	9.16731	7.20663	18.1518	19.1998	13.5363	13.0327	26.9887	8.3751	25.3759	22.4437	17.1154	9.59581	7.63845	9.36917	5.78849	1.81455	6.56911	9.16299	9.47679	6.24451	1.07989	4.31521	5.66572	8.66888	14.8055	18.7992	18.0426	12.8308	19.795	8.28152	11.7889	7.60154	9.03741	15.0551	18.7043	15.0469	12.9413	6.3539	11.1295	8.71414	7.67603	13.1034	5.38416	14.3578	12.8151	10.3093	9.64267	6.23763	1.7822	8.05869	2.46132	7.20832	6.97492	3.36417	7.33208	12.3012	13.8722	14.3802	13.9863	11.5538	11.414	3.13156	2.8398	1.83857	4.12316	10.1085	14.7905	14.5329	12.6393	9.17683	7.26989	4.93998	5.50065	5.95531	1.02446	16.9746	21.2405	8.94489	4.78239	8.18624	12.03	14.384	13.3464	6.63857	2.44339	2.77765	0.763645	3.51601	7.29503	6.96659	5.45844	13.0533	12.0129	2.66555	8.26775	9.19944	5.1711	12.6296	18.4184
3.41102	3.62541	9.46537	2.85981	6.73415	9.25956	6.66382	1.74073	3.6808	4.04122	9.16376	10.2749	7.44182	6.99701	10.3156	13.4351	8.65697	2.90522	22.9652	19.3196	12.9238	19.8768	16.0616	5.61395	12.4077	15.6435	14.9433	13.6228	11.3109	6.16569	17.2565	14.9487	14.6893	15.4013	6.13283	14.7904	17.5465	13.5696	15.9692	20.3062	17.8304	16.1062	3.81229	6.9741	8.18556	7.63781	2.17229	8.96267	5.17898	7.65842	15.3535	15.9936	7.77126	6.13499	9.97745	6.88125	7.36631	6.74054	8.31454	11.3049	6.18186	6.94129	6.63782	1.9461	5.40748	5.71797	6.40057	4.67819	1.57379	4.041	4.95091	2.56519	5.99292	9.08607	7.77126	6.47432	9.68535	11.0383	9.8149	7.91809	14.1703	8.79611	12.3696	1.23113	11.9652	11.8835	6.70475	4.87752	5.99292	3.42786	4.53685	7.81298	15.4228	4.96566	19.4449	26.0245	21.9385	13.207	7.44136	14.45	10.7261	9.71624	6.8062	10.7798	17.9573	16.5099	20.3279	24.8151	15.5044	4.79713	7.00475	1.99769	2.94493	2.21861	7.13018	7.65478	7.74148	17.4075	10.5292	6.5601	7.81303	11.8405	25.4594	20.7316	6.70676	9.01965	9.2403	6.27189	4.67828	1.23113	3.18659	4.38141	3.20479	3.11275	3.13594	1.54582	3.4108	1.07975	3.13591	14.6626	21.2926	10.9628	4.23369	6.38296	8.39133	7.53884	8.83445	7.47813	9.43468	9.52348	5.24523	10.1993	14.7788	19.0972	18.086	13.955	20.1946	20.9435	19.644	21.7955	20.0085	16.7029	21.5994	32.7927	31.2992	30.7564	27.6864	22.6513	13.7227	8.00166	6.16303	7.80051	11.9507	12.441	13.6586	13.3611	9.65363	5.82045	13.1894	20.197	23.4635	22.8621	20.4765	21.6503	19.9711	21.4824	8.31487	9.00069	10.0382	8.71216	19.4748	22.1214	23.383	17.5416	12.4539	10.9678	4.69986	9.21685	6.93298	9.15555	6.18175	6.766	5.68769	7.16602	5.7954	5.30274	9.36879	11.6247	10.7326	4.84215	3.13129	11.3693	11.5991	10.8187	8.74623	11.5327	8.53013	3.97596	11.5147	9.38533	7.92167	11.8186	7.44758	1.99769	6.85038	11.1721	11.0538	12.1287	12.3138	12.8979	14.994	16.214	17.1724	12.7151	2.21855	4.16127	9.3461	8.78929	11.3109	12.8093	10.0853	9.79666	9.85805	5.28103	7.1363	12.65	8.86336	3.18659	13.4826	12.2407	5.12305	3.36389	11.3683	11.4666	6.42772	6.23945
5.66685	7.53996	8.68197	1.37619	11.0372	12.8081	2.46087	2.24448	5.06278	2.21833	0.995448	4.58714	3.76614	1.90814	5.77753	11.4982	15.988	11.084	17.089	19.7664	3.95373	6.93477	13.3782	12.825	8.09981	15.6655	13.5339	13.7669	17.305	6.68874	11.1774	13.6055	18.8055	13.2	14.0994	22.645	21.6989	18.4374	20.3659	17.0348	9.59861	12.8535	5.03139	7.40221	9.60582	7.78471	1.20705	5.7575	4.27397	10.0089	26.4427	17.9489	17.6172	7.09521	9.48662	8.15697	8.00597	3.49861	12.1742	10.0102	3.93548	6.39993	5.81967	3.45291	5.87643	9.38108	9.71471	1.52674	8.74524	13.954	12.5416	10.1066	5.81495	9.0634	8.51553	7.26856	9.15489	11.89	10.7621	8.68536	11.1214	8.51095	5.44936	7.45402	5.54129	10.552	8.80924	9.92036	8.99979	9.02648	13.8407	11.4453	5.97567	16.6411	28.3241	29.1214	31.1782	31.0006	17.4478	5.95403	11.1613	9.75948	16.4611	16.7567	15.334	6.01901	5.78524	22.8717	22.1058	5.14753	7.25444	4.96498	2.8391	1.70685	10.3181	1.78193	8.32215	12.3119	10.6268	6.6199	6.31211	13.2256	23.2296	14.3067	6.83469	5.34265	3.17262	3.78518	7.35032	10.2752	12.1105	13.8407	15.5033	13.8729	11.5808	14.2135	12.9482	9.10109	7.33303	12.8887	15.5126	9.21594	3.45294	7.4256	6.03324	2.05499	6.01383	3.18616	5.78755	5.49436	10.4028	15.1292	17.7187	17.4208	4.57132	15.7295	21.3195	22.5452	24.958	25.0076	20.1412	17.2097	18.8601	26.6405	32.5735	34.9976	31.1213	23.4829	14.3823	7.00439	3.59693	18.0695	22.6228	21.5062	24.4431	25.5362	19.0687	16.6199	25.6915	29.2792	29.1046	26.0356	19.1008	20.6061	30.5275	26.9938	19.6859	8.94179	9.55061	6.25287	23.3692	22.9335	16.1349	14.5082	14.4267	10.8819	7.0933	10.8545	4.71144	6.13211	2.97891	2.5191	4.09749	5.30213	9.38108	8.67365	0.870477	8.64274	10.6274	10.8024	4.84166	11.3597	12.3684	7.51685	7.34857	10.051	9.61515	15.7962	18.6015	15.4014	9.81437	4.38096	12.5541	16.9715	21.3036	17.4989	10.5748	10.1507	10.2956	12.623	13.5341	8.7082	4.95041	9.49734	9.00108	9.48829	10.0483	3.38506	6.64818	13.094	12.7702	14.4713	15.8735	16.2789	15.179	8.25728	2.24448	4.2603	10.552	13.4445	10.6535	9.92084	13.7125	18.081	14.8829	12.1269
10.944	6.03964	4.58685	6.89864	13.6554	8.41453	4.67713	3.25799	7.39593	4.47201	1.52658	3.75412	3.29335	6.40176	11.4584	12.6213	5.66666	15.8256	19.3562	14.4223	2.39468	9.88132	3.49832	18.7208	14.1955	9.16488	13.2082	13.2737	17.8237	15.3599	1.23082	12.7684	19.8274	10.0387	14.7761	20.034	13.6881	13.1784	16.1425	10.2248	5.4989	10.0761	6.22672	8.0053	11.8993	5.57425	2.22471	4.38044	3.51491	10.73	25.9864	7.06469	21.1729	6.61286	7.67913	9.30634	9.335	1.75702	13.1628	9.69075	2.58161	5.94129	2.4605	2.32075	1.75702	8.94052	12.7128	2.27644	14.4324	12.1091	9.06305	11.8245	14.6315	8.62908	12.0405	7.67365	6.78399	9.77145	13.7027	7.03827	7.37094	9.98291	6.50618	7.26748	2.66478	9.83434	13.3439	11.2315	4.91496	3.66033	8.20828	9.20754	10.1372	12.2721	24.6904	17.1508	25.8576	35.9061	37.0151	18.1717	2.73467	19.932	27.6515	16.9767	10.2237	7.7183	12.2085	15.9309	21.207	9.75567	7.0381	7.53325	4.52648	2.90466	11.5982	5.12188	8.16672	6.46172	14.0835	13.6702	2.53623	16.2779	21.933	12.9379	8.37404	6.87998	5.59747	12.7634	13.1787	10.5737	11.5652	17.2356	19.5536	20.128	21.2819	22.287	19.1435	16.9362	13.3283	15.8875	16.1233	7.78427	4.94999	6.50593	5.34493	4.90318	4.67713	5.4884	6.42612	0.615509	11.9121	14.855	17.8236	13.8916	16.3426	13.4736	10.0765	16.9173	23.2112	21.0625	16.1301	11.2319	9.33546	13.7417	19.6095	20.6089	15.8587	10.8808	8.68108	10.7662	5.55614	20.2823	8.84713	8.47359	21.8309	26.5911	24.8298	26.4545	32.1082	26.3294	19.1435	18.8129	20.3647	27.2787	33.1121	25.4715	25.2695	6.98338	7.35552	9.47888	25.324	23.672	7.32452	10.393	18.3622	15.1391	14.6639	12.281	9.80195	7.48614	7.14105	9.12503	5.71967	4.58685	11.1614	13.9148	9.48609	12.9757	8.32167	13.0295	10.7976	12.7974	8.46991	6.32527	13.8092	17.2484	20.7904	22.0573	16.6553	16.6605	12.1124	11.1201	18.1505	14.5332	11.5652	7.97887	2.66465	6.80064	3.06991	5.00799	5.32889	7.14302	6.27063	7.14093	14.5906	14.0787	2.138	4.97326	1.20692	6.4617	4.82025	6.39063	5.99209	15.8451	23.7965	21.3288	18.207	12.1093	9.84028	10.5631	10.9964	9.06305	5.57432	5.55614	10.7649	16.4731
8.80125	7.63775	5.32013	6.83765	14.753	9.16082	3.72279	7.14212	9.30747	8.51451	5.38196	3.38421	3.51471	9.03385	6.01276	12.3895	11.0443	7.32961	8.43392	9.22036	5.30137	8.99799	7.59835	18.2093	20.5558	4.51008	15.0773	10.4773	17.7568	22.0566	2.90441	11.5505	15.3936	9.83393	19.6731	19.6452	12.8101	15.0846	13.6186	4.72276	6.38072	9.74173	5.61739	7.91891	13.0548	6.14259	2.77669	5.59716	7.41086	8.41378	17.1496	16.5317	16.2349	7.16416	5.73903	8.29162	10.2795	1.36533	13.3487	9.74173	2.83858	3.61216	4.25973	3.96411	4.64897	7.78331	11.4425	1.53592	16.2095	9.34162	5.06212	10.7356	10.0799	13.5064	7.89215	13.8375	9.67872	7.82008	13.2754	9.62739	10.3667	13.0471	8.4744	1.52645	7.1663	10.3002	11.326	9.71868	4.1179	3.62413	7.36998	7.66731	12.2878	12.826	26.4282	18.3916	9.67412	18.62	38.8686	38.2503	13.5116	25.0078	26.9753	9.99183	6.69646	1.8458	3.74238	9.95937	17.0277	8.52726	7.13403	9.09128	7.03764	6.40797	12.5995	7.86886	11.3664	7.6656	15.6688	16.2089	8.22334	13.9238	19.8131	16.5598	9.41516	5.86532	10.2714	12.5353	5.14658	6.29031	16.296	20.1523	16.6102	19.0601	19.5107	16.1345	17.1804	20.847	14.6048	12.4296	12.8101	7.91943	11.2034	8.78194	4.52623	8.84006	9.31806	9.42737	4.6271	5.24374	9.60408	10.4022	14.753	14.6477	23.4949	22.378	20.6884	21.6032	19.2766	15.5337	13.6589	10.5452	11.2445	15.7735	14.2487	9.09173	6.87965	4.49745	12.9209	11.3905	2.75553	19.3516	18.0079	11.3778	22.1175	13.2478	20.8598	30.3006	28.0327	24.4032	25.4769	21.8326	21.6377	27.2675	24.2712	28.7817	28.8838	7.22386	9.57242	12.6693	21.8549	24.762	11.0596	10.1696	7.84329	7.73929	11.1001	6.96617	7.25337	4.49742	4.96418	6.0392	9.70897	10.9229	0.170698	10.4399	11.3615	21.7561	20.1551	19.3309	15.9227	11.9242	3.07445	10.3768	10.3866	11.248	8.99808	2.4838	2.37013	4.51008	19.9226	21.3915	12.5029	10.5657	3.8939	6.51429	11.6923	6.38114	2.41259	4.96436	6.08903	2.05467	5.30123	7.01527	12.0165	14.2368	11.9336	12.8456	9.67832	13.3094	15.0932	17.5186	17.7576	8.14207	12.0365	18.8031	11.6863	5.44854	7.9992	9.05404	11.9943	16.6257	19.3167	13.3951	3.14432	16.9687
10.9486	10.0964	7.32269	2.91904	12.5429	11.0891	1.60983	8.31127	2.36976	6.34638	11.853	6.01009	5.55502	10.2233	13.0648	6.16332	4.63276	6.56603	9.16306	13.5348	7.98277	7.16353	8.78278	13.3413	22.4676	12.8465	10.9484	3.17171	17.8711	25.1765	3.88977	8.32009	16.6575	17.7061	23.5885	19.8639	17.6392	19.711	15.2382	11.2889	9.36519	8.80522	3.61576	7.86956	13.3474	10.6238	8.56167	9.15262	10.5124	12.4813	6.87903	3.86361	6.4604	5.30048	4.63276	8.03912	9.10889	0.539736	12.7146	9.21334	2.55843	1.20671	0.539736	4.44188	3.73811	6.2921	10.7954	7.21328	10.7989	12.5887	6.22586	9.75674	8.50816	10.6413	12.4419	10.8515	11.4703	8.2382	7.47504	13.12	3.75336	8.93415	9.97411	9.54321	9.35721	7.72569	7.25236	7.0932	5.58086	2.81264	9.56856	12.8253	6.01009	10.1693	26.1176	23.8095	19.5623	22.406	20.645	36.8921	13.7001	21.9184	27.8321	29.1435	25.7626	19.3686	13.7832	12.2185	18.8468	10.4121	10.8861	11.009	6.83733	4.36652	8.1132	13.3927	14.2348	11.1704	12.2057	10.9419	7.68162	10.57	19.4009	18.5187	7.40011	2.82292	11.4184	12.4981	8.87075	14.6903	16.5042	6.1303	9.2017	9.32898	1.78142	2.21769	2.29513	11.2983	11.8165	8.2793	4.949	8.62576	12.7737	10.2569	5.94035	9.71835	9.09864	1.68057	7.67245	10.6399	8.81988	5.78577	8.68291	18.443	19.471	17.6286	21.1701	20.2239	13.2831	7.2054	7.66509	12.7025	14.1102	10.9829	6.87281	4.71001	10.0747	18.9851	28.1493	22.1568	15.2549	2.75001	11.2026	16.2338	24.9689	15.5539	25.8047	41.209	31.5247	21.1819	22.3309	32.9657	36.2027	24.2687	6.05533	26.7267	25.3458	18.4966	35.5664	38.1865	23.0757	25.5358	8.4267	7.29954	4.12114	9.13849	6.00978	2.79706	3.24395	5.47973	5.9813	7.66483	7.99882	14.2091	8.90729	4.09638	12.2328	27.4546	22.2454	9.11366	8.83883	8.47204	13.5303	13.7359	9.6427	10.1352	3.02162	16.2987	21.9195	22.376	20.9423	18.4421	10.3304	12.825	10.0022	5.15177	2.98309	8.22236	5.07873	7.48477	9.70823	8.6569	6.82882	8.47847	10.1463	5.65514	2.11022	1.57323	12.8159	16.1822	4.63276	5.80572	5.7836	13.5258	8.67962	14.081	10.599	3.07398	9.33314	11.6846	7.94856	8.1041	8.37238	2.24383	7.51317	6.56603
11.4046	13.218	7.32801	5.87398	13.2538	11.3167	4.49975	8.34644	8.79963	5.51054	17.4412	5.77551	9.25525	4.36595	3.23475	4.26217	0.511982	4.43171	8.70446	7.99773	9.8249	14.9905	16.5878	4.17654	14.4434	17.258	14.1098	9.34168	15.3556	20.6077	18.8372	13.6086	3.07377	14.3694	17.0592	11.2912	15.0634	16.5902	9.52048	4.82188	3.29252	3.37501	5.95193	9.35822	14.5794	16.6314	13.4699	13.9248	12.3579	9.53676	7.98546	6.83638	5.00656	5.87169	8.65262	10.9322	8.83003	0.511982	11.324	12.1608	5.78538	5.3003	7.30092	11.2766	12.401	14.1126	15.46	13.6915	3.4975	8.1993	10.1358	10.2709	14.5353	10.9779	14.9905	12.0241	11.608	4.14864	1.37565	9.37744	6.79458	1.36506	7.30092	13.2814	13.1057	13.8403	13.1751	10.6296	8.51267	17.0754	24.7502	21.5023	14.2798	13.4699	11.5615	20.4821	28.7598	35.6084	38.1389	35.3455	16.6255	16.9069	19.3852	21.3977	21.9608	19.7923	17.424	16.7819	24.0432	16.9923	11.3631	8.88742	3.25706	8.37168	9.21287	9.8434	7.53508	8.71758	11.2973	5.97348	5.47895	8.98356	19.2366	19.4737	8.55234	2.91877	12.2774	15.2529	14.4183	7.56694	11.0423	18.7597	17.1704	17.6747	16.1646	10.278	5.17649	1.46776	7.21228	2.91877	8.80478	17.6325	17.8732	11.3061	6.79669	3.59554	10.9575	20.0581	23.2248	21.2303	14.277	5.77779	14.3879	18.4584	12.698	9.50728	14.5761	11.9519	10.5668	7.14099	2.94352	5.19578	1.37565	8.78715	22.0197	34.5159	38.1275	37.5258	31.001	17.3443	15.356	10.8148	1.68034	6.82818	10.7944	32.2124	39.9735	31.2231	20.9926	14.5616	17.9354	15.83	11.1335	15.313	15.491	23.1361	19.5031	29.2337	33.5021	20.7514	20.9178	21.0141	5.68503	7.94789	8.05429	5.17635	3.59538	3.25696	2.56396	7.14104	10.0278	9.59531	5.80519	11.6186	9.97986	3.14368	9.23253	24.0512	29.0442	23.4647	18.2487	20.001	22.9136	18.5923	8.90995	4.49633	7.73786	14.9473	8.74007	16.2653	15.4362	5.14563	7.99788	8.15248	10.9995	13.084	6.66274	6.23669	8.984	11.1892	15.2039	15.4772	10.5114	5.48692	6.37056	5.10921	9.85333	16.72	13.3914	8.42729	12.8078	9.64187	7.20435	9.9957	19.7329	17.9045	7.31265	6.26876	14.5869	11.2875	4.80669	7.16279	10.6493	7.948	5.61142	12.7654
10.2689	12.4338	6.31609	11.4886	12.0086	8.2756	2.64726	7.6799	10.3832	1.94489	13.924	12.2041	8.63071	0.723942	2.28822	3.92252	3.95187	6.32496	13.9549	3.61534	8.90878	9.26079	15.4649	9.90064	6.36358	7.55859	7.16238	13.8479	5.9609	12.348	22.3527	26.7031	23.5611	15.1331	8.83274	12.7641	18.585	12.5351	1.94492	7.69322	7.59657	6.01142	11.1087	10.0798	11.2961	18.2045	11.7918	11.662	12.3369	7.96141	11.7532	8.31857	3.9775	1.20651	5.20909	10.8495	10.2685	3.58293	8.18618	15.9373	8.13929	0.703582	7.15603	10.3619	8.09604	8.31029	12.1806	17.4843	15.0092	4.67561	9.69872	11.8845	13.045	13.7487	1.40691	6.34549	1.71451	7.10844	9.13683	8.45827	2.73363	7.22146	2.97754	12.2653	12.9296	17.3851	20.2766	18.4484	10.3138	21.8079	14.4276	18.6846	7.14043	6.00898	2.29455	10.2704	18.0454	15.9118	14.4648	12.1441	4.93642	7.9453	7.9471	3.44697	7.34273	9.37957	10.1444	11.3534	23.7525	17.9463	10.6482	11.0207	3.82907	9.21166	7.49651	10.1667	10.629	14.1904	10.7621	2.05402	5.2202	8.86102	20.3373	20.2387	7.76821	7.00078	15.7775	14.9343	7.81201	12.3369	16.964	12.1952	9.15064	7.85585	12.4569	13.4182	9.91602	7.4739	12.4338	10.9315	10.6523	14.0784	9.9722	9.88796	6.39726	3.13415	17.7597	15.2062	6.36992	1.94489	9.80206	15.4169	12.596	9.88746	5.18444	7.0943	10.8138	4.49936	8.51157	13.3868	15.8324	19.3748	16.4854	16.9599	31.4097	38.9056	34.0808	28.8964	21.048	17.832	16.3489	13.3097	10.5699	10.6224	11.5227	36.9112	40.0788	16.4508	7.68041	15.2724	15.1999	8.8376	18.9916	5.00633	17.0665	23.3897	19.918	18.3558	6.73033	20.8738	12.6867	14.7515	5.06047	7.25103	6.83149	4.94809	4.69687	3.4511	6.24044	8.49685	7.14043	4.29905	8.20515	10.5231	8.78434	6.88159	2.07511	13.5234	17.5478	15.227	10.3462	14.8891	11.6712	8.83274	7.29029	1.52593	3.51373	14.7387	23.0167	17.4901	7.14037	9.83117	8.71692	6.2338	5.34302	11.7495	12.333	7.51373	7.07622	5.70476	9.9761	8.28983	12.6216	8.60443	4.73359	9.68706	10.2429	15.0137	14.1627	11.5277	9.15064	7.28823	9.48223	7.20559	6.10366	9.15096	12.79	14.0657	12.619	9.30309	8.3375	8.49047	11.4927	11.9586	7.06181	8.05882
8.74639	10.7185	6.36971	14.1218	13.7712	13.437	7.20109	7.67913	8.636	6.3962	6.96156	10.68	6.93084	5.57179	10.1365	11.3139	15.741	18.5079	13.8805	8.70764	12.004	5.95306	13.0815	11.6702	10.8248	16.126	14.6748	3.13398	7.08313	6.97975	2.74933	11.6591	21.5803	19.9774	16.1286	16.9579	23.5032	13.37	8.58525	12.2698	11.5156	8.63489	11.6167	5.63345	4.23057	17.412	15.2751	6.60746	6.96964	16.6912	12.6982	4.65013	3.84392	5.07729	5.34248	8.41048	9.45163	5.1446	4.06326	14.5583	12.274	4.2066	10.1994	9.94429	2.77548	2.73338	9.26605	15.475	20.8383	5.49104	11.2199	12.2516	7.73633	11.0045	8.1631	7.96992	8.52447	3.30935	8.00145	7.32859	8.04084	10.153	9.11109	3.98786	8.88614	10.5741	14.6362	18.691	9.80141	15.939	7.63485	13.5148	7.22692	2.0749	4.63144	9.54033	10.1362	4.91259	4.20663	3.08727	5.00583	6.80171	5.78163	2.05379	7.84029	9.27161	14.2287	24.9192	28.3552	15.9369	9.35475	14.0082	2.59728	6.16126	5.4782	5.86334	6.76355	13.8021	8.56875	10.4363	9.91099	10.3085	20.4226	18.3939	8.3852	8.14888	22.1964	15.7537	4.91259	9.99901	5.27739	7.44219	8.14217	7.96996	10.9974	15.0027	16.1963	13.1575	14.4159	9.15616	7.34616	12.6897	8.66876	3.51332	6.85376	7.8167	12.4321	14.3863	18.834	17.4263	18.8683	17.2156	11.3828	7.2503	5.11941	7.47293	5.82135	6.79738	20.3147	21.9289	11.3188	8.9836	5.81665	8.19925	31.2651	28.4738	6.60755	6.18715	13.3404	22.496	25.9446	21.1901	20.2405	18.7457	19.4436	30.5633	32.3283	14.1816	9.39823	21.8771	7.36179	10.6937	8.5059	6.23326	6.10305	9.80842	8.60357	6.02481	6.83502	15.7801	6.18715	9.89916	2.42361	5.81627	5.17528	3.51321	6.34466	5.71697	10.2187	8.24583	3.13398	2.77548	9.22905	8.26284	8.51781	12.5039	9.64595	3.82866	9.32635	13.4383	14.0032	13.7242	5.73682	5.89473	6.96352	10.415	11.5469	8.90817	23.4048	23.5255	8.14383	4.44077	4.02058	3.96237	4.62531	9.62373	9.89773	7.57326	3.49685	2.77543	8.6491	7.81678	2.59728	11.9574	6.61655	11.1246	11.0859	11.7811	2.18417	11.0052	16.8974	11.6609	2.08185	10.8026	11.3441	7.73457	9.93588	6.08669	2.44157	11.2654	4.47944	7.73483	14.6854	16.0772	14.0156	10.9974
11.2967	11.9882	3.92184	12.7614	11.2129	10.8565	8.80199	4.20627	8.75856	6.52633	3.75216	1.07893	8.30864	11.0053	10.4604	3.40839	1.37526	9.3538	1.44746	12.4069	9.47311	5.02828	6.1863	3.14278	2.66313	3.96203	10.5	9.22833	12.1113	11.2732	3.02057	7.81057	15.421	11.2645	8.15168	16.2087	22.7098	15.9832	21.1988	26.1637	25.0685	17.9949	9.85052	6.20252	3.14289	15.3773	14.6519	7.01184	11.2919	16.4286	12.2315	5.05947	3.74039	3.07289	4.87397	9.06854	8.74578	3.6701	4.79332	15.5801	13.7543	10.2967	16.2926	15.5678	12.2645	8.36971	8.96075	9.09488	23.8859	10.2067	13.4977	14.9849	1.23017	8.33411	12.8584	2.56322	9.02524	14.121	9.3782	3.88478	0.615128	6.99958	10.8362	6.9363	5.61487	0.682433	9.98712	20.2534	20.6571	9.8973	3.96203	8.79726	9.25885	6.18646	6.39812	10.1986	9.73011	4.67452	5.21922	1.09232	6.36896	11.8097	15.706	15.7637	17.4164	22.45	26.2171	27.16	16.1768	3.24272	8.46861	10.6264	4.56832	5.9139	3.08699	6.96082	12.2316	6.13037	11.3821	17.0451	15.6658	14.6307	14.8255	13.8214	10.504	6.03612	26.2625	17.6736	12.4281	15.1748	3.36115	5.47742	6.15867	10.7542	12.6191	13.675	15.7836	13.8513	12.9018	13.4422	13.8221	10.2967	3.61443	4.43046	6.78619	6.81983	9.20271	12.007	14.772	15.2076	11.9702	10.8783	9.04524	6.15622	4.30809	6.26707	15.1963	14.707	15.5969	12.5994	16.5405	13.7811	7.04242	5.8625	27.8976	29.3584	15.2178	7.62283	3.88849	11.0864	17.5649	20.7637	23.7288	23.9558	22.7277	23.4137	21.4322	11.6864	11.135	18.9277	18.9783	10.5612	9.3136	16.5429	16.6961	10.848	4.28796	4.84418	6.10247	15.0911	15.4729	12.1928	9.33921	10.7088	8.64197	5.31506	11.206	24.3132	31.7598	24.6926	11.4881	4.00924	8.93074	6.81158	9.10599	13.9219	17.6569	15.5943	13.7967	10.2888	6.13068	7.30459	6.12833	6.4316	4.68389	5.89208	6.39591	2.77519	18.4118	22.952	20.3468	8.98102	10.1482	11.3517	8.49542	6.20252	5.18596	5.28494	5.28505	6.70165	6.23259	6.64361	6.36875	6.34418	8.83584	2.66313	13.0432	20.7513	18.5388	13.4083	16.1244	17.9687	16.3273	12.3278	13.8627	11.9483	12.2651	5.25239	6.88048	9.57324	7.66372	6.18623	12.8114	10.2883	1.03771	2.05367
6.48611	10.9343	2.79593	11.6427	12.8874	9.93538	6.9684	8.73889	8.99292	1.33224	6.91099	8.19612	6.76234	10.3864	13.5611	9.45034	5.33862	14.6278	5.1073	12.9295	6.91099	9.94725	10.7739	8.97445	8.2617	13.2768	16.9111	16.2873	12.9508	16.8321	2.15697	8.17691	14.8856	15.5423	11.9472	6.09226	20.1395	17.703	27.5129	26.3837	23.4939	18.1527	7.69104	6.79613	6.30516	18.9183	17.4675	7.97363	11.4096	12.0512	9.17245	6.0805	4.74753	4.94682	6.46425	6.96009	4.96992	1.71401	9.46191	19.9396	13.7218	13.1259	19.4645	15.8774	13.8976	13.1385	9.99754	9.50357	24.8731	15.6393	10.6136	15.3476	11.7375	10.2295	13.9395	13.3007	15.0729	12.0505	9.73689	12.48	11.9659	4.46913	5.02471	6.03563	6.64295	4.79286	6.02877	12.0297	16.9316	13.3378	6.46847	11.2673	11.6147	10.4996	13.0754	13.7954	10.3593	6.50188	5.45337	5.09869	7.47129	10.9343	15.0333	18.4543	29.7914	36.6106	32.9703	25.3521	11.8993	7.14623	5.8695	9.91299	8.58363	0.762925	13.1224	11.9405	3.57795	8.93034	15.3308	13.4841	13.8976	12.8871	3.6462	10.5651	15.1707	2.10929	26.015	23.2653	2.89766	18.3501	5.27629	7.25494	9.22737	8.4564	9.17272	7.20391	11.4464	13.8442	11.9556	11.4318	8.03582	2.89283	0.68237	1.90665	5.93039	11.0032	14.6396	12.8501	10.9539	13.3744	9.58755	7.61839	7.48082	1.02349	12.7008	22.6467	19.0552	9.6773	11.1841	19.5119	15.3079	6.67309	9.67288	7.48102	19.4801	24.8189	17.3609	14.9302	2.85736	11.5621	1.37512	6.82998	7.13835	6.6326	10.2021	14.4962	9.0675	10.556	10.5245	11.9268	14.4726	17.6831	23.2106	18.1679	14.1273	9.96518	4.73224	9.2093	13.8394	20.4783	19.8492	15.0849	18.8247	21.8008	19.8732	11.6434	12.2644	25.3218	36.2597	39.0091	32.7159	5.33859	6.00934	4.67419	5.78322	7.71329	15.2446	21.4936	24.6881	23.5203	18.2924	14.0703	9.57292	11.3702	12.8406	15.7424	17.1861	11.2957	9.1031	15.9208	23.2098	23.1057	8.28694	6.76059	5.5786	3.30883	6.99891	10.1786	9.51545	9.43105	8.19642	6.23212	5.10714	3.0202	7.21942	11.8082	15.8157	20.2619	26.6539	27.857	16.4989	11.0258	18.1193	18.2924	19.0715	17.4534	14.2182	10.4611	11.1974	3.3479	12.7893	11.6146	14.0316	13.2768	16.5816	18.0345
11.1228	12.9492	3.57759	10.6452	13.1365	11.9457	2.77469	3.65771	7.63106	5.66239	2.05329	3.44977	12.1091	10.8343	6.69156	9.10852	9.35958	16.2338	4.599	13.5501	5.28141	6.36114	7.94441	8.96884	11.3192	12.9632	8.73767	4.53251	10.5653	18.0803	3.30834	10.4115	19.6224	16.5986	3.93196	7.34998	15.9547	15.4708	24.3636	16.7117	16.4477	18.3616	9.51862	6.30667	7.79832	17.7533	14.6682	10.5614	16.982	9.73529	7.33992	6.75956	5.90045	7.13548	1.57233	6.28872	9.33728	4.73207	12.2292	18.2	7.92439	9.37745	15.4701	13.3775	8.47369	14.0538	11.3156	9.9528	22.8065	16.0397	5.05023	7.82754	9.91812	4.79534	13.4179	15.652	15.2709	4.77742	8.01525	10.3032	13.2223	11.713	9.26959	3.42462	8.97924	5.29746	4.41667	10.5657	11.9403	11.8721	12.5	9.9905	8.77774	8.0558	5.27586	4.57369	3.58163	4.53279	6.38356	5.61381	6.0515	12.9744	18.4199	17.9848	29.787	30.3702	21.3384	13.2482	8.69251	9.26344	12.176	15.6887	14.283	5.55189	15.8753	9.28584	10.2947	11.5184	9.29955	7.32651	6.50123	5.00718	7.63057	7.21469	17.3422	2.77482	25.0591	19.2623	9.52494	20.0488	9.57333	11.2406	14.3819	5.67493	9.42094	5.9779	4.5803	8.05089	9.83884	4.49763	3.36047	5.31408	8.85823	7.63106	4.73207	5.53656	4.94651	6.93469	2.59653	5.70023	8.1782	4.64903	7.57263	3.51214	16.1734	6.76163	11.8467	16.7969	5.79009	2.89753	6.72789	13.4701	12.2481	6.14092	14.7767	23.2661	19.3777	14.8486	10.6286	11.6287	6.87477	4.60843	10.5235	10.48	11.2921	12.4596	6.60594	10.1132	12.2185	9.97543	8.95924	14.5596	14.5596	9.61858	12.0771	10.789	8.63357	10.5705	11.8011	3.01524	10.9357	8.90245	24.4533	25.586	25.2479	11.3009	9.47915	17.4662	36.1653	17.7784	42.4322	9.20816	2.85707	1.83657	3.30834	7.80902	12.6694	15.3503	9.38993	9.16686	9.269	8.62207	2.66819	6.99216	6.2658	9.4789	10.6873	15.6749	0.918562	9.82008	20.2924	27.748	16.342	4.58319	4.74705	7.73455	14.8708	19.3767	14.9716	4.90818	2.55713	3.50824	5.31408	9.98539	13.2856	19.0802	8.09992	5.62928	27.6002	34.9741	19.8762	6.71749	10.5078	11.5185	10.8509	9.8059	9.89549	9.60849	13.0884	16.2688	4.84342	8.69237	14.2166	13.1217	7.8004	6.99821
11.9149	13.468	2.55682	10.7572	14.9186	12.3582	3.40725	4.62363	6.46755	8.71256	6.6051	6.03459	2.31865	9.3228	14.8902	3.98996	9.84737	16.2494	4.76801	14.215	5.40474	5.03824	3.47468	3.7509	5.69951	6.39392	3.80842	10.0417	7.28706	11.0808	12.8133	10.6626	24.0969	11.7148	10.2382	13.996	16.9079	16.0755	17.4987	13.1972	12.136	19.1086	13.4602	8.58229	8.99128	14.3414	11.1268	10.2326	17.6595	10.5011	8.87917	9.15238	7.12886	2.9761	9.99682	10.7564	13.6551	2.66793	13.2759	14.4915	4.11478	9.58403	17.2057	21.544	17.2054	9.19561	9.80915	12.4332	19.6896	12.0307	9.22755	7.32585	4.83985	11.4075	15.2784	12.1665	8.30589	8.67689	14.2064	5.10632	8.52612	11.4635	13.1935	8.21714	5.44425	6.795	8.71278	12.4247	12.4204	10.6276	10.2502	10.1546	9.88288	6.76109	3.66918	8.08347	8.93962	8.67074	9.28532	5.78221	2.66782	17.9092	28.0087	26.5034	23.7099	13.5916	11.6269	11.6777	7.46452	3.50789	2.79536	9.81891	14.1431	11.6772	12.108	15.8447	8.80128	6.6889	4.00809	5.84857	3.40725	4.30686	8.33998	8.81404	15.6037	2.66237	22.5815	14.2236	15.0139	18.4565	11.0362	11.8656	7.2537	4.72833	6.47402	7.77744	1.57214	4.45521	4.22922	4.80412	9.79799	13.2172	10.7924	9.01798	8.08347	8.40773	6.31305	8.92833	6.28809	7.56297	8.90482	7.01615	10.3141	9.81934	20.1594	21.9256	19.9614	9.20768	5.20406	8.50802	2.31876	12.4247	20.2254	9.96739	11.9069	24.0626	22.042	20.4354	13.2601	10.1768	9.873	6.63109	8.25811	3.20128	7.03218	13.6768	6.65688	4.83704	9.77497	13.0184	7.23415	7.46249	2.31867	8.3043	10.8688	7.25357	12.4204	16.1101	17.2899	10.2859	12.2708	14.6806	23.4502	14.6479	26.9037	3.10948	5.17363	2.57939	35.277	25.87	38.6958	11.8871	0.852754	1.22982	3.08611	12.4628	20.1792	14.0678	16.4842	10.4944	10.2637	6.60504	4.91076	9.02245	9.87321	13.317	12.0275	18.6332	12.2287	13.0895	19.1922	28.5415	15.2826	3.51185	10.272	14.6311	14.9717	18.9312	23.5148	10.6473	8.31479	10.0306	15.0114	17.4523	15.9775	9.35875	7.07281	6.91167	30.8957	39.2341	15.0109	3.86128	6.15692	6.86788	7.94351	9.3228	9.10796	6.79089	7.32592	13.9958	13.8831	3.62158	7.2338	5.66154	10.7521	19.8601
9.21258	11.4257	1.20582	11.4582	16.6301	12.4616	4.58237	6.23725	12.2601	12.508	8.50195	8.04945	13.5115	12.8371	17.1718	11.2093	18.6836	15.536	4.69451	12.261	16.0865	13.5255	8.78145	2.69476	6.09056	6.59397	9.33581	11.747	9.61071	5.02356	18.1475	10.3131	23.6497	5.61021	20.7102	16.2761	17.5189	18.9162	18.7541	10.0712	8.78101	14.8307	14.9724	7.20187	9.70079	10.9111	3.82686	13.0099	14.8888	8.93209	8.96508	7.15987	6.99727	15.6912	19.4573	11.1624	17.6499	4.53168	12.6484	14.1988	9.71113	9.10723	14.4809	25.3674	22.315	2.21601	10.4894	9.93259	18.3453	11.1309	9.05464	15.6358	14.5204	10.6227	12.5064	10.0374	6.81723	12.4574	15.4794	3.76217	3.64492	2.60717	3.86069	8.56511	9.26791	4.3334	7.56184	12.4616	8.85625	8.30023	9.18686	7.96579	6.71626	13.8463	13.7498	9.93179	9.00318	12.1117	14.2961	14.0729	8.70406	26.5575	28.6645	18.4764	12.367	7.73313	11.5594	10.6426	12.0483	15.6804	17.8544	17.1687	11.4538	12.7181	3.82706	14.3571	5.70174	5.18397	5.04899	4.95407	5.9357	6.73968	11.0414	11.6009	11.9437	5.20346	17.0641	15.8203	17.9622	6.75858	12.6317	18.7435	16.6412	14.542	2.8106	8.98868	5.77924	5.95751	3.98616	3.21468	2.65118	5.89964	8.5073	4.01869	1.99549	3.80808	4.00771	6.59368	4.25609	2.69476	4.96	8.28515	8.50219	4.33977	6.45558	3.445	4.09344	6.31219	15.9553	20.6196	25.5202	19.9081	12.1146	10.8489	13.6759	20.2036	20.3763	19.8099	3.42828	7.79846	8.6307	7.46967	4.11811	13.3343	12.1265	9.41922	5.48317	3.07173	4.9453	10.3923	9.37184	6.50009	7.46918	7.76201	4.74618	10.3888	13.7624	17.1729	21.407	18.8943	10.6426	16.2217	27.3187	26.0429	22.9195	6.11885	6.82805	8.58154	21.3308	23.4495	24.2565	9.45913	3.04813	1.40615	1.90607	12.701	20.442	6.97686	16.5487	12.0101	11.468	9.63141	12.8538	13.114	11.6765	14.8418	17.4429	28.3079	30.6984	29.7301	21.3375	15.8824	18.8623	22.535	22.3558	15.8856	6.5611	13.6536	16.6114	16.0433	16.3409	13.8395	6.91108	3.04796	6.17729	14.2134	15.7906	13.7172	30.982	36.3797	11.5129	15.8734	14.8172	17.4459	12.0465	7.0718	5.94785	9.61093	6.1564	5.9768	17.9474	20.1435	20.2656	19.9747	20.4295	17.1727
10.515	13.8247	4.41517	10.0325	16.3034	17.3074	7.25216	6.28445	7.98492	7.28377	7.49152	5.12778	1.46663	2.42239	12.1822	11.7418	6.83151	8.55936	6.5542	12.0289	15.528	16.5481	17.8605	15.6848	10.3824	5.29617	3.50703	6.08284	15.0292	14.221	20.5248	17.975	18.1828	7.82502	22.7371	10.16	13.6065	13.564	10.16	5.59182	7.96524	14.0072	17.5427	1.73861	10.7126	5.20307	5.80077	15.1085	10.4301	7.21662	6.62962	5.56871	15.9942	23.8439	17.4412	12.8923	17.8202	9.96527	7.31091	14.4329	10.1531	9.86242	18.6809	25.2067	20.4811	5.2167	11.4668	2.85626	14.6525	13.2686	14.5683	21.6156	21.6652	10.7079	7.39383	12.3481	10.786	9.61832	9.75704	8.43479	13.9463	11.4385	6.84987	7.46892	9.22898	8.65752	12.2581	14.1773	6.99617	7.06306	6.31156	2.51636	12.064	14.4305	13.0602	10.2961	7.93331	10.7901	8.04861	14.7242	11.0353	24.7982	22.0713	16.4944	10.6736	4.08589	5.18345	1.99529	5.48282	7.12549	6.69647	10.0883	8.0275	10.1924	7.03073	11.2187	7.40351	3.35522	7.49503	4.84184	4.12095	3.73469	3.8077	2.9016	7.55356	3.5112	10.1377	12.3521	11.3889	12.0008	20.0293	12.6823	9.15092	14.4177	9.00356	5.07415	2.98053	6.24577	4.81226	4.79119	8.47983	12.0288	11.6921	12.2052	12.0459	9.76189	11.014	9.61888	7.20127	7.24657	7.12772	6.95752	3.97491	15.5942	16.4819	15.7721	7.43262	13.8297	20.5386	20.3044	22.2676	23.7211	14.5142	5.02566	13.6486	15.689	20.2988	24.1517	5.84777	11.492	6.22056	8.30433	16.6131	17.3562	15.9411	9.00386	0	1.83604	3.07131	4.46734	7.85074	9.69277	13.9962	16.2134	16.4196	10.2841	8.64908	6.67053	10.4888	9.95999	7.50834	6.69647	18.0392	16.9898	5.50625	2.8967	5.33656	8.47964	12.0699	15.0793	11.5866	5.00272	1.70479	2.59566	2.05974	9.77292	18	16.6769	10.6843	9.56428	6.64063	14.0462	20.3505	20.4441	17.4625	14.2231	14.2795	20.7501	22.1589	18.2525	17.2337	7.79795	9.66967	14.5144	7.01486	3.10887	12.0453	16.1836	3.25453	6.26413	7.33829	5.44069	7.10525	8.97076	13.9067	19.3715	16.7947	17.5026	24.6957	25.5905	13.0872	5.27449	0.852582	14.0005	16.6133	16.0287	18.7458	15.1982	10.8477	11.5397	4.96833	12.9213	15.6344	16.3686	16.5266	13.6815
6.48761	12.9352	9.26573	2.69411	12.6333	20.1305	11.8861	5.80024	7.25165	5.56798	7.83519	3.97451	3.98883	1.77967	6.62916	16.9943	11.0739	6.15517	9.08697	0.918209	9.94249	8.17511	3.20049	10.9487	12.9839	12.6949	11.7414	12.6131	16.2154	14.9785	10.4878	11.7507	3.03324	17.0088	18.5461	4.46691	7.28479	4.4538	4.64403	1.24122	5.46393	16.2514	20.2537	2.13565	12.0306	0.762523	9.60293	14.4654	8.35284	2.2156	5.97563	6.45467	16.4197	19.1539	13.6409	20.9007	18.9575	11.3789	1.57167	8.08082	11.2521	16.2964	20.9741	21.7087	15.1882	6.2312	12.3504	4.70582	6.78234	9.00283	17.3566	15.6538	18.1718	15.7305	8.13868	13.667	7.67415	9.01544	13.9142	17.0117	18.6335	16.238	15.4331	1.07834	1.09175	6.79293	17.7586	15.3017	5.1719	6.38311	6.0258	8.10565	7.03013	2.29281	4.33916	9.69893	8.30376	4.4538	8.71032	10.9117	7.24559	20.3575	25.5337	23.2427	13.8793	9.96467	7.14277	7.55331	10.4294	8.96364	5.89825	6.52263	1.81208	7.21604	3.80722	10.9483	5.40032	1.4665	6.75707	6.29296	4.68122	7.65752	1.24118	4.43771	9.99676	2.75265	5.98528	7.28494	11.5175	20.7196	12.0306	9.10086	9.22495	6.84096	9.81642	9.24785	12.7803	16.4307	18.3835	16.2522	12.3509	8.18555	7.3627	11.8994	15.8306	13.2402	14.4733	13.0527	10.3867	9.67886	11.1787	14.764	14.0152	15.7604	8.17493	13.6916	6.87639	16.5175	20.7069	11.5388	3.6404	10.4557	11.1436	13.3326	15.1851	18.5957	18.6207	15.3303	14.4013	6.93236	2.51611	8.6971	21.8204	14.2721	10.2477	12.7545	7.46798	3.88242	5.80024	5.56809	4.20385	2.81005	7.13493	11.0906	9.19753	10.3809	10.1297	3.76145	6.39211	8.79219	6.63984	6.62276	5.85942	9.54748	5.85184	0.869403	7.83332	8.90199	5.10484	4.20404	4.79072	4.42475	2.22223	1.6789	3.2897	3.78061	6.18272	9.10044	2.77365	5.07363	7.36264	14.3314	22.3542	25.234	22.9088	14.4162	11.9347	6.80766	8.9021	7.67083	14.3381	21.7362	19.0739	14.6255	15.8768	11.4374	11.6741	20.0368	9.39089	11.7695	16.6715	14.1172	7.13281	7.25925	12.2437	13.664	8.50065	18.1924	18.2249	10.8925	6.17578	12.3239	9.11476	5.14698	9.13612	11.3065	11.2587	8.19226	12.9613	9.76046	7.56805	4.17288	4.2652	6.53361	8.30196	8.17493
2.55593	6.33981	11.5128	6.02028	6.62	21.7885	17.99	4.95284	9.30131	11.3199	13.1339	11.8151	17.3311	20.6426	20.9976	18.1004	14.0268	3.91916	7.77451	17.663	17.8182	19.4522	15.7396	8.79169	2.89616	10.557	12.203	14.1951	10.8458	8.57879	11.2516	10.7795	12.5859	14.7971	13.3116	3.27159	10.018	9.63854	4.03546	3.3461	11.113	17.3644	14.2632	6.46514	8.1982	6.68844	9.90743	18.2816	8.92958	3.01858	2.27357	1.36377	15.3054	20.4944	7.67386	26.7586	21.7862	9.22679	5.70003	8.74001	18.0724	17.3644	17.5921	16.9979	11.3525	7.61811	12.0204	4.7903	2.74725	4.46652	10.4812	5.33558	8.2669	15.473	13.7743	14.0433	6.15466	4.09911	7.6275	11.3784	6.08915	17.1872	17.5802	13.5218	10.3469	3.85985	18.608	14.2707	8.01176	8.68847	10.8614	13.6171	9.89237	6.12427	7.77479	10.129	9.77115	3.5557	11.079	4.14124	5.78717	18.0054	31.7473	23.5364	5.55706	6.84028	6.02528	7.24525	9.89038	11.2314	9.46712	9.13525	5.28173	4.17248	2.77345	8.33672	2.40994	3.14081	3.68357	8.46975	5.85859	10.1287	3.34599	7.10395	8.53764	9.41349	3.38035	11.3742	22.971	10.6236	6.62	12.4073	7.56011	4.59371	10.6592	13.5566	15.1062	17.3406	23.1873	26.9871	25.4901	20.2851	14.5485	9.84422	9.86229	7.38716	12.3109	9.96826	10.038	13.0068	11.9042	11.7965	14.2659	8.11716	4.47606	10.4067	5.85859	18.3561	17.9771	5.6493	2.53314	8.14627	6.92523	7.86195	14.1584	16.3349	15.1319	3.27615	4.25466	11.4397	14.6724	12.5255	17.8514	20.7547	5.92702	12.8298	11.8667	2.08041	12.0261	10.1923	11.8088	3.3461	0.38124	1.52462	11.1586	11.345	7.15613	10.7846	12.2129	13.7585	13.3347	10.2984	4.70543	10.3248	6.99483	1.67882	6.12628	10.8161	5.421	2.36729	3.18204	3.88964	2.93098	3.16841	5.03636	3.7497	3.20005	8.96411	1.94325	2.13547	10.9978	12.2059	18.6128	15.7215	13.5774	14.6214	13.3922	8.77739	9.78857	11.5978	9.67224	15.0917	12.5372	16.6367	14.1954	11.3063	2.05224	22.9317	5.27328	11.1468	15.9602	15.0644	13.2952	12.4948	15.7291	14.5295	12.6688	16.0909	17.5706	12.5938	10.6302	15.0054	6.60285	7.22134	3.07083	7.03782	8.87632	8.98615	11.9952	8.92952	5.37578	6.03245	10.0602	10.7175	10.7018	11.3744
14.6683	10.2932	11.6105	11.2648	3.5918	14.5097	23.5176	23.738	18.2455	13.5153	8.3107	2.90088	6.12607	6.84793	4.33173	0.852366	10.6123	15.9827	22.1524	19.8906	11.5372	15.8667	20.5791	24.1783	22.1718	14.5288	5.44187	6.63868	7.67859	5.48106	16.5472	22.4124	25.1739	18.7574	12.931	2.90088	12.7005	10.4377	3.7685	4.20326	9.08012	8.97608	14.9115	13.559	4.96692	12.4875	8.30234	21.081	17.3515	11.919	6.69418	5.10372	13.8491	18.9691	7.59641	25.5108	33.421	27.6688	23.3876	16.1001	13.7096	13.7674	14.677	19.9523	15.5329	14.6611	15.075	9.96727	9.19582	9.30793	8.98873	10.0412	6.61092	4.79261	3.24024	3.60768	9.61318	12.9216	10.4275	6.73072	5.3353	13.76	18.3828	15.0259	14.6963	17.3206	10.5004	13.7241	24.662	27.8538	27.9373	20.9188	15.031	6.38219	2.43948	9.58514	9.94721	3.88179	8.73275	12.9177	16.5278	18.2886	22.747	27.2629	21.1598	7.21499	2.59505	5.71213	13.6704	14.3208	8.76012	7.33981	6.15632	7.94006	9.59723	12.0129	10.9468	10.2932	8.88805	6.80642	7.3609	10.7456	3.07047	8.21308	9.31849	10.2278	1.44636	14.6193	16.1768	17.0904	19.8666	11.772	12.8991	6.71339	5.41021	6.65576	11.294	12.7904	8.5221	7.5293	9.12974	9.33018	0.381222	2.97951	10.7663	6.37326	10.8025	2.9008	9.22181	17.7042	19.8414	22.5459	22.588	21.0553	17.6351	18.5435	18.2282	18.5872	11.654	3.4057	4.4367	8.15641	15.4138	10.037	14.3538	15.1894	13.2974	10.1502	19.1021	23.1347	19.8413	19.9263	23.2867	25.5833	13.9513	17.0039	18.1301	10.8296	11.2756	3.92977	14.9187	17.3804	11.801	8.77334	10.9702	6.2184	2.83522	4.05979	3.66727	6.48635	6.39313	3.88533	10.0076	12.7426	8.46891	6.24864	8.10404	12.3095	11.158	7.02304	4.11652	3.67529	3.54317	5.64896	7.29336	8.7315	11.3446	11.1059	7.78871	11.2885	21.0273	18.5734	14.8649	15.0593	5.23749	16.7554	19.6006	13.2112	10.5561	13.981	14.8366	17.981	19.6662	22.1147	17.4578	16.8956	12.0606	18.0432	11.9793	8.05119	9.83271	1.20535	6.96395	9.94754	16.0506	17.3504	13.5996	10.0851	12.0934	22.4999	26.5103	24.9525	18.3086	17.3913	14.8823	13.5552	8.17198	3.3066	13.9293	17.1025	11.2494	7.67293	2.9157	6.83963	7.43587	7.55142
4.7922	7.49228	7.77304	11.4388	9.99562	2.42133	13.3737	18.6509	14.5274	6.1743	7.7932	13.1935	11.7603	15.118	12.4695	20.8721	23.2371	23.1043	20.681	17.1518	12.9416	11.3629	11.8834	16.5984	21.6333	23.2369	20.2799	11.6771	6.558	11.7796	19.4147	13.0302	15.1184	17.0744	15.1158	10.3957	13.9128	11.9909	7.15687	5.89658	4.64277	8.59068	11.6392	14.2262	8.73211	14.7621	9.29518	18.8886	15.9096	16.0224	12.9202	11.1407	13.9802	13.3245	16.5664	15.7509	30.9086	29.6953	25.3077	22.0398	5.2723	17.9393	19.2196	23.0053	12.8528	10.453	11.9557	11.9741	12.3783	12.2102	3.13088	4.33773	2.31743	11.1259	14.1284	15.3748	19.3956	15.9353	7.33549	3.7335	8.64629	12.0414	13.1316	12.0561	14.1861	16.1963	16.1755	23.6378	26.0581	28.865	22.9471	17.5104	11.3028	5.91589	4.45262	11.5453	11.4568	5.33742	9.96887	15.3095	19.9687	20.015	5.71154	16.4189	26.267	14.9887	5.10058	8.21246	8.1414	10.8039	9.01258	5.71133	5.65832	5.28054	7.07688	11.2101	12.5741	13.1935	13.9567	13.0387	9.66601	9.76926	5.09504	10.1562	11.4016	4.62726	12.4516	14.1933	1.45621	6.80579	9.00022	7.68519	17.3634	8.06665	15.7558	19.5374	18.46	8.85192	5.1901	13.7785	22.7198	18.2646	10.3637	10.1889	14.5864	9.70648	12.3084	14.6862	17.8166	21.7619	26.0379	29.4842	29.714	29.4667	27.3714	26.7574	26.5881	22.9044	13.6254	6.8477	7.38546	15.2546	18.7958	16.9683	22.7806	26.1159	22.1063	13.7001	16.8365	16.8887	9.89042	6.03125	10.4806	16.5695	4.09844	10.786	13.7195	16.0226	3.25334	11.7271	7.29255	14.3051	14.92	13.259	4.7653	5.04685	6.36344	6.3566	3.61145	4.62094	6.67869	8.92793	9.99528	5.54826	5.29401	1.53386	5.09484	6.95696	10.7154	8.66085	4.08787	2.89546	2.31734	3.5549	3.27541	5.33459	6.98764	9.67173	14.1879	20.7579	27.2422	24.5554	23.3964	16.4972	12.2273	19.3588	18.586	16.5724	10.555	9.18422	10.9467	14.1093	18.9095	16.7638	16.2586	13.9063	17.4547	10.8861	7.36041	13.4336	10.9199	5.89649	6.45269	8.35072	14.7342	14.2682	2.43924	6.31844	20.8533	20.1741	18.0031	18.6642	17.4672	21.1004	22.3313	16.5475	10.6567	3.74886	23.6745	21.0064	11.8452	12.6009	10.025	8.52131	4.58018	4.72585
5.95413	5.71074	5.78591	13.461	15.882	16.5882	14.2149	6.62696	3.61921	11.2922	14.6576	6.1525	4.08749	14.7795	9.14783	14.973	9.79027	11.7277	8.40226	7.38477	3.39237	4.76473	3.67461	3.77909	2.83452	8.98533	16.2333	16.4578	14.8226	10.636	21.9221	9.67055	9.36635	8.57671	3.59113	7.02746	13.5574	14.9479	9.8809	7.50484	2.77272	4.30738	7.42916	15.6244	12.8928	12.3336	7.39038	10.9442	11.9002	15.2728	11.3832	5.49055	11.3831	14.1112	14.909	8.17209	16.6378	16.1093	6.75458	23.1063	15.9626	8.67921	6.65232	20.8792	14.0084	8.59436	6.49819	6.86139	10.8821	17.0864	1.19301	4.83957	3.7485	15.5879	12.5709	12.4828	11.2739	5.84504	8.33636	7.42919	2.81931	5.55548	5.94428	6.01878	4.59569	3.73297	22.8998	24.8394	8.64022	1.9427	17.2943	22.9639	7.80858	9.29293	14.2027	16.8555	9.29389	9.82964	15.5296	14.6218	20.7987	12.1918	15.0595	9.64785	23.4481	15.9076	3.80576	6.44988	7.14826	10.9443	11.4362	6.41636	5.49055	8.18255	10.5212	8.6276	3.76003	4.2536	6.13651	6.55113	11.0866	12.3409	7.96175	4.2638	0.340904	7.96151	20.6055	17.6121	20.587	25.2074	24.1426	8.30067	15.1489	12.0643	7.6103	22.3056	19.6824	7.84697	9.09755	17.3541	18.824	10.4788	9.10204	11.4198	9.5439	7.29771	22.4667	29.6075	26.3111	21.5433	18.9295	13.6282	14.5445	16.8546	17.4724	18.8775	19.2855	18.1882	14.1753	10.5542	11.9169	18.0846	8.03082	15.1489	21.4538	21.7582	11.9281	4.09821	15.4043	15.2556	6.9933	8.927	11.1697	22.4919	17.9945	16.351	7.20976	8.11447	13.6993	9.01634	13.8496	1.90498	9.57948	12.4313	13.5523	6.49641	12.0912	3.63904	5.41946	3.74465	2.73053	11.3712	11.5813	10.5579	7.96151	7.96178	9.51931	4.8724	1.84305	7.57835	7.38493	6.723	5.32351	3.88107	1.71252	4.8098	8.46245	11.096	13.396	13.9319	18.2526	15.1158	14.6167	14.2254	14.4302	16.2962	9.16498	14.0958	15.2148	8.92757	7.65476	6.97899	6.06829	6.49607	13.557	5.00329	5.37458	9.94541	2.91028	14.077	16.7361	12.8466	9.34543	6.59012	11.066	9.61388	6.12494	5.00057	26.3644	21.5002	5.867	12.4689	8.17738	15.187	16.4123	17.0005	16.5115	8.78094	23.1665	10.7451	9.813	5.33694	0.511349	2.45689	5.25021	6.22906
15.3378	16.1959	14.2278	10.5623	12.1072	17.5371	21.8888	20.6987	16.1762	6.99226	16.7715	13.7636	12.9183	21.011	4.30355	18.1714	7.17116	6.31737	2.89504	4.94196	2.69295	6.72882	7.93208	6.21664	1.14314	4.08356	7.73307	14.9918	16.632	10.256	18.6142	8.04552	7.72759	5.16939	3.8581	2.22105	6.02988	8.96099	13.8221	9.63512	9.08585	10.9751	10.0897	15.9652	11.537	8.70607	6.00359	4.20886	14.851	18.8217	10.3708	6.00875	7.12322	17.2376	11.3701	10.7497	15.3054	14.9789	13.3072	24.1236	9.62462	17.5071	18.8483	13.8776	9.46353	11.0655	7.95895	9.29605	12.2648	20.116	10.243	10.121	6.14981	22.6112	11.503	10.0675	5.24693	1.29776	3.6664	3.57858	10.1223	9.53451	4.57639	2.40895	4.95661	11.2849	18.5349	18.5328	12.1338	6.79395	15.625	22.8013	11.3827	11.5697	12.845	19.5233	8.46139	16.6362	17.8219	20.9426	20.0671	15.1468	12.3227	19.7635	24.3239	12.0402	4.81249	6.53079	6.45806	10.3505	12.8279	9.10994	5.4006	13.0145	13.03	8.64116	7.87294	2.4089	3.27476	3.0173	7.98717	6.95367	7.35882	15.4471	15.4405	9.74335	19.3244	17.3934	16.2656	18.7639	26.0809	20.097	4.20203	7.55721	9.19289	20.5632	11.257	21.0769	22.9312	21.6471	10.1871	8.2998	9.09512	9.7792	1.73761	23.1317	33.7948	29.8411	20.0033	9.66418	5.78494	7.11756	8.40134	3.25272	8.19032	14.3762	13.8655	15.127	17.7656	13.7761	11.6514	16.3274	8.26599	15.0442	18.3214	17.3282	12.6458	5.44042	19.7069	19.1556	7.28159	14.9813	6.82943	10.8211	11.5518	9.13975	9.62467	2.07257	15.6092	3.10717	16.6296	11.4402	12.3331	11.5375	17.6989	16.4822	21.252	17.3867	11.3156	6.78579	7.12322	8.62651	9.48124	9.62467	8.79324	12.0221	8.67887	6.99221	2.43878	5.48499	7.83709	7.88051	11.0693	12.0631	11.0431	7.10166	2.21463	16.0223	19.0536	11.3445	12.1651	15.5584	9.10072	9.85752	13.3144	6.97195	3.98689	4.90429	11.2853	13.6435	13.2749	9.93066	4.05863	8.33541	9.594	1.57091	0.762193	7.89484	12.6816	15.8354	24.4013	10.5148	2.59431	5.1805	10.6974	4.93337	1.14321	3.50914	21.5632	20.3895	14.0944	18.2918	12.0215	7.71486	7.74043	17.5238	16.0435	7.93733	16.1078	12.2621	10.7304	9.08276	8.87614	7.79922	7.9182	6.15229
6.99186	6.33689	1.37375	2.77212	5.64681	7.93703	12.4836	16.7334	18.1205	8.75702	19.3251	13.177	3.66604	16.7832	9.43477	20.2547	7.35833	1.57077	3.63826	4.7879	6.72146	3.37036	11.2838	7.84526	3.63832	3.18042	12.4666	18.1282	9.44023	8.10075	13.4699	10.6394	8.82556	5.39997	5.85584	1.81104	4.64443	3.91359	12.5974	14.7909	10.9779	12.691	13.3285	22.7089	15.8978	7.93703	5.72991	7.1288	12.0888	19.8709	15.9604	19.147	19.0522	13.7226	3.98655	6.30073	10.8699	10.9232	10.9421	19.6381	4.64443	19.9134	15.6791	4.99963	8.10632	11.4743	12.4836	11.6064	12.1477	20.8803	17.9828	19.9085	18.6917	22.0741	5.80945	5.43973	8.02709	12.9798	16.8562	21.6066	21.4643	14.6175	13.4825	12.2286	12.3617	20.5454	27.972	28.2502	21.5729	12.0631	13.0264	20.5476	16.2113	12.1613	17.4493	16.7818	14.7667	25.1998	25.6458	22.0976	11.5992	14.878	13.4574	19.3427	7.80732	1.52396	4.04421	8.6193	10.315	7.77272	10.5805	10.3175	10.6461	5.47919	9.21795	9.26052	8.79862	7.47325	3.08346	6.67707	8.61907	3.35301	16.9082	19.6742	15.7199	15.2154	21.1474	20.8666	8.29728	5.86564	23.1922	20.5331	8.53384	4.80895	13.933	13.1651	21.1685	22.3957	20.5263	14.4581	7.57714	8.10632	10.9262	9.09421	14.7057	30.7629	24.9737	9.14623	13.66	13.5015	13.9461	16.5085	15.4994	11.004	11.5324	6.62555	8.25833	13.9404	22.4591	26.1413	25.7057	23.8702	18.621	20.9096	21.9019	15.4636	14.302	16.7338	26.6971	16.0449	5.65419	10.1913	12.8843	8.02217	7.29048	7.33341	8.92079	7.71411	12.58	15.0993	16.5534	13.5447	5.50271	9.58921	19.8688	15.0264	5.94079	8.66641	13.2113	9.9873	14.3495	9.00263	5.47119	7.1706	7.43341	0.241017	5.62889	4.86828	6.88714	3.23904	4.51888	11.5126	13.1868	8.40068	5.80939	7.35854	8.818	13.8441	19.3087	10.4232	7.49017	16.0422	17.3224	8.77478	4.76394	3.9283	5.76731	7.12281	4.11825	11.5603	15.9078	15.6055	10.9538	11.3887	13.8979	15.5773	14.9559	17.0886	18.4257	9.35116	18.3324	18.1708	14.0524	11.6087	13.4661	8.21015	2.42064	6.28258	15.1878	11.7612	10.446	17.5874	19.3558	9.78809	14.6189	13.2558	12.8025	1.73745	11.9352	13.8137	13.1509	10.2895	6.78923	1.90465	1.81104	4.08672
7.18362	9.79999	5.56452	3.8499	3.80488	3.06918	2.42056	17.5134	19.8911	13.287	18.0206	2.21412	8.76768	3.04535	8.27128	17.0503	1.90454	4.20795	2.7718	3.61018	13.2504	1.44568	8.84855	6.27961	2.05109	1.70355	17.5441	18.5866	0.24098	3.97174	7.33235	16.1977	4.76324	7.22741	12.7558	5.13779	6.13457	3.50872	5.17989	10.1521	6.8284	10.445	10.5826	20.4942	19.5867	3.9169	5.76662	5.44712	8.93082	12.9311	9.95846	12.4278	14.1811	11.0735	5.54647	8.95907	10.6069	8.47803	11.7425	17.3607	6.35416	14.5956	20.2305	15.7777	7.90602	7.79212	7.8014	6.87208	6.54919	12.4396	12.6955	18.3976	19.888	10.5826	1.90444	5.40731	14.4108	15.5685	14.2581	21.7276	15.7478	10.4054	9.43399	10.1798	11.8765	23.9972	29.6666	23.4881	17.1909	12.7848	11.4584	12.9438	10.0629	13.2263	20.893	12.2506	14.1205	20.8068	22.0163	12.5239	4.17011	7.89296	6.95434	5.90643	5.27052	6.5992	10.9919	13.1815	10.6232	7.66952	4.7874	4.95002	3.87997	4.50249	2.24017	8.56437	10.6958	11.5218	11.5313	6.72758	6.12069	2.47964	17.7524	23.1856	5.44712	11.0823	19.9318	16.8924	3.37864	8.61321	19.5681	15.3307	8.50665	6.43906	10.3047	16.5206	16.9074	11.3041	9.8741	9.36356	4.7634	5.94055	6.82639	6.25913	26.7393	29.1097	11.0705	15.1829	16.665	13.5938	11.1171	11.1852	9.51518	18.3711	15.2721	4.70266	3.95733	10.1233	13.9016	18.7814	20.4848	17.4677	12.984	13.2511	14.565	12.0143	14.8969	22.6331	24.9544	9.34298	7.33235	4.29292	9.71577	10.2885	11.2058	8.49515	4.49296	7.69856	4.96459	13.1558	7.7704	10.6344	8.54758	7.6397	14.3978	12.4086	8.10563	11.1523	7.39829	6.05969	9.21896	10.9164	5.93065	4.46403	8.72853	10.6372	6.48358	5.74669	8.89652	8.91995	5.47062	10.7177	6.84519	8.35737	2.28496	3.74358	5.60296	5.30822	17.289	14.248	8.61168	19.6035	21.8975	4.1425	6.8676	6.50309	4.28274	5.46033	14.1934	10.1398	13.8962	15.9674	9.6667	10.1455	11.8595	15.4378	15.5423	13.393	12.8999	11.3472	15.5903	21.7592	17.0569	12.9251	14.368	15.9358	10.7046	7.73166	14.1821	9.14379	6.46116	15.9418	17.9463	5.47094	12.8153	6.42356	10.2541	7.20137	6.35456	8.76927	10.6232	10.4171	8.1694	7.6526	7.25489	6.15113
7.80566	8.98191	5.33229	4.99839	0.917512	5.16804	9.81638	19.7958	16.4936	17.6448	14.3798	9.59717	3.36951	3.95672	2.51421	14.6812	3.23842	5.24789	0.993397	4.03275	10.8842	3.13876	7.12724	8.04671	6.12018	3.75862	17.8373	19.1848	6.78574	3.61781	2.5313	19.6703	3.54092	3.50837	12.0863	6.36922	3.73153	3.08291	3.61781	7.47181	10.508	9.50536	6.60677	11.6475	23.0556	8.59125	8.5731	5.39906	9.2891	14.7821	21.6136	17.2616	10.6131	10.3035	6.68222	12.7182	12.7704	8.95845	14.5795	17.8059	7.35674	5.09238	9.67277	10.6008	5.06973	8.76624	4.0824	3.39106	3.44601	6.61773	4.21116	1.67769	4.49225	5.10096	3.21161	10.1441	25.9397	25.7236	15.4124	16.9662	8.66496	10.7267	6.24509	7.60929	11.788	25.2831	24.5388	11.8298	3.35664	9.81586	11.802	10.1509	2.59344	11.4475	19.5187	4.28231	15.9342	18.2789	17.0116	1.22846	10.4677	4.57797	6.91864	5.16827	5.62786	3.85726	6.92062	5.16795	3.17979	2.37182	3.27401	3.12951	3.91653	7.60719	7.0655	9.15711	6.6693	11.6533	15.184	3.50837	7.89267	12.3452	14.1621	21.0472	9.50355	6.17831	15.9609	12.257	3.87964	5.78347	19.4369	17.553	8.29239	11.2877	4.9029	6.00705	8.92564	7.56453	3.03095	8.26997	5.15985	4.90576	2.40832	10.7872	29.0529	24.3666	5.17937	9.03202	11.4432	9.95733	5.79603	2.65955	8.62233	19.8272	13.4161	3.1249	2.07888	8.95818	7.34137	3.61781	5.2015	6.82156	4.51804	1.75376	4.66829	2.89903	1.94195	14.9736	15.6585	8.16873	9.57976	2.31634	2.75053	5.48844	7.27719	1.33058	2.53127	10.5732	10.9454	10.6753	6.78795	12.1766	11.149	6.91855	2.2721	18.9194	6.78344	18.2111	5.53002	5.23442	4.97554	5.942	9.8286	3.44604	13.5471	14.0748	6.78576	10.71	7.35704	8.92528	8.95663	9.8286	1.84234	10.9891	2.36583	4.83771	3.39093	8.46413	21.0264	18.1588	13.5267	21.3555	18.1666	3.87964	7.055	6.36025	1.14282	3.39093	15.3163	12.9653	11.8298	13.7627	6.99056	10.6222	11.3564	7.11944	1.60707	8.80498	14.3792	20.436	13.2859	6.13176	14.7416	9.14435	7.16913	12.5122	12.8476	11.9953	15.6208	9.38503	7.50222	19.8019	18.728	8.45922	11.9576	5.4386	7.65167	7.81288	4.72669	5.70639	3.77787	10.8486	12.0363	9.27523	3.8234	2.89422
5.16751	4.22419	3.35635	5.23399	5.2749	9.40646	15.6466	15.7752	3.82305	19.2924	6.22363	4.25139	8.35091	2.40803	8.12476	16.5798	13.607	12.9762	10.467	5.64501	1.57038	5.43832	9.28977	13.1417	11.576	14.8558	16.4043	11.2021	12.6596	10.4206	6.23958	18.5403	14.9312	7.28832	10.5578	3.55287	2.07178	7.05049	4.61836	3.44145	7.35635	6.33518	1.70322	2.45558	20.7089	15.6173	12.5765	9.58652	11.2235	26.6635	33.2749	30.5294	18.1888	14.7984	12.3407	16.2978	17.3757	11.3441	16.0891	16.102	10.2608	6.55228	3.91625	15.6036	8.42654	11.7591	5.92966	2.75038	1.60683	2.07175	3.65317	3.06849	7.38694	7.08067	5.52983	20.2041	38.111	27.5833	19.9157	17.203	12.1443	19.6198	5.04375	7.11486	15.6071	27.7074	25.4282	16.3614	4.43388	7.07882	15.5464	13.5112	8.50475	13.9599	15.8691	11.5995	26.5464	20.1555	9.60687	4.29186	8.39795	6.75133	6.02782	11.183	9.75271	7.79081	5.24492	3.28677	5.62211	7.95774	7.56378	7.84331	9.03739	10.8378	9.12862	10.2051	9.20359	8.66397	12.8021	3.06854	13.888	16.0638	10.951	11.7579	11.015	11.1705	18.0596	11.801	4.04291	4.78654	14.6358	20.3758	12.5645	10.2266	7.42561	7.2886	10.3673	11.6986	6.46672	3.03049	4.01445	4.25159	4.59323	15.6027	24.2287	19.147	11.0714	14.454	15.7022	15.901	10.6118	9.66594	10.3937	15.2244	8.68975	3.06849	2.75029	7.28826	5.74561	6.86661	6.82088	2.53108	4.74135	7.93469	5.64525	2.22032	3.42466	13.8258	14.9547	5.42755	8.04063	1.40463	2.3656	5.81256	8.36942	4.4112	4.77154	15.6749	11.2808	10.7568	6.75371	16.4026	8.69499	1.94185	2.57648	13.5766	9.87177	12.1022	12.7597	2.66488	6.98967	7.89691	8.49306	6.00157	16.9336	14.1392	8.64934	9.12224	8.20103	7.95776	9.78094	6.59974	1.99332	8.26073	6.15222	9.60687	9.73692	14.1996	20.2361	9.46881	8.14025	16.7787	10.0785	9.20359	4.59346	9.97847	3.44556	9.73664	11.2269	12.3699	8.0617	11.3404	9.80837	14.76	15.6244	16.8465	1.03623	14.8337	14.5492	23.2527	12.7386	10.061	15.0219	11.603	12.4197	10.9847	6.64921	15.5047	18.5019	13.9945	13.2393	23.8544	20.1775	14.5126	16.323	8.70274	4.61831	7.51861	9.62149	10.0179	9.09776	5.2118	13.6063	11.9943	0.917389	4.00352
13.3892	14.8519	16.9578	18.1115	20.1625	18.3596	17.4271	4.80715	13.4218	12.0977	3.641	4.70141	3.03019	3.55253	8.53525	4.11333	9.65972	5.2115	13.1361	10.5765	7.56829	10.3461	15.4129	9.82585	2.59868	5.12253	5.3339	9.29973	8.62905	7.8423	15.4573	8.31639	18.5004	15.1054	8.7695	1.6773	1.22831	6.0272	7.29961	4.22404	7.18958	2.07849	4.61788	2.69154	11.6692	18.814	17.7894	13.0408	10.7795	29.5331	22.5807	31.9635	26.0795	18.2428	13.2382	14.0506	16.4649	14.2206	16.656	18.2953	15.8272	14.0469	7.54595	10.545	12.2139	10.7946	3.4704	4.3448	4.73468	6.31442	7.3094	5.11139	8.26847	8.99413	7.51796	17.8883	33.3574	18.5555	13.4774	12.2023	4.01411	23.7698	25.622	16.6626	8.16557	18.3692	27.8974	22.5297	14.6952	6.88428	13.7646	19.3906	18.8396	18.0008	10.8774	23.5189	24.3296	6.98928	6.52521	6.28707	3.12878	9.6996	6.38596	0.614225	1.70307	2.59309	3.01124	4.14132	5.62156	5.84628	4.76218	3.30417	3.92675	6.45509	6.90326	6.05797	3.25128	4.2545	10.6667	8.02448	19.6672	15.0571	15.7354	6.45958	14.0844	14.5189	20.7243	20.4911	19.2234	17.843	10.8791	11.6984	18.6687	15.803	8.47092	3.30411	2.0505	9.10573	5.10844	9.68285	12.2643	11.2961	13.0218	15.1737	13.4649	19.5183	19.7827	15.1089	13.1728	16.5783	16.1856	15.7295	13.6674	14.8921	9.55886	4.47224	2.23957	7.4873	1.94159	6.78651	6.02695	7.04971	4.97454	6.33895	4.1099	5.29082	8.78427	6.49239	11.1187	11.8942	6.52546	5.16709	19.3548	27.5659	22.4339	11.5273	5.62185	16.3771	5.93852	10.0844	1.09065	11.0598	7.54628	4.21038	1.09072	8.9802	12.6828	3.01589	14.2956	8.79057	2.7448	10.4449	11.7919	6.38833	14.4022	9.67076	5.50054	7.83345	5.16728	4.43347	7.19336	4.56764	2.69168	7.19372	7.58369	7.12614	5.80723	4.71335	18.4273	24.0977	24.4286	24.6055	25.0647	22.8067	15.1088	11.9935	8.72613	14.9009	4.53612	6.81597	9.37767	4.80706	4.25102	9.08124	8.35722	21.5542	11.4233	17.1921	10.9128	21.8356	17.4233	19.8449	29.9844	29.3113	19.8871	12.6662	8.0981	9.97749	23.4827	18.99	8.12551	20.5968	16.4908	13.8196	16.3858	11.8142	11.1635	9.49048	7.79016	6.91976	9.22557	10.7254	9.98742	10.402	7.54628	4.64288
12.9152	14.0411	14.7572	15.0549	17.5249	15.1843	5.26565	7.24413	10.918	9.09567	7.14908	6.05736	4.291	6.11819	11.8548	10.7845	5.76441	8.06746	12.9148	6.16929	14.3919	16.7328	8.72566	4.85998	6.13002	8.92793	14.4396	13.544	5.85335	5.09953	19.8152	3.26867	25.2861	21.3485	4.34462	5.54431	9.45853	13.8103	11.819	4.72201	5.60063	6.94964	8.93569	6.12086	6.71442	14.1964	16.8647	14.2059	13.0541	27.2271	13.9457	19.8989	21.5493	12.9034	12.9985	14.6799	14.2081	17.0379	21.8812	21.903	15.3996	11.8866	6.86497	1.14255	7.20884	6.01961	2.64806	4.94794	7.81068	8.57069	9.23233	8.8139	5.6262	9.42978	9.36431	7.88995	21.14	26.0475	19.6506	18.9553	18.1799	8.51015	22.4415	19.6804	17.6209	10.1143	18.1485	20.9366	18.1311	15.9622	8.60723	17.6979	25.0743	12.2445	14.569	23.9398	10.3917	11.4541	9.50537	2.0503	2.77073	8.5344	5.67457	11.7622	11.4305	6.83424	5.33078	5.70477	9.12695	13.0572	12.7973	11.2215	11.1079	10.9691	11.3763	14.0869	17.7571	18.1307	16.0938	8.24932	20.8567	12.2493	23.7566	19.5645	14.3952	15.4787	19.3451	18.2639	16.0144	15.8324	15.6045	5.70696	11.1622	17.4424	13.2539	6.12086	3.50303	7.52057	3.60474	15.4631	17.1007	16.236	10.9374	12.1417	1.54211	10.6036	15.3885	11.8931	9.5055	14.1173	12.2278	14.7233	15.4414	14.086	12.5262	6.83385	3.57652	4.71288	4.00285	5.16657	7.36243	8.4617	7.9332	8.31556	4.08477	5.43451	4.97413	7.4697	13.6272	15.0364	8.81695	13.8066	26.6604	20.2974	22.3959	15.6944	1.46504	12.9062	3.42384	7.05507	2.97226	4.61741	4.42014	4.9012	4.86598	7.60524	13.5407	9.86031	5.56976	11.597	6.55301	9.24426	14.1818	3.91553	10.9117	13.6264	3.19715	7.64035	3.88593	3.73065	2.31556	7.60504	3.91528	4.38749	4.92783	1.37302	3.06319	7.63671	13.5391	18.8924	23.8825	25.8401	28.9889	31.5529	28.7872	17.3695	16.7934	20.6562	2.04321	7.12543	6.96826	3.88574	5.42647	9.5521	7.31437	19.8746	16.2128	15.2628	12.4349	19.6171	26.4438	27.191	43.2686	39.635	30.9515	14.2584	14.6333	6.24332	23.2275	18.8528	11.1804	19.4845	19.1507	7.053	14.0985	10.0381	8.17712	7.80384	5.54431	4.33465	7.00692	11.3763	9.32442	3.40701	0.761757	6.42109
12.8202	12.6764	6.82309	3.30329	3.77641	7.93221	11.7093	12.8762	8.2485	8.88886	13.4623	8.55499	7.19192	12.7186	6.2427	15.9676	4.99678	6.46478	11.1361	3.96634	14.3337	12.8681	7.88211	13.2252	4.43258	4.28066	5.50974	6.67933	8.58835	12.2452	23.5686	8.82101	23.0309	16.3766	16.2552	14.5383	11.1799	4.73394	9.35885	10.4796	5.80091	6.90153	4.00244	5.27598	2.97184	3.73415	8.01744	10.0581	18.9658	25.0262	3.73028	22.0559	21.1657	5.6663	9.77231	16.9394	11.5474	8.01744	8.32813	23.5141	21.6313	7.31523	5.92772	3.915	3.35554	1.60645	1.83376	3.73009	8.55496	13.2808	7.96968	10.6546	8.90343	4.86837	12.7751	11.0115	12.5256	7.63602	7.67643	11.9999	21.9631	9.12113	12.3508	10.8565	11.7562	9.46472	10.985	20.4465	27.1694	26.2336	11.9215	28.3145	25.7806	4.41959	17.8706	12.1936	4.80609	9.55272	4.22319	7.56728	7.60428	6.43594	6.49995	6.49136	10.9111	12.411	12.3417	12.4516	14.4723	14.5995	12.5092	9.58381	9.13982	7.87513	7.6102	14.0817	16.2113	15.0496	18.8331	0.96343	18.5321	11.5962	28.0317	22.662	7.45188	9.55272	13.8207	13.3133	3.61617	7.22392	15.1509	16.9338	11.057	9.55697	12.9187	4.80609	7.66535	4.38677	6.1316	17.4996	11.7608	15.5144	9.78284	11.308	9.39515	14.0454	13.1703	8.76347	8.39559	13.629	11.4947	17.9919	18.3099	6.63221	11.539	12.7825	5.50974	5.94231	8.62103	4.35412	5.7442	10.2995	6.64943	4.99944	7.65621	7.12467	9.88064	14.6744	9.86926	10.0607	13.3499	18.0966	27.3176	20.3153	25.562	13.378	2.89802	6.64722	7.14278	3.85577	2.72842	5.31676	9.30377	8.1347	5.1965	4.11611	10.4641	12.524	2.53046	12.4464	8.97824	3.23717	11.9453	8.69055	5.65341	16.5964	4.26028	5.85243	5.36234	5.84054	5.6435	4.09478	8.21202	4.01305	2.38919	2.69097	3.34245	9.21719	9.44226	7.00622	14.7827	16.5935	15.8837	21.4844	30.2928	26.9542	32.0137	30.5757	8.95506	10.0493	3.25053	10.3906	9.03004	10.818	9.54549	13.5451	6.8832	5.33272	7.5446	19.4305	25.8176	25.5214	39.7583	18.4541	33.6302	17.3678	18.7269	10.6543	19.1539	18.2434	13.9165	13.9165	18.2634	4.47143	12.7954	9.24314	5.62072	6.86876	6.4538	2.8931	7.11262	6.05676	6.38501	7.09495	6.95531	10.1156
5.74366	4.99605	6.28528	10.5492	10.6991	8.95899	16.5806	10.8289	7.70022	12.4228	7.70909	11.7489	5.70591	13.0364	5.52743	11.1387	10.1845	3.63996	12.8819	3.40205	14.3473	12.5596	10.9954	13.5924	10.2987	7.56101	8.8438	7.07799	3.58793	7.65037	23.6758	12.8927	12.1529	13.0959	7.57221	4.11209	6.90095	9.07897	7.35362	10.5958	5.77321	5.94183	3.96956	4.11201	1.07702	5.2754	6.82431	9.52288	22.3054	21.5493	18.621	25.3147	18.2094	7.22332	7.05412	15.7158	15.4082	15.1509	16.4493	23.0081	18.4816	5.86174	6.84086	1.02174	7.35362	11.0661	10.1304	6.67272	12.7775	18.5337	17.5456	18.0541	18.0264	8.82016	9.33712	18.1377	11.3313	10.5453	12.6367	15.9786	13.5012	10.7411	11.5291	16.3656	14.6534	12.5719	9.96935	22.6887	32.9808	25.7431	24.2331	33.6795	12.0002	17.2386	14.8322	4.5916	9.32211	3.96965	11.7692	9.98488	9.86806	6.22143	6.99939	7.61864	7.82421	9.59182	10.7765	10.7121	11.2745	11.1937	13.7959	10.4701	9.55816	10.3256	1.7363	6.70648	3.94406	11.4098	21.0066	5.97761	14.5001	17.585	21.4098	19.5552	2.77016	10.8792	14.3844	13.7608	14.7575	10.8532	11.8892	9.98462	11.1646	4.04139	13.8274	6.07482	6.78027	4.82975	9.80454	16.8632	13.385	12.4591	13.2479	6.05625	4.33379	15.8519	22.0042	19.0667	8.41032	7.63532	17.3237	22.8533	15.8115	8.89166	13.6006	17.3501	10.8289	20.2796	16.085	11.2828	5.2891	10.7117	12.4542	7.85095	5.45723	6.64916	15.3024	13.7854	6.98736	8.86895	14.0541	10.8283	17.5975	15.2292	17.3931	5.95877	4.57582	3.37649	1.87272	3.77586	3.40216	5.27293	8.61833	7.70933	6.96699	2.28377	6.54515	11.648	2.55293	9.5474	10.9664	2.23893	9.39401	11.2189	1.9411	14.1932	8.66384	3.25035	7.28584	5.19906	6.7889	5.19906	8.17522	4.48692	2.74396	5.96813	8.29365	10.4631	10.0969	7.28375	8.6724	11.8481	9.32121	8.99209	18.5619	22.7193	40.7996	40.746	8.24744	11.6481	4.89176	11.9064	9.37902	9.18138	5.47538	7.67033	9.77194	9.13295	7.3306	24.3822	21.2799	22.2748	29.6947	6.44681	29.321	17.44	19.7317	16.729	13.8003	16.3678	19.8559	15.1223	22.7942	11.6428	14.7099	10.0598	8.36985	4.4322	6.2763	7.69472	7.31481	3.23687	4.25003	6.60409	5.65076	10.8247
18.9026	16.4037	12.6743	6.01784	6.41927	8.63386	18.9385	8.35233	9.95611	7.2419	2.51277	8.16226	8.25728	9.46433	4.78437	7.12337	9.4569	8.32694	9.02026	6.55131	12.8184	9.74761	6.25496	14.9265	1.94093	3.12772	4.57217	9.24741	5.70561	9.47326	14.4467	16.8921	3.58762	10.5121	2.64171	4.33344	12.0842	6.45261	3.26774	6.12804	6.35032	8.72309	8.63361	4.724	5.86142	9.62677	14.1781	17.4439	21.5351	9.48663	21.2158	29.0642	22.2186	9.80327	17.0944	25.7096	25.072	21.7282	20.2232	19.8106	16.0047	8.31322	6.17456	3.83614	12.3301	13.2017	17.2842	20.6067	25.6134	28.3663	27.1662	25.4238	27.5569	23.3895	16.7427	24.4787	23.0262	20.4912	21.2627	16.9263	8.92062	15.8488	17.8026	20.3964	25.1993	26.5233	17.4178	18.3191	28.6755	26.6704	25.6003	25.2798	20.8344	25.479	22.3356	19.3812	16.1332	10.0812	6.98029	8.13292	11.2705	4.86473	0.538502	6.38603	7.82343	8.08633	9.78247	9.66773	11.2441	14.6903	14.8953	12.1602	10.6929	10.9455	10.8583	17.8545	23.5756	19.5647	15.0957	7.87162	3.40604	13.8965	14.0372	12.9445	2.83181	10.4741	17.1476	15.1031	5.6246	7.23589	8.48731	7.90041	14.9835	10.4744	8.81885	10.0851	10.7097	15.6131	18.116	13.2005	11.7873	9.0284	20.3101	25.0317	18.5876	10.1167	7.57135	16.2309	22.3765	14.9458	7.18666	21.9685	25.34	23.9173	24.5069	28.1484	25.2719	20.1496	15.7011	21.5735	5.95817	3.98348	15.2589	12.6813	9.07039	16.7716	15.4072	8.39946	4.83496	11.8706	13.2784	7.36035	10.0127	4.93774	8.23633	4.93804	4.83496	6.8069	3.74505	5.77277	5.43561	1.56963	5.85141	7.33151	2.89738	4.90296	7.76496	9.62831	10.0133	9.95176	11.4508	5.94124	9.71226	16.0637	13.6953	8.29282	8.49398	6.16535	5.28843	4.57558	7.12337	3.2498	6.80718	10.5679	10.0521	9.68623	10.7712	11.7714	11.9891	10.1798	7.91149	9.88025	10.7136	10.2344	10.6005	7.79262	40.1092	41.7436	19.5399	17.877	11.1789	12.5151	10.7041	12.8811	13.6707	7.76527	7.16519	11.5375	12.8645	28.2695	21.8736	23.4096	22.6983	12.1523	22.5219	18.4287	18.8328	18.3857	20.0472	21.3328	24.3566	20.8427	24.0869	10.7818	17.8823	10.9456	9.92479	7.8017	21.2066	27.6287	25.4077	26.2468	28.4403	23.8924	16.0468	6.12828
17.9102	15.0993	9.62606	2.64153	7.83888	8.99031	10.7507	12.0287	1.80949	5.99791	5.01541	3.87698	6.95537	2.31479	2.04942	4.20484	7.45184	9.91672	4.75973	4.83447	7.79502	9.07729	11.8702	8.49333	7.12447	3.58721	6.79803	8.258	2.57495	6.14872	6.64559	17.1773	3.50601	13.5541	5.10601	2.69037	9.43213	5.46644	2.72233	3.06682	2.43654	9.17956	13.4586	7.55006	8.97773	11.3595	22.7369	20.9126	12.2671	5.74227	15.4803	31.3235	30.2402	20.1858	19.8348	24.1795	20.7201	14.8233	11.631	13.2287	9.40414	2.7696	3.23622	7.76418	11.7896	10.5466	15.3277	25.2612	26.7741	20.2759	14.4291	8.55135	16.3176	23.6359	26.8094	29.1325	17.9553	10.0841	7.95345	4.62198	4.09373	15.0415	18.044	5.54221	11.4683	21.2131	22.0688	13.7701	13.0557	19.0214	5.3287	13.3776	12.3482	18.7265	15.0081	19.7782	16.4017	9.5913	5.74257	7.35187	12.4353	2.72764	5.31771	12.3016	16.9926	16.7912	17.0553	15.0423	14.6934	20.0772	19.3598	17.6693	15.6159	10.0054	9.18424	12.1697	15.3957	19.9035	13.5906	6.05504	10.0242	7.2823	7.98536	7.82968	8.72844	6.85656	10.8963	14.4675	9.71796	6.45617	6.63057	12.6356	19.4537	18.7165	5.64929	10.3761	12.053	19.2405	19.1688	12.6043	6.30198	19.6368	20.047	22.332	20.3021	3.95407	13.4425	14.6885	21.4938	23.0262	10.3521	6.63033	8.16883	14.8468	19.9913	20.4134	18.1054	1.14211	3.85467	15.6149	13.0152	1.23944	10.1008	22.1623	21.872	19.4707	8.13253	8.39306	7.51787	7.31316	11.9248	11.5405	9.91672	6.48925	1.68508	4.42158	5.44293	3.60716	5.54218	8.36803	4.8643	8.32611	10.7808	12.969	13.3584	1.22763	7.70755	7.49737	10.8778	11.0327	11.5882	11.826	13.2952	17.7613	17.641	10.2334	7.43845	4.00119	7.56464	5.06634	8.36783	7.87084	6.76669	10.965	10.247	4.0013	9.3831	12.7206	10.7895	8.56776	8.30072	10.0802	10.4879	10.4693	9.92133	7.953	35.6637	35.5267	15.7993	8.2102	13.1422	14.2971	2.5525	14.8753	20.6519	21.4741	17.2819	4.92867	10.6876	28.2692	23.7384	19.0214	17.4242	12.8653	18.0503	24.2594	15.9527	15.796	19.3718	30.7223	31.3584	21.7847	20.6978	7.23552	16.0932	11.4821	10.4611	13.1717	27.9735	31.3444	36.3786	37.3249	34.4464	30.3029	18.358	10.5742
4.92519	6.54995	12.0876	3.3543	12.6147	8.78562	4.90191	18.1719	5.02907	10.0345	4.13879	5.87949	1.94045	2.38831	4.09355	2.57478	7.16377	13.348	3.91356	8.84108	5.52611	6.01196	4.08286	5.27409	13.1743	10.1765	12.6585	6.43384	8.69746	7.9242	6.8973	18.3537	2.04225	14.0958	4.04024	2.21232	7.09188	9.22745	6.04009	2.31447	11.2158	13.5495	14.9771	10.6869	10.974	12.5652	25.1945	10.951	5.56715	6.91345	2.07744	24.2837	32.9357	35.0712	38.8853	32.043	10.6607	6.44477	7.6015	5.46599	5.04923	8.12141	6.29485	6.17333	10.2672	13.8226	16.9516	12.833	5.04321	5.94015	11.6169	12.3328	9.31859	3.02846	7.71787	8.20227	14.469	19.6797	16.3612	8.70869	5.64128	12.477	18.6018	12.367	10.6261	2.66299	11.8066	11.9335	13.6799	23.2384	20.6113	17.0662	4.08623	14.0076	14.2773	17.8794	14.1103	8.55714	5.4663	10.3869	14.2428	2.97573	5.56715	12.1056	4.63707	8.30004	3.87652	9.26851	8.34027	9.69416	4.25205	6.02378	3.92457	2.59148	5.2739	12.2067	12.5042	3.17739	8.95652	6.47807	8.6614	5.77896	3.82032	6.61279	9.17137	2.64122	11.2793	12.9003	9.28369	12.1681	13.8235	10.4021	7.17753	20.0874	12.697	3.67833	13.3827	17.055	12.4416	15.8049	5.55978	22.6977	17.2987	5.64128	24.7896	5.74173	23.4281	18.7356	13.342	20.6496	7.79999	8.39451	8.23516	5.66422	9.43141	14.2877	22.0072	19.4564	22.3845	16.5267	9.87789	7.31096	12.4555	14.19	12.7149	4.82838	12.6103	11.4346	1.52245	4.69851	12.3718	12.8752	4.46969	10.7181	10.0239	6.16678	6.5935	7.43798	8.41293	11.8494	13.8245	13.0874	8.51082	6.77835	9.95938	10.057	4.29926	2.91188	9.35583	10.0212	9.46285	9.61483	4.76839	5.19472	13.3248	6.98533	10.414	7.60361	3.58695	11.359	14.1314	7.84887	6.70458	4.13544	7.74886	1.37245	9.61468	16.052	8.97667	5.69194	5.83092	4.89921	4.8105	7.235	11.6571	15.1352	34.2913	32.6014	0.963009	2.52953	15.6975	16.4571	13.0231	7.97931	4.6369	12.0944	19.5381	19.2137	21.8039	32.1643	24.5045	14.0805	15.3945	16.7714	17.543	27.5823	14.1759	19.4491	17.78	25.1822	15.1001	8.6065	9.97745	6.25381	11.1468	14.9952	15.1946	12.6462	32.2854	29.4577	26.9108	17.5004	12.4463	32.8721	26.476	14.3503
2.59135	7.1313	13.9754	1.23921	13.2432	7.1848	12.405	12.9941	7.07529	4.20728	1.90272	3.75541	4.09313	4.13854	6.96432	10.9806	9.73243	4.00046	8.4705	8.29029	3.13602	2.97056	4.22094	5.18293	11.5003	6.76513	12.7926	8.1721	8.81199	11.4482	8.24984	20.7129	7.20041	13.9229	10.0225	3.38816	6.10783	8.01339	6.20959	1.90269	15.6365	10.3911	11.4955	7.8694	6.29436	14.5167	20.4824	7.28854	7.92313	1.03544	7.37569	8.94161	28.7142	39.1038	51.1655	42.8358	9.49696	5.61032	5.32747	5.15545	10.0451	8.84056	7.44841	6.91092	9.21903	14.829	15.3544	10.6143	10.9125	9.24523	8.61527	9.1003	8.96347	4.29865	6.30757	6.85307	10.4075	4.34214	8.14437	9.18245	2.38202	10.3739	14.3867	7.37584	7.51822	14.9552	11.635	16.7852	23.4755	26.0275	17.8639	26.629	16.5454	17.4336	24.1083	24.3972	19.8108	18.0369	18.0082	13.9781	10.6427	2.28277	2.97044	11.0565	12.2056	5.27338	12.1438	8.61488	8.8545	10.9144	8.75884	5.97555	7.40444	4.19702	3.84622	9.26742	14.0641	4.93634	4.95086	0.510713	4.45954	6.54735	9.33531	10.5918	3.5744	6.14494	9.90927	9.87692	4.02931	8.99182	11.0731	7.61573	9.58756	17.6024	15.5752	9.24482	14.9015	9.61403	2.74295	11.0725	7.62314	18.8088	18.152	5.06565	26.5428	5.20802	30.8071	14.208	18.1965	17.0067	8.35168	9.26798	8.88814	9.45457	7.12135	16.6877	24.0353	22.1642	16.006	14.8417	11.6913	17.5184	12.9133	8.29064	6.76545	7.44256	15.0879	7.35062	2.72183	13.2467	15.9727	5.18293	4.8634	4.99419	4.48841	3.88371	6.25348	6.95207	8.5662	11.1821	11.875	6.52111	13.1317	5.8789	4.63669	9.81362	6.79672	6.86109	9.8091	6.44433	5.30351	5.70116	4.22094	3.26681	12.6134	7.55615	4.24818	8.72671	7.87132	10.0493	11.6913	9.46062	8.16206	2.28289	6.52086	5.41574	7.35062	17.193	13.2423	8.17943	4.5743	2.28289	5.90105	8.29073	10.5923	14.8206	36.6289	35.5262	10.2425	7.75039	12.1203	13.6589	11.3373	6.45502	12.6446	8.06831	3.87607	15.3819	31.0902	39.2367	26.083	16.4056	15.1647	12.2396	17.984	23.7919	17.8547	18.4816	12.2926	14.8202	19.4112	3.44292	2.05611	10.231	11.9175	16.9258	17.1436	10.2464	30.0898	28.202	6.4332	19.3822	31.2484	35.8116	22.9595	7.18893
3.50482	9.95179	10.3727	4.95936	11.9615	4.85704	11.9386	4.57357	7.5625	1.77666	1.9025	1.54109	2.85119	7.83655	5.90779	1.3721	4.33178	4.78253	1.03531	3.94207	6.06721	2.36966	7.49525	5.06523	6.29139	7.89775	6.45435	9.68241	7.97031	6.20936	8.58334	18.2291	18.5607	4.14859	15.6509	7.80549	1.71022	8.60153	10.1584	5.24289	15.3049	6.95297	12.1129	17.2332	13.3228	18.4289	17.4318	2.04898	4.25122	5.61724	6.97543	6.62845	11.2141	36.1727	54.8782	41.982	4.19682	24.9213	41.7509	43.0269	28.8246	16.9089	20.4006	19.9986	13.1917	20.7137	24.7715	20.9109	16.6111	12.7283	9.72872	9.45968	17.344	19.6728	21.2054	23.0188	24.23	20.0105	2.57426	10.7477	2.36955	14.1989	17.3439	10.4	11.1101	25.6052	27.362	33.5877	29.2646	17.765	6.17216	32.3937	24.3313	10.8327	12.5175	12.2048	15.2368	16.8838	15.5746	14.3192	10.2441	6.94511	3.12652	7.12246	12.9856	9.3536	11.4515	15.5634	12.2982	14.0896	13.7892	8.44961	10.6417	7.41885	7.41888	15.7346	17.0629	8.36939	7.49302	2.47693	8.16653	14.5915	18.3348	18.2834	1.22728	8.13326	5.76792	9.69224	2.89637	6.98387	7.4421	9.7726	7.41885	12.2377	18.2236	18.2522	17.876	14.9784	11.5652	2.0489	11.7638	22.1737	21.2291	12.38	29.2265	10.9616	27.39	16.308	18.3204	7.34441	17.8992	18.9196	21.9098	24.1856	19.2175	7.97031	23.9438	28.4024	22.9137	27.4898	18.6776	8.28979	10.2736	19.6684	21.6285	22.59	19.4566	13.9833	17.6787	18.8604	12.1432	5.93654	4.10652	7.60181	4.78248	7.16245	9.14848	9.22166	2.17896	4.63622	9.49488	12.649	6.82926	7.65219	5.5664	8.21596	8.01963	6.66286	12.1866	8.44919	6.03927	2.68957	5.80764	5.45451	6.777	11.9144	10.7482	14.6303	13.8765	10.9114	10.3907	8.05527	3.24868	7.87053	5.76824	4.75822	5.96524	13.2419	16.1943	5.99617	4.49774	3.77426	5.11853	3.10324	9.00474	14.3475	35.575	31.0938	2.43575	10.4977	16.4186	14.9218	13.4676	10.6485	9.64466	4.38428	9.87511	16.6097	30.8634	38.8396	26.1212	5.44139	3.94207	6.21842	18.7132	20.7198	14.1497	8.63361	17.8413	11.1104	22.6837	14.6962	6.38343	17.8932	13.5667	13.737	18.5928	15.5307	12.8951	39.3611	40.4756	38.3374	36.7551	29.1676	16.2461	10.5442
8.50381	16.104	4.80914	6.25204	8.52322	1.03523	13.5334	4.93543	9.6004	3.853	1.2961	3.12625	7.16174	6.45384	6.61092	9.05847	6.32931	6.16247	9.2919	8.39215	10.1942	7.76321	2.43561	5.99571	1.90234	7.94852	9.77796	8.83595	5.49586	4.10975	7.61618	12.4028	18.2629	15.1723	16.7086	19.7721	11.4221	10.8572	8.79595	10.6121	15.1376	5.22909	9.28135	13.8466	15.3901	30.1389	18.9189	12.0027	7.18575	3.50455	6.59991	10.2433	40.9392	50.783	48.7357	20.8213	27.6534	45.5613	49.4862	45.6149	39.916	17.2662	23.2379	23.1555	15.581	27.7455	29.4435	23.5428	22.0008	18.511	19.0174	20.0607	25.028	24.674	17.9395	10.32	6.52187	20.6136	6.80373	12.2355	12.2757	16.9882	13.5286	6.74528	9.94286	28.7579	29.0886	21.2356	17.9096	9.07339	29.2249	35.3982	15.4382	4.97029	6.85168	8.01725	8.01192	3.40447	3.30134	2.52881	4.48784	5.79739	8.32307	8.61523	8.98964	9.68138	4.10982	12.6427	11.1406	14.6949	13.3779	6.86025	13.0293	7.9503	15.2895	15.1622	11.4131	3.77394	11.1043	8.94927	9.84406	6.54153	20.2634	23.1364	2.78937	9.54205	3.22604	8.48338	6.11585	2.96998	3.9235	6.53928	3.67705	7.60487	11.9207	17.9491	20.0976	15.194	13.2168	11.0605	17.1216	21.0651	18.1216	9.18899	26.0489	17.9931	10.259	12.659	3.50449	19.3283	18.9971	21.0095	27.023	29.9777	27.7924	17.5381	10.3161	28.3853	29.2698	16.9236	2.78955	17.3249	24.8687	23.6461	23.3173	25.3784	22.2247	16.5161	16.2328	7.40326	0.17021	5.06447	8.8386	6.8643	8.62993	7.83566	7.96452	7.82117	12.047	13.0476	14.3579	10.0211	5.32936	5.93844	5.63991	9.058	9.21125	2.31378	9.64711	18.2691	5.59642	6.96259	5.5966	13.0941	14.4291	13.6904	10.6643	17.8661	16.8649	12.5524	7.05821	5.7401	8.36498	13.9387	12.0476	14.695	11.5364	10.8731	13.9518	11.4106	3.8793	4.44604	2.21818	7.98194	9.12736	13.585	35.5116	32.2123	17.2661	15.4538	11.2653	1.46384	3.37479	6.71363	10.0433	15.1272	10.9641	9.86253	21.0935	34.512	33.6426	25.2121	18.7832	7.6607	10.4971	19.1223	15.317	19.2349	13.1293	8.6137	13.084	14.0149	12.767	17.8597	13.4976	9.66326	14.2423	14.9271	26.3024	35.9601	44.8662	37.1905	25.1801	19.6158	8.64124	8.1154
6.54549	7.7148	6.78007	10.2918	5.77695	4.35056	10.1395	7.39273	8.758	4.99568	4.113	4.82928	7.72216	6.3284	5.27188	3.81887	6.59929	10.4679	2.1042	3.13513	6.97634	12.6891	3.40412	6.89428	3.44194	10.1779	4.33095	3.95222	5.09516	5.83579	4.0917	6.35304	18.05	21.7945	5.63934	18.4127	12.6898	2.13148	8.80616	5.90632	14.4859	5.47721	2.64029	4.92638	3.75434	31.1631	23.0429	12.5638	8.52223	4.20287	5.36608	17.4485	39.4368	26.5675	40.3833	29.4505	35.2473	37.3677	26.2792	32.1992	41.8468	15.5188	19.506	21.8228	9.23647	22.9451	22.1437	8.26066	11.4495	5.01306	8.34225	8.61296	17.423	10.3281	5.27188	0.680742	7.86896	19.2331	7.65982	12.9112	11.7412	13.8536	14.5811	12.4416	23.0553	29.9743	26.5529	6.74632	13.0623	25.3962	37.0369	24.1244	8.99087	7.11954	6.29244	8.11783	6.59929	7.17508	8.48459	6.4423	3.41681	2.04846	3.46709	0.380549	7.32737	10.3281	10.3186	3.7428	4.24718	11.0482	8.14208	1.54079	11.8815	11.0001	18.2594	13.452	10.1069	4.49691	7.11339	12.45	20.0292	20.604	21.7094	20.7624	2.6891	10.6464	9.07297	9.97544	11.2413	6.82827	4.48395	4.73625	1.90207	7.18459	6.49502	9.36848	16.186	10.1179	10.6527	19.0283	20.8037	14.1813	10.6099	4.96979	17.125	21.8648	13.7803	15.1393	23.1596	20.8647	10.9776	14.1262	15.6086	13.0459	21.0573	22.0984	9.54988	5.27206	11.5529	15.5308	16.0055	17.7895	21.0575	11.2116	4.90002	8.3774	2.74217	3.83406	10.9782	2.90584	4.92636	7.47109	9.8149	1.37184	8.14208	8.71622	5.91601	11.864	13.0456	6.82804	6.07783	3.87516	6.00965	10.6465	8.15991	5.43253	12.6355	7.96026	4.53192	15.8713	10.9179	4.03869	6.82815	6.2513	11.1134	7.3489	12.6291	17.7933	6.96842	4.80565	7.94041	11.9741	8.80927	13.028	8.64038	15.1967	21.7181	20.8872	16.0625	10.7291	4.66309	5.88004	4.78469	10.734	12.1404	11.377	34.6808	31.5053	10.6012	13.1698	17.4941	27.5799	28.5991	20.5569	12.3937	18.8032	14.364	9.725	11.2751	24.6465	24.1089	14.3938	15.8402	12.9239	6.51025	10.1549	20.8852	24.6239	20.9408	14.1406	2.40551	18.8181	17.6282	16.6755	21.4105	8.12864	14.0716	26.0371	37.3693	22.984	16.7867	18.496	5.03875	14.6679	9.33857	7.4175
4.99252	6.77959	9.11804	12.29	4.82604	7.17407	7.72911	8.54165	6.12639	5.42154	8.97126	5.40045	6.82747	8.36016	4.28717	1.87127	6.64379	6.77508	5.53906	5.17015	5.3656	10.2744	5.15347	2.36289	8.36016	5.7015	2.21779	9.27901	7.07053	7.88249	8.81313	9.16711	14.2126	19.9314	8.17797	2.88545	9.37357	11.5341	5.66136	4.80785	11.4108	3.84474	3.649	6.77551	9.74175	29.9337	22.0536	3.20743	8.97237	8.09488	8.03678	15.6578	36.1811	40.5959	49.0773	44.094	24.7421	27.7281	22.7929	26.273	39.0348	27.8774	25.7694	30.2472	14.7774	18.2156	20.7183	14.8663	9.0562	5.16176	11.643	9.61055	10.257	6.91046	11.2073	6.02073	9.24786	22.015	14.4377	7.6033	9.33762	12.1111	15.4503	18.7988	29.7277	24.6039	17.4765	5.95394	11.3529	29.7062	39.6783	18.9609	9.08297	13.0492	9.13212	3.12545	6.16343	5.22804	9.92985	4.40939	2.07629	4.56912	0.867655	3.58508	4.82572	8.9894	12.2997	3.44159	4.42884	6.53797	8.88155	8.29583	2.55104	10.7337	17.5224	13.3181	13.8797	10.3704	7.02447	6.95144	12.9827	18.111	19.2226	14.503	5.38981	8.50203	11.0862	10.4989	9.28376	12.1392	11.056	8.90849	10.6859	13.1479	9.97318	11.8019	16.2069	7.78177	9.75279	23.5412	24.7309	13.8283	3.99891	6.21875	4.80208	17.6312	18.2934	13.5259	21.0166	13.0943	9.31565	12.5582	3.7424	18.4413	25.7309	15.3736	10.1714	4.89683	15.3145	17.0481	8.36311	14.307	18.6013	8.05965	2.9351	7.21733	4.48347	4.61301	10.4934	6.16135	5.75892	9.78272	7.02447	4.757	7.4912	12.089	5.58015	11.5341	12.0889	12.5593	12.5967	7.30722	9.79738	8.01955	2.43512	3.58521	12.5394	2.65625	6.11231	11.5435	7.02423	6.72498	6.14523	11.7982	9.27901	8.18324	14.8106	18.3021	3.28313	2.65642	7.82515	15.8988	12.5851	12.5796	13.367	1.36116	17.1565	30.1236	22.7757	7.51535	6.16343	5.55709	7.44557	15.8788	21.6318	18.9268	22.628	26.9926	33.8903	34.6523	29.0183	20.6815	14.8362	17.4139	20.2407	21.9361	15.3191	9.56807	9.06391	23.402	22.774	11.5007	12.3999	12.9232	20.2481	5.7015	18.0821	17.3681	19.0072	19.6274	15.2706	17.2264	30.2657	31.0465	30.6161	8.65403	24.3133	34.4282	33.6965	18.0402	10.5374	18.4552	13.1161	11.5378	9.06391	8.03143
12.3756	10.69	9.11269	7.41617	1.56837	5.61546	8.36634	6.8355	5.85702	7.20706	3.10217	4.45739	1.73477	4.41872	6.32724	4.45745	9.11269	2.8903	6.86236	9.33725	3.74222	5.28467	7.59721	8.39265	4.94866	2.10388	2.07625	11.5711	9.50184	16.6735	16.1966	7.6937	6.44092	14.5198	9.42648	11.3127	12.6618	7.50918	4.5721	9.94428	13.8423	6.07707	11.9348	15.7356	11.2285	32.5865	26.1765	5.93417	4.61269	9.49117	21.2222	23.5505	31.1197	22.7198	29.5805	43.1902	20.7647	30.8624	24.0413	21.8998	29.6884	16.0394	15.6572	32.3451	26.8538	12.1507	18.0301	16.3905	4.71738	4.80777	7.60273	5.76859	12.2329	13.3656	9.84193	13.3267	10.2237	12.6526	19.843	12.4358	16.7742	20.5168	21.4621	15.8746	30.7569	22.0647	4.59705	7.6698	20.9118	30.2627	30.2862	24.4082	14.3244	11.8842	15.2702	13.309	6.18625	4.93406	8.67123	8.38816	8.13065	9.16636	8.24601	9.65907	9.05593	9.30102	12.8091	8.85693	7.34725	3.90766	8.14082	10.5869	10.6897	15.2313	15.9299	6.65631	2.26903	3.43715	3.57291	7.23085	7.45279	7.26804	3.06473	4.76563	5.76613	5.87896	8.2866	6.57875	5.09408	14.4309	15.7125	8.74394	7.86752	9.57446	9.10052	10.9274	13.8239	11.4606	17.4255	26.7689	23.3695	8.35946	6.82679	5.7683	7.18327	11.0105	22.3617	15.8454	21.9602	8.00986	3.91146	3.50352	11.8104	21.4067	20.7792	4.92239	7.38784	13.6991	24.342	21.6076	11.5194	14.7274	16.7459	4.48309	0.70155	5.97276	7.30683	2.38695	6.47397	5.39173	5.20537	12.0197	6.21847	8.12191	4.89642	2.40502	9.42662	13.0851	9.72502	7.49028	14.0539	10.7848	3.81817	0.701572	3.12076	9.28303	10.4663	5.22736	4.25976	7.46181	3.24748	3.96626	10.0487	16.3425	14.9799	13.5967	14.0403	12.9811	5.19177	6.12385	8.03126	14.895	17.9377	15.2894	14.1523	7.01553	7.55974	27.5805	26.5648	10.172	10.1309	8.54706	10.3772	22.9413	25.3886	11.7263	8.61139	28.9692	31.2671	26.1966	16.4846	11.636	23.7888	15.9735	13.5189	21.0594	18.5848	12.9856	12.162	20.6198	27.8499	31.585	33.2061	27.6154	28.1022	20.3351	22.2881	21.8995	18.7905	12.7963	22.3049	17.42	29.5689	46.1985	51.3812	44.7758	41.0795	41.4273	27.9567	13.4311	6.58977	15.7559	16.2285	11.7268	11.5145	9.49578
8.75448	12.9552	8.98205	1.60468	5.73826	5.93377	0.760846	2.52783	2.74149	3.16177	9.76277	9.18083	6.48693	5.91466	6.24964	6.5084	5.55583	8.67037	6.99264	6.07643	9.08551	1.22671	10.014	8.0142	6.6256	3.12045	4.86045	15.3351	10.5917	10.8885	5.31391	3.57236	2.74661	10.9562	6.21528	7.55162	8.96796	9.67113	6.60839	7.08962	19.0133	12.7704	11.9243	5.84671	8.91107	37.0538	24.8376	11.8134	8.67826	26.9195	23.7199	11.1251	15.7564	7.4216	21.1618	37.066	13.8426	24.7263	11.6372	20.3073	22.1779	4.16386	9.44318	19.2371	28.4543	0.867495	15.4463	19.2185	15.136	6.81806	11.067	17.8522	16.5124	11.2909	6.97257	11.2528	16.3287	0.867495	16.3009	10.5917	15.187	14.6341	12.6256	8.12604	26.3809	25.164	19.2536	9.26222	21.0905	28.8594	24.517	30.5149	28.4986	8.68164	3.26495	6.39409	11.896	11.4418	13.5258	11.7584	13.6986	10.1304	9.65811	13.0148	12.6682	8.2383	10.5388	10.6795	9.45497	11.0565	12.4961	17.3361	17.1745	16.2269	7.1116	3.37327	6.51742	6.96038	5.59691	3.66785	1.52151	5.68545	8.35863	10.9569	11.1364	11.2286	15.8076	14.5183	8.83258	6.95992	12.2591	13.5656	15.3355	16.9464	12.2309	10.9866	18.4948	19.9895	23.499	23.0407	13.7876	4.14638	11.2267	3.84403	12.241	7.83303	19.1726	20.2989	14.9669	2.1778	3.1935	8.29432	16.0699	10.13	14.8212	13.9312	18.6414	27.2169	34.2122	28.6748	20.8666	6.84919	15.2335	8.5611	2.63954	5.53802	4.10481	2.58974	2.13087	5.9434	3.07851	11.8952	6.3602	7.06311	6.10437	10.3684	15.1562	16.0589	12.5	5.43115	9.57787	11.7489	13.9474	10.5168	6.67244	10.6083	5.61988	5.93618	7.32366	5.47048	2.90501	3.24724	11.228	13.834	11.4929	6.24982	4.6369	6.95992	4.56199	5.43098	8.48071	11.2722	16.0889	19.8686	12.6887	5.32444	3.75322	25.2883	25.2287	9.75094	12.4949	16.0418	10.4479	28.7641	23.8419	11.0266	21.9659	23.0212	18.8875	24.1079	19.7042	21.4331	15.533	11.7445	23.2697	29.3616	27.0225	19.465	15.3463	13.5806	22.841	26.3887	24.0146	20.4021	23.2639	16.0298	29.821	32.1804	32.2442	31.777	36.6884	33.1802	27.0265	34.887	46.7342	46.179	41.0677	36.5692	18.5205	9.62022	9.56055	11.4212	14.2646	3.35205	11.7193	8.12984