8.10776	5.71038	5.49336	7.25099	7.38104	6.21392	8.9855	2.7399	9.88459	15.1241	7.81433	0	8.64172	9.21957	7.70238	10.7464	9.14634	4.96649	2.09835	5.52829	6.6524	11.8989	9.77214	4.7923	5.81039	4.96649	1.09488	2.5057	2.17415	2.70423	1.70726	0.402515	1.20739	7.80007	11.6466	5.97297	4.66325	8.44676	3.54604	8.4354	12.5254	8.48932	0.917822	3.42099	8.20258	8.70876	6.02889	7.61338	3.14075	1.94648	4.31963	13.9917	23.7822	3.34462	11.2524	11.8991	10.3368	9.30929	8.20456	3.30583	8.09608	8.37736	2.96622	2.99328	3.97837	2.40035	3.77907	6.9148	2.34581	1.65919	4.49131	8.28132	9.48233	3.92553	6.85711	5.82128	8.78595	21.7617	22.8678	15.9556	4.5054	2.27582	0.900033	10.3723	19.4332	14.5177	4.7552	2.16667	6.5242	12.719	11.462	2.99328	6.669	4.07428	6.89412	13.9006	21.1803	14.6523	4.17974	10.9187	13.5477	7.25544	9.46711	2.61922	17.3266	12.8898	12.0627	13.2278	12.5027	5.56298	0.72003	0.509138	0.540035	0.91784	7.61335	21.2814	14.7171	17.354	7.52768	4.01861	1.43983	5.87593	6.63309	9.16514	11.6799	11.3507	8.24122	7.17199	5.14406	1.37073	2.01187	3.43508	1.91294	2.61922	1.83517	1.13839	0.900033	3.28138	3.24192	3.5687	4.931	6.45566	12.3654	8.578	7.70238	9.65005	9.10152	6.84549	18.1517	11.8886	1.15248	6.99484	10.0177	10.5428	1.98754	1.20739	10.677	12.551	8.37777	8.71062	18.0955	12.3407	2.65607	10.3723	1.15254	15.3979	14.773	17.7696	8.69977	19.8286	27.8182	17.5479	4.3751	1.07997	6.41342	5.04025	3.79193	8.67257	13.6173	3.45846	3.24192	5.03073	7.00624	9.33584	9.97387	0	8.15432	6.12867	4.34189	5.17821	4.34189	0.742196	13.4395	19.2597	13.2715	7.7516	12.3425	12.9193	14.4361	15.2141	13.3774	16.606	12.1328	3.61788	4.83214	5.33666	2.57576	4.63567	5.94367	9.11871	6.42611	9.30561	7.87285	7.873	6.49259	3.25675	2.4137	4.21022	7.62994	6.13382	1.61972	5.46732	8.73075	19.597	21.5871	5.45854	15.9418	10.1055	6.41836	14.9682	13.0103	10.2023	15.6459	13.1051	12.2629	20.086	16.3168	15.4592	7.91875	5.74388	10.8494	18.0457	17.3185	7.52792	6.12888	5.49053	3.3925	1.01819	0	0	2.4137	1.69782	1.62969	0.763681	3.70592	5.63144
8.60449	5.63094	3.45343	6.38295	5.96198	9.97951	5.17775	5.91626	14.0568	12.2094	3.07285	1.45087	11.2841	10.8041	8.40123	9.30828	5.18091	0.742112	5.4579	6.19034	6.01247	11.3357	8.94271	4.22907	4.70047	2.57543	2.16645	5.39598	3.8213	4.14831	2.25419	1.29781	3.61319	7.84589	9.96052	3.92507	5.14055	6.9669	2.72188	10.7107	12.6425	6.85881	2.19617	2.79212	7.76689	8.52373	7.13575	7.75067	2.49912	2.54399	3.49062	15.8743	22.524	6.82197	15.117	11.8878	7.27025	7.7077	8.78518	5.5278	10.3355	10.3235	1.65911	5.4783	3.66626	1.2598	5.08403	7.59601	1.04948	4.75478	5.43152	6.8914	3.31543	5.74345	8.83873	0.402496	16.1782	24.4184	20.4741	10.5301	1.45087	2.09816	0.359997	10.5697	21.0478	15.6807	2.89997	3.3922	8.00724	14.7447	11.1304	0.569203	5.85633	7.79332	3.5682	19.7496	19.5805	6.99413	7.51232	14.8994	11.6364	5.35424	10.7453	9.34704	20.8521	7.6501	2.74556	3.18638	3.80847	1.65908	7.35915	14.5702	18.5625	15.8447	13.2628	24.1559	7.90217	16.7171	9.47962	4.60393	3.58176	5.10925	5.21809	13.299	8.03109	9.32008	6.66852	6.85655	7.80957	3.06238	0.74213	2.44673	0.402479	1.60952	1.80838	1.2598	0.359997	1.52696	0.402479	0.91774	0.539987	5.58243	9.803	5.74345	7.19111	10.8952	10.4785	8.96555	17.5528	9.58591	3.63538	8.47192	7.85391	12.5061	2.57543	2.01166	7.76082	7.906	2.16641	11.9478	16.6938	10.5711	1.77227	10.328	2.9768	16.46	10.8582	14.1121	16.005	21.9068	26.9403	14.8169	5.39907	4.83197	7.30274	3.14039	2.74543	9.6022	12.8412	4.31938	4.70062	6.60871	8.64311	11.0569	8.47192	0	8.04651	5.9859	5.94309	4.13663	3.58176	1.79946	14.6102	17.8542	8.95498	4.88481	6.10735	8.15392	12.5247	10.5643	11.4294	11.0234	5.77667	5.58834	3.97802	6.96914	7.92034	11.7977	13.4334	10.6979	4.01838	14.3797	7.72414	0.89993	5.2334	12.2423	16.422	16.0895	14.02	9.92809	7.52726	7.55242	7.27025	16.978	22.3074	11.6738	13.787	8.58278	15.5488	11.7973	1.79946	8.915	10.4	8.82082	5.78508	20.0972	6.21595	15.9651	11.1552	1.60952	5.33642	15.3976	17.6428	8.30901	7.69346	7.76692	4.03822	1.48401	1.13829	0.96926	4.31925	4.43688	4.9305	2.05142	3.63975	8.88643
9.25156	4.79125	6.24376	3.09359	8.76659	8.88057	4.19027	11.7337	14.6172	8.23945	0.179981	4.8479	14.2377	14.0777	7.89547	5.00731	2.16622	4.66234	6.63197	6.10671	9.30401	13.7553	9.98311	4.7409	1.70698	2.05128	7.00494	9.2112	6.35754	6.58853	2.54363	3.2808	4.68291	6.29434	7.65743	1.79923	7.44379	7.17057	5.21729	12.9338	9.49823	6.52322	7.60809	6.02534	9.82117	11.9314	10.1575	7.02079	3.43452	4.10123	2.10572	15.4007	16.491	16.9973	20.2557	14.8796	9.33783	10.6184	9.47869	8.44513	13.337	10.9491	4.54724	8.17026	4.27027	1.98717	5.45722	5.44848	6.02797	7.64944	7.26948	8.81482	7.39257	11.4371	3.87929	12.4074	26.5778	24.9585	15.5131	5.91548	0.969156	4.14796	7.45038	7.34746	19.6721	17.4754	7.00508	8.14147	14.1739	17.6219	6.95494	3.20106	2.97649	7.94304	3.95331	21.5475	14.3211	6.21304	17.5987	19.0256	10.3213	4.70003	8.57658	16.0443	15.2812	2.65544	2.03535	3.06205	0.359959	11.8904	22.4398	26.7765	23.7674	21.8638	17.2362	23.7305	5.94252	12.4378	8.75775	8.04784	9.69331	2.74513	14.3016	14.9113	9.88471	10.7098	9.11722	10.5837	13.95	9.81649	1.80818	2.0512	1.31008	0.569142	2.18853	2.27537	0.648889	1.20715	0.899857	1.25967	1.09464	5.08035	7.58278	6.89056	7.03647	9.84181	13.248	17.3776	17.4398	6.6679	4.38522	5.63327	9.49349	8.86424	4.53316	7.54329	5.39545	4.54374	7.7439	16.3425	13.5307	8.62002	4.4473	8.95405	4.82455	14.1536	8.69108	15.556	22.2785	24.4605	23.8978	11.7454	8.80955	11.9203	10.1868	4.17893	4.68301	14.7353	13.1598	6.33496	5.72076	7.13081	9.25203	8.75775	3.95737	0.719889	5.58757	3.7052	2.67372	9.46579	10.9086	9.52497	14.9496	12.8162	6.35232	4.71377	10.5366	14.4508	12.3831	8.08518	7.34766	4.0737	4.52244	8.79354	8.47514	10.513	7.52426	3.56801	1.54785	7.45891	14.938	11.9891	2.34535	14.9093	20.003	22.7165	25.8431	25.1122	18.3993	10.1256	8.6277	9.86572	11.7822	15.1527	8.18747	11.5922	6.8096	5.74284	9.75755	2.69773	2.16618	3.63936	6.45439	9.629	5.72046	11.8179	10.9538	17.6679	7.02072	4.31879	4.579	15.1727	15.8092	8.60377	9.36409	7.97475	3.05678	3.84609	3.94525	5.63058	6.60802	2.90525	4.4615	3.09343	8.69809	11.6997
8.42006	6.41188	2.84322	7.61124	8.03516	4.50423	13.7541	15.0281	8.58109	1.07967	4.1938	6.31408	12.7619	10.1747	7.21644	9.83966	9.71222	8.63969	7.30368	8.95347	13.6139	12.5911	5.23229	1.37029	4.40327	4.50075	7.37901	5.39785	5.17674	6.33664	3.63919	3.81204	3.4341	4.8175	6.24288	2.16603	8.72255	2.36571	8.33546	11.1984	6.35176	3.79093	3.84575	6.4243	12.2397	13.3282	8.96922	4.74388	3.43421	2.49864	5.49181	10.6725	11.4366	17.5503	14.3172	7.10793	5.21692	9.45128	7.49389	7.90448	12.1382	11.4753	11.0941	6.52262	0.917579	2.8431	3.63906	5.38321	6.4243	3.75247	4.8175	8.0057	9.44315	14.7822	12.6922	23.1762	27.8854	16.9524	8.2292	1.09455	8.60309	15.4903	20.0773	16.2161	4.88366	22.1029	20.0487	15.7539	18.1185	12.2484	2.88264	3.59906	6.0248	6.49076	8.01352	16.5176	14.7263	16.732	20.8747	14.6405	8.15244	7.12795	10.6758	8.20054	1.60927	6.36453	6.35176	2.70346	10.1505	21.5256	21.7626	10.8466	7.85639	12.4501	11.6277	11.0615	13.3112	5.74242	1.69734	11.8156	10.9706	11.5124	18.4063	8.64145	4.52204	9.11616	4.74029	2.39967	10.2173	11.4428	3.21587	1.70683	2.27525	2.52431	1.83469	2.57493	0.569074	0.539881	0.648864	0.179965	2.88263	3.01395	3.95704	8.86354	6.33414	6.1687	12.525	16.1918	12.1737	5.93671	6.26101	10.9936	11.9243	2.92711	7.93667	6.72444	3.95693	4.14763	10.9537	19.6558	10.9481	4.10068	6.23548	4.3703	6.77121	8.82089	4.97814	7.09428	6.33693	14.3253	13.4628	6.57825	9.92584	10.2359	9.21723	6.66731	11.7236	15.125	7.69404	1.87825	0.4024	1.07967	0.741967	0.969035	0.648864	1.98698	3.09316	4.68237	14.9236	18.3487	20.0369	17.8669	16.5663	3.13988	9.01988	10.1996	8.75685	6.24288	6.51536	8.09423	5.39802	1.79902	6.75947	4.34066	2.69742	4.48981	7.97447	14.7013	16.5104	12.9157	2.22491	13.3692	25.4525	26.3342	19.9568	16.8076	14.9733	11.4808	13.2092	14.1815	14.8486	13.1416	7.13019	6.28378	5.1426	3.18073	4.40318	8.61943	10.1643	8.47439	15.2544	22.1866	15.7901	2.65532	5.28096	12.2872	14.8176	6.78084	3.79093	5.7424	1.79902	16.597	15.7115	12.9248	12.3289	4.1938	3.80785	5.60451	7.10793	10.0893	5.93941	5.10825	3.70496	3.45758	14.8381	11.8894
4.79035	4.26932	9.18369	8.48811	2.44599	9.17355	16.3495	10.9148	2.44612	2.011	4.43537	5.52607	9.00287	7.00365	8.09348	7.45759	5.93888	4.8339	5.91456	10.0309	11.7484	6.23465	0.179948	4.41724	4.22772	1.40521	5.70816	3.30455	4.92885	3.61647	2.79138	2.01108	3.01364	4.50366	4.06478	4.09638	8.03432	1.79883	9.20743	7.46558	5.21625	3.31433	2.33803	5.4562	10.5138	10.1966	5.13903	2.54327	2.4196	2.05081	7.74012	4.34021	6.35136	9.66594	5.21645	3.41017	5.58076	10.0136	8.18399	7.34588	7.76458	4.81727	5.74205	3.8116	2.90459	2.22468	1.15211	2.73887	1.45052	0.968934	5.70816	9.45194	6.29578	11.0203	9.81342	20.1461	22.933	10.4044	4.71286	6.84284	14.2717	16.4619	15.3326	15.9728	15.2829	10.1192	13.7083	9.41616	12.1171	3.531	2.67312	2.59356	6.09777	4.96483	10.2163	10.3373	12.8193	11.2048	13.14	4.68205	4.44282	7.23975	7.52283	2.16575	6.47526	4.34398	8.968	1.27223	15.4892	19.3799	11.2343	3.98917	12.1621	5.8628	10.7075	4.50034	12.8177	5.92792	1.15211	12.6712	7.83747	14.2088	17.0669	3.41031	7.10681	8.34211	5.1762	6.82685	13.1091	10.964	2.15836	0.179948	0.917493	2.22475	2.19554	1.62905	0.179948	0	0.402358	0.917468	5.16696	2.54327	2.73873	10.6772	6.57757	5.83832	5.39753	6.86382	2.61821	4.23903	3.7905	6.51219	3.0616	9.49641	8.4917	5.62926	8.66924	3.01364	16.8414	16.3067	9.21591	1.20698	6.01069	3.48959	7.46558	5.70816	1.40511	3.70446	6.36356	12.7142	8.39855	5.62926	11.9647	7.88567	7.69921	4.31432	13.1388	8.3063	1.30979	0.508975	2.22468	2.17334	2.22475	1.6191	0.763437	2.17322	0.741891	7.24161	20.524	12.8601	14.4461	10.9024	7.88618	15.5259	9.50518	10.7442	3.59871	5.45655	7.46611	5.93888	8.75569	3.48975	7.6829	6.18098	7.91794	5.7753	8.39881	7.76492	3.68726	5.62926	12.4187	20.3677	23.0331	12.3071	6.19132	8.3743	5.44744	2.99211	5.88219	13.0889	14.2096	17.1651	1.27223	5.85495	9.80681	5.03833	2.69723	5.69981	7.26783	7.61679	18.9096	15.2047	15.3932	6.42337	3.05613	3.7777	2.5748	6.88915	4.20501	1.80787	4.3179	21.0292	17.6831	10.1556	7.31137	1.65852	4.93865	3.0616	5.28055	6.63797	8.48609	9.00287	3.09283	6.95348	15.4037	7.87588
3.55777	7.36249	9.11441	5.23127	7.15324	13.3257	13.8943	4.65741	0.899556	2.41921	4.44581	5.60313	5.47617	3.80711	3.9766	5.58628	9.27644	10.4794	10.4261	10.5205	7.25199	2.67285	0.508921	4.82983	3.48921	0.17993	4.19291	2.36525	2.16556	2.90443	3.94004	3.845	3.8113	3.47072	1.91193	5.0568	6.97326	3.69976	9.09722	7.10619	6.88853	3.07165	4.81656	8.52973	10.7642	9.27435	4.19298	1.65846	1.52644	3.27981	7.93489	4.17774	6.10498	6.52117	2.16563	4.82983	7.54714	10.5261	6.91151	5.45571	6.53826	3.59398	3.01336	5.58599	3.14426	1.85189	3.27986	4.03681	5.24055	6.99178	8.79274	9.74837	4.81677	8.97457	11.0488	19.735	20.4268	7.41394	0.254452	13.0466	19.0224	13.8209	7.74768	14.6907	22.7149	5.45587	11.3696	10.3949	8.75345	4.01681	2.52382	2.6548	5.10726	1.7807	8.40359	9.98836	11.1307	10.883	11.9026	7.12881	6.80768	6.71356	1.45033	8.75517	2.84266	7.16406	5.35208	11.9449	19.0204	16.0657	11.4729	8.88334	14.2724	2.4458	11.376	8.23695	9.78495	8.33386	2.44587	13.5148	4.57753	13.221	14.1499	10.6085	8.05147	8.0767	10.3182	11.0235	10.2459	6.01275	0	0.17993	0.402339	0.359856	0.17993	0.402322	0	0	0.402322	3.18505	6.40295	2.89875	3.7041	10.2335	5.1385	6.29257	1.80767	4.59845	2.4458	4.14674	4.54588	3.29936	2.09735	9.41475	9.99906	10.3768	5.67122	7.36892	14.5641	12.0704	9.36157	3.70429	4.74274	3.7387	7.12628	6.96644	2.92643	2.61797	10.608	15.3201	9.35664	8.75517	12.3363	7.52411	7.76392	3.54434	12.821	4.50325	0.917381	2.67296	5.25266	5.69673	7.22382	7.75815	4.52116	0.968845	0.74184	12.2806	24.7343	13.7515	11.6018	4.6988	4.44226	17.6967	5.80771	9.38516	4.34357	6.42306	11.6759	12.2377	11.5489	2.17311	7.83678	5.42941	7.34543	4.90254	7.76415	9.2747	10.0504	12.7989	16.6177	19.1537	9.82627	5.56319	2.28898	9.01777	3.30438	3.05592	2.41254	5.46768	16.1878	22.0166	12.5407	6.99178	2.94855	9.92733	5.81879	1.83429	10.1243	13.6115	11.7784	11.0192	18.0491	6.75816	4.75303	7.47367	4.41703	6.1179	7.39714	10.7761	13.6072	24.3629	17.7338	5.69947	1.6584	6.3632	4.16613	2.57445	5.79401	8.30581	10.3317	8.24462	6.66343	10.1346	15.4224	5.7413
6.11736	8.46792	2.70271	9.73673	14.5012	15.4244	8.42533	0.56893	2.55544	2.70269	4.13465	4.01638	5.87281	5.06605	5.16621	8.87546	11.6749	12.6457	11.156	7.36215	0.968795	2.89858	1.98642	4.19254	3.05558	1.48326	2.67264	2.39898	2.97538	7.28647	9.87638	8.32786	4.5773	1.83417	1.29719	7.25136	6.08608	4.81614	8.42509	9.34898	7.22281	3.30408	10.3234	11.8823	11.7412	8.44202	3.3138	1.7986	1.54735	2.67264	5.93479	3.95601	6.80692	5.20626	1.30959	7.00216	9.64629	8.48459	4.38359	4.19261	5.21544	3.95592	5.10048	5.21533	2.09716	2.10493	5.74914	7.91456	8.86674	9.72234	9.4143	8.74902	7.83645	12.911	17.9042	21.1697	16.2427	3.3138	5.27946	17.8113	20.3831	11.3753	2.79085	15.8035	22.0084	8.01128	8.03329	11.1959	8.47018	6.88813	5.37572	6.25925	6.79534	5.74094	8.22135	11.3445	13.0136	13.379	11.3593	7.76361	6.91126	3.63818	10.7417	6.68687	9.56516	9.99819	10.8304	29.6362	28.7711	21.8833	18.6173	13.8719	20.7493	1.62877	11.1251	13.893	13.6716	12.4568	10.8948	15.4174	4.66061	9.98703	10.4133	16.1283	12.1943	6.98418	13.7327	10.934	6.01241	2.50428	0.508875	0.917319	0.763288	0.402286	0.359824	0.179914	0	0	1.27197	5.95895	3.05558	5.62829	1.4833	6.98177	7.54894	5.96723	1.94528	5.86176	4.59804	3.53947	3.58016	1.62875	1.2067	5.20624	8.96687	9.09858	4.03631	8.98047	9.69457	10.5662	7.7714	3.75141	0.402303	3.98833	3.73837	7.36828	4.87575	8.60068	19.2188	19.5426	15.662	15.4899	12.9529	6.9638	8.05076	8.78323	10.5898	1.30959	6.81389	11.2465	13.2023	14.3778	15.4246	13.945	10.4425	1.43901	8.95097	23.7185	26.7905	10.9624	11.0627	11.0335	15.7188	12.0532	4.74232	7.54669	5.57134	8.92266	8.96671	10.5594	7.30171	6.7222	8.55838	3.34272	4.20406	5.3844	10.4667	17.0631	19.7835	18.2792	16.467	13.4155	1.91186	3.63364	9.44052	13.0861	6.65598	3.95592	8.81147	22.5046	25.0637	14.4775	3.18476	13.2203	18.3038	16.0487	11.9132	11.325	16.869	14.0816	9.14123	19.1939	15.4671	8.31259	4.53148	6.85325	9.23648	14.8296	19.2569	17.0631	16.2153	22.5164	13.7503	3.14399	6.13576	4.54205	2.81378	7.17896	6.72255	8.32781	6.51097	3.23992	11.4129	17.268	17.5972	7.69206
6.75686	7.16062	9.57284	11.0133	9.80268	4.96333	3.25459	7.0199	5.5623	1.40481	2.52333	4.88204	6.96317	6.23315	6.34957	7.54588	4.14602	1.87747	3.84005	6.75729	6.36217	4.68067	2.84203	3.39022	1.94507	1.98622	2.49755	3.4886	8.37195	10.6746	9.00617	8.06353	3.34237	3.23975	6.30173	8.04408	3.59771	4.66685	7.20461	11.0324	9.89265	13.1953	14.6402	12.0951	8.75357	4.16529	0.539675	0.402244	0.568853	2.28842	3.94319	2.67248	4.8323	1.83394	2.99126	8.51881	8.23536	5.6982	4.54502	4.8289	5.00495	4.84893	6.3543	4.25676	1.01751	2.1726	6.96511	6.86195	3.68621	1.52617	2.25287	4.88171	7.37613	11.7193	15.294	13.5116	6.22014	5.07489	12.4262	16.4299	15.3994	7.508	5.1065	9.9782	21.1362	16.3556	2.92586	0.648621	2.80773	3.63766	3.98804	5.56801	5.0529	3.95566	2.73809	1.65816	2.34434	2.54255	1.70618	0.402267	2.84203	5.1032	10.9326	6.97234	15.131	2.79059	29.1462	38.1191	28.1028	23.646	13.5253	14.454	23.5168	1.98622	10.437	17.7232	16.8078	13.0019	14.2738	11.7572	8.81581	8.59952	3.01278	0.968659	6.3342	0.359789	13.2004	11.2492	5.03696	1.85156	3.7036	4.19239	2.70245	1.15171	0.179896	0	0	0	2.34419	4.43411	4.83253	5.03696	1.53671	4.09934	5.96938	6.3342	7.5479	8.61617	8.47082	1.65808	0.568878	0.179896	0.648579	0.917232	1.45011	1.04889	9.74002	11.4439	9.28794	13.1697	8.16664	1.98624	3.87745	3.5931	1.83394	4.09522	9.79803	20.0599	22.242	17.7614	14.4443	10.8597	6.4095	3.43293	4.66709	5.9372	3.95146	4.48814	12.2039	13.1218	14.1395	15.4631	14.0889	17.886	15.1774	7.06246	17.0408	25.0608	16.4836	4.78899	16.901	20.4394	12.0951	2.88152	9.57234	9.15912	10.2821	16.4752	15.1351	7.3762	1.85145	9.48888	7.91572	9.94924	11.1838	12.4555	10.327	6.9814	6.86189	3.61565	9.80268	15.9461	12.5785	7.51417	13.1879	4.43411	8.42443	10.6109	19.9698	19.1569	0.899442	13.861	19.7316	15.8535	6.81322	2.33736	8.94281	19.8528	10.8349	17.8439	21.8541	12.4655	6.74073	1.01758	8.41145	16.4655	19.9371	17.2337	13.1692	11.7912	13.5739	16.4336	5.56781	6.02216	5.39597	8.14944	7.91383	4.92755	1.45011	4.66697	4.69796	8.09122	16.6643	20.2836	11.5362	8.47072
5.52409	5.38065	7.33481	5.58459	2.72	2.09675	7.24556	5.76191	6.51931	3.09168	2.3024	2.87565	3.59287	4.88148	5.17756	4.54459	1.48297	4.89768	7.43961	6.02454	3.97547	6.27046	2.09675	2.49732	0.8993	1.44989	4.23746	6.12403	8.81501	10.121	4.75159	11.9092	5.22967	4.49135	6.64736	4.84848	1.40466	3.07078	5.33266	8.6516	6.21209	10.5072	9.12414	6.82426	3.78905	1.07915	0	0.804375	0.359754	1.48297	3.25423	2.92571	3.18414	0.539622	3.93874	8.33527	6.27046	4.33858	5.02677	7.35393	6.56788	3.95513	4.97556	2.991	0.254393	2.25267	7.98608	6.12918	1.78009	1.98603	3.0125	4.8318	9.94768	14.7501	10.9558	5.39542	0.804409	8.85931	13.603	11.0828	8.95772	6.1033	3.59296	3.78912	20.8314	22.6095	3.23929	0.804375	3.29842	1.70595	1.70595	2.74948	1.77101	0	0	0	0	0.402207	0.254393	0.917121	4.6561	3.69871	5.48636	7.19307	9.33384	4.6561	36.8592	38.3032	12.891	12.4996	10.6342	17.9719	22.5516	4.6561	11.0883	17.3808	19.7094	4.73822	6.18894	4.23767	10.7482	11.3011	4.20724	6.21209	6.27062	2.09685	8.93677	10.6821	8.22894	0.968606	5.10272	3.77635	4.73803	1.79816	0	0	0	0	2.44508	2.2239	3.59736	1.09404	0.359754	1.69644	0.568801	11.0159	8.54936	7.14428	9.4864	4.8152	0	0	0.359754	0.508776	0.359754	0.539622	11.7868	14.4095	8.9596	13.7313	5.69791	8.04115	4.03567	7.43961	3.45582	2.50388	10.9558	16.9505	12.5695	11.4683	9.20582	2.44518	0.899346	1.09402	0.508776	1.20646	0.179879	8.1269	11.6603	11.1326	9.85992	7.91494	5.85271	22.4824	16.4186	10.4361	16.5372	20.2949	8.28797	10.6007	16.2197	16.6771	2.33709	9.53234	12.4993	11.8993	8.2255	13.0755	16.9444	11.4709	1.30933	7.33472	8.38644	6.20954	7.93266	8.9596	11.8597	15.6227	15.981	11.438	11.1828	11.7769	10.7038	16.5083	10.6675	6.25799	12.0509	12.78	15.2728	7.522	13.5314	14.7825	7.35409	3.87718	9.73486	9.7652	10.3214	17.6348	6.12424	22.7334	15.7033	3.21434	1.29694	6.47043	12.4993	15.0867	14.5276	4.51982	0.899346	6.50971	11.7235	10.3199	2.99114	5.21456	8.59921	6.97164	2.92576	0.508776	3.95107	5.02371	4.33876	6.81261	15.8808	16.8815	1.87735	11.5706
2.69589	2.33693	3.45552	1.53636	0.89922	2.34377	7.69569	4.60027	6.85362	4.8214	0.402189	1.29676	1.09392	2.10434	2.542	2.10426	0.254357	5.95722	7.10356	2.18709	5.25064	6.68482	0.917058	1.77994	1.20636	4.50165	6.2726	5.72793	8.28725	9.11107	5.71673	14.0378	6.29024	5.58404	5.69723	2.16482	1.4386	2.27388	4.67972	5.95729	6.33335	8.39491	5.20477	3.01224	0.804304	0	0	0.804304	0.508731	0.741564	1.98585	1.80702	1.60829	0.179863	3.4508	7.45372	6.23177	5.45368	7.44309	9.10942	7.18568	3.2341	4.20287	2.10426	1.20636	2.10426	7.212	5.39477	4.51948	3.1381	4.18753	6.42039	13.8246	16.5803	7.35977	0.402189	4.89732	11.612	11.2961	6.42041	7.89621	6.17783	5.98136	0.568768	23.8559	22.2264	2.01007	0.89922	3.34177	1.30922	2.9637	1.83361	0.804304	0	0	0	0	1.30918	1.40453	0.508731	4.20287	4.09459	4.67994	4.72079	4.19135	11.9952	38.9129	34.454	5.05194	9.09403	12.4713	19.2423	22.431	7.80775	11.7171	17.5364	18.9863	1.44983	2.10426	2.84151	12.4336	12.066	1.87713	2.09656	2.89776	3.7375	8.44519	10.959	8.87975	1.93649	5.40668	4.57598	4.65916	1.54683	0.179863	0	0	0	1.798	0.359722	1.69629	1.27158	0.899266	1.60829	0.89922	10.9096	8.96395	6.26738	9.49047	4.88085	0.359722	0	0	0	0.179863	1.09394	12.602	15.7992	9.9609	12.7478	2.04983	12.7383	5.08044	8.57804	6.40058	0.96852	13.2969	15.329	7.34253	10.2116	7.72025	0	0	0.804304	0.508731	0.804304	0	8.03066	12.0912	11.9133	9.00401	5.73916	6.17036	22.9895	12.2823	15.062	15.2715	14.094	9.13026	13.3039	16.5324	13.2891	2.50357	14.0984	14.7491	12.0511	7.24517	12.8975	18.3657	12.1903	6.907	15.0742	16.7791	12.2333	8.93615	11.0194	11.9088	8.33498	5.6295	6.58936	8.04085	10.7936	15.1704	21.4499	16.8848	14.8245	16.7229	14.5991	3.83932	11.9394	15.5339	8.40622	1.83361	10.2421	9.24766	9.70681	12.8698	12.7669	5.42134	17.4482	11.506	6.42066	6.73007	10.5063	13.2711	13.5621	13.4118	8.2343	8.95741	5.7614	6.60347	5.45366	1.44983	1.61834	0.917039	2.10426	2.67188	2.04983	3.17876	3.59246	2.09656	6.95017	15.2483	11.1881	9.55139	14.2832
4.98768	5.47356	2.57322	0.89917	0.359684	1.53619	5.52294	5.07342	5.44434	4.7775	0.741485	0.741466	0.568708	1.54674	1.15144	0.741466	0.804252	4.8474	6.06271	4.57552	6.9883	4.30812	1.65758	2.70164	5.21345	8.39403	5.83787	3.59217	7.33958	7.01759	11.2078	16.7862	9.64289	7.03134	4.54378	1.7979	1.70568	2.70166	5.00351	4.98446	8.46868	7.14316	3.77561	1.65764	0.359684	0	0	0.359684	0.508677	0.648426	1.36942	1.44967	0.719339	0.25433	2.25223	5.93249	6.3525	9.76283	13.2787	9.97568	5.74688	3.23874	2.96339	1.20628	4.54378	4.7373	3.53795	4.49772	5.22887	3.0491	8.48331	13.2652	18.574	13.7201	3.59217	2.27364	8.41446	9.82166	5.32258	5.6687	8.65724	10.9085	4.69646	18.584	26.6688	13.9993	0.899147	0.56869	3.31238	0.254343	3.21371	1.1373	0.359684	0	0	0	0.359684	3.35588	2.67171	2.73717	2.15711	3.21385	4.32312	2.54169	8.97034	26.2361	38.1762	21.9321	7.63757	11.7538	13.0869	18.9786	22.1976	10.9579	12.2717	17.6611	12.2004	1.27152	0.25433	6.68889	13.5119	7.54357	3.86815	6.02338	6.35278	8.66479	11.9393	11.1982	5.56054	1.7979	3.70249	3.93818	1.48272	1.09381	0.741466	0.179844	0.254343	0.179844	3.23868	4.10202	4.36736	1.27147	0.968417	0.719339	0.56869	7.63726	10.9072	5.37946	7.15614	5.17655	4.2254	1.36942	0.539517	0	1.27147	5.38244	12.8116	15.9273	14.4224	7.68879	11.1541	14.7245	6.49141	8.81332	8.61354	1.70562	17.4465	17.4629	8.92122	10.1924	4.7775	2.04972	1.70568	0.179844	0.508677	0.359684	0	4.59978	12.8716	13.4453	13.9613	16.2166	18.2347	20.2332	0.254343	19.3834	9.62016	6.10226	18.3311	21.8822	18.8354	7.50602	10.9859	19.4631	14.4381	5.39135	7.60616	16.6491	14.1727	10.8225	21.9583	25.5192	24.1661	23.6563	16.4472	12.0499	5.0799	7.04912	2.36416	4.74069	3.81798	4.83089	8.32992	14.0557	19.0124	24.1025	22.7703	13.9625	13.0347	16.3016	8.14702	3.53795	7.97674	12.2004	12.1744	15.3521	15.6095	5.60075	10.8263	7.73578	13.0641	16.0762	16.0762	19.2094	20.1734	17.8117	15.6233	11.7213	10.4227	7.83343	4.66904	5.23779	1.7979	1.44963	0.804218	1.15138	3.0491	4.10186	6.44705	7.76052	8.62666	14.1003	15.6006	3.59666	9.66035	7.51841
3.4127	8.45831	2.41117	0.916879	1.44948	2.70142	1.79765	4.34124	5.56016	3.43149	0.539469	0.179828	0.648336	0.7414	2.7014	5.95633	8.08813	5.09832	1.80664	4.65498	3.95403	1.97733	5.24969	4.70972	5.4527	5.22817	3.01165	3.2385	2.65318	8.83424	17.0172	14.7705	5.89445	2.78952	0.899068	0.254307	0.968295	1.87676	2.92477	2.36395	4.20205	0.719275	0	0	0	0	0	0	0	0	0	0	0	1.09371	2.34336	4.34104	7.24348	15.0981	13.4261	3.18324	2.57297	2.81244	1.69604	5.58301	7.1602	6.06243	4.9615	5.83469	10.7299	15.7969	17.3801	18.2298	15.3073	5.6285	0.179828	2.94673	7.53665	8.92052	10.1187	9.04081	11.1131	12.4107	19.1935	25.9493	16.7678	3.59185	0	0.179828	3.05412	1.40426	2.99015	0	0	0	0	0	0.508604	3.93763	0.40211	3.95392	0.568639	0.539469	0.648368	8.96928	19.507	30.4649	28.0146	6.45863	8.07042	12.059	15.153	16.4708	19.6959	15.1575	10.2176	8.28402	3.31214	0.899091	4.6789	9.47069	11.8958	6.3595	6.04379	4.3225	3.83857	7.52843	9.44608	5.76022	1.30892	0	0	0.899045	0.899045	1.53611	3.56498	3.21356	1.30896	0.568639	6.17664	4.87348	6.1223	3.05937	0.402093	0	0.179828	3.25331	9.0941	5.56587	5.47334	11.0858	10.5043	4.19061	0.762881	0	1.77959	6.20746	12.3908	16.8905	11.5674	8.52523	19.0536	11.2111	7.45228	10.5202	8.77689	5.20375	21.3309	16.9459	8.74309	5.4527	1.69604	2.44451	2.27344	0.968295	0.254321	0.40211	1.30896	4.3226	5.77117	10.8897	15.2885	14.8377	14.4823	10.497	11.4503	17.8008	4.0503	9.11278	11.9827	12.7006	7.12256	4.52909	11.9213	15.1255	17.1651	18.4145	18.8517	17.7589	1.07884	12.4511	12.7765	14.0311	12.5084	19.4095	21.0379	11.85	3.27795	7.71876	3.86781	8.25565	13.8225	21.5674	20.6154	9.92665	7.23485	10.1903	5.61427	20.2399	18.9599	7.3066	17.0956	21.11	18.4784	13.3321	12.6825	10.7168	8.22319	10.7755	12.6153	9.64054	15.3067	20.1537	22.2288	21.1981	18.9579	14.9329	10.3979	5.21296	2.89711	3.52855	3.05425	0.7414	3.21356	3.13739	2.09625	6.51768	9.63403	13.7736	16.7904	15.7053	14.516	13.551	8.57639	3.81744	7.89852	8.46618
6.32869	8.8577	1.97713	0.719205	3.31174	2.33619	2.17156	3.52832	3.05926	1.27129	0.17981	0	0.50855	0.50855	4.28103	8.31522	7.37307	7.69367	3.9413	2.71896	0.968242	5.45206	5.03451	2.49651	2.19372	4.37009	6.35121	3.18304	3.93721	8.68278	11.9917	5.3932	0.648268	0.402051	0	0.402051	2.10364	2.88014	1.65734	2.54115	2.80639	0	0	0	0	0	0	0	0	0	0	0	0	2.41092	2.89686	3.0696	8.91752	15.5599	9.87021	2.6712	2.96282	3.21309	1.80649	6.022	4.9252	2.44429	3.59163	9.20947	13.6072	13.3658	12.4206	11.937	6.709	1.07874	0	1.83307	4.89598	6.49026	6.32903	7.69367	11.3485	9.68481	16.1046	13.5749	3.60934	0	0	0	1.61787	2.28748	1.61787	0	0	0	0	0	0.359617	3.37434	1.65737	3.29714	0.568605	0.899011	2.69508	10.601	23.1861	27.1101	15.439	2.25193	7.40902	11.211	12.3282	11.1188	17.1734	17.5378	7.41758	1.62783	0.568581	1.27123	6.56535	9.01702	9.87498	9.92999	9.85014	10.678	3.78747	7.75872	6.24773	1.79752	0.359617	0	0	0.804062	0.968242	3.84222	3.63608	4.69552	2.10364	0.898949	7.58385	3.31174	7.48533	3.34077	0.17981	0	0	0.539416	3.2777	9.41513	10.3696	6.0907	12.3651	7.79118	0.539416	0	1.30879	5.52197	16.105	18.8158	3.40757	13.2673	14.9989	4.5677	11.9354	12.3576	6.50944	11.5663	20.1691	12.9452	5.81462	1.20606	2.25193	2.44412	2.34306	0.7628	0.254298	0.539416	2.22298	6.17606	2.41106	4.5989	5.20327	4.1633	4.10107	1.27123	14.3286	17.1626	8.22579	11.0121	20.1888	9.5368	4.10107	6.9618	5.44331	12.5726	18.1091	14.7094	9.77892	5.53346	9.69232	6.20939	6.46805	15.7947	11.4278	7.84614	12.0579	14.6009	10.6668	10.4367	4.77689	7.75906	12.4096	19.1042	11.5299	14.0296	12.8796	2.3363	22.3972	24.7673	13.0377	10.0061	15.6512	17.5555	15.0428	10.9845	10.2392	6.84934	4.89598	11.9562	13.7559	11.5031	9.57642	11.4391	13.5091	11.1166	9.28364	5.05371	2.90252	1.0936	3.73619	2.1864	1.4824	2.1641	1.15116	4.20538	4.25473	8.50943	9.67655	14.7841	13.213	8.50244	6.00908	3.48693	3.05389	7.75891	4.67849	7.93353
8.94482	6.09242	0.254258	0.741256	3.55506	1.8764	3.29685	2.03322	0.539364	0.762732	0.254271	0.402032	0.719135	0	5.96294	9.92428	3.63125	8.85513	7.58735	1.15105	4.30691	7.81487	5.55899	3.23787	1.40399	6.51621	7.37197	3.25271	9.0992	10.0564	7.75198	1.40391	0.80399	0.508505	0	0.402015	2.34285	2.50259	1.40399	2.90211	2.19353	0	0	0	0	0	0	0	0.539364	1.04827	0.968142	0.402032	1.44924	6.13157	6.6228	4.70885	7.10082	13.8193	9.8063	4.18987	4.01368	3.63119	3.98564	7.98835	5.42529	3.95335	7.50392	11.8848	11.2171	9.69649	9.09235	7.07633	2.4107	0	0	0.402015	0.916681	1.98508	3.07463	6.18576	8.07061	5.8499	11.2388	6.16772	0.402015	0	0	0.539364	0.762773	0.539364	0	0	0	0	0	0	0	2.00928	1.04827	1.27111	2.16402	1.44924	7.46994	15.6123	24.1312	23.8981	10.1758	3.73604	8.61306	11.8473	10.4991	9.68816	17.5525	16.9976	3.34047	3.45428	3.18271	3.23783	9.85528	12.6574	14.0933	14.0922	10.8065	14.7917	11.1952	11.6548	5.70333	0.64821	0	0	0	0.402015	0.254271	5.12834	2.7187	4.97319	2.33597	0.80399	6.55505	3.8084	6.97711	2.4107	0	0	0	0	0	9.68816	11.9893	7.44058	11.784	8.42507	0	0	0.402015	2.50259	18.7815	18.835	7.43622	14.3277	8.85518	4.1007	11.7384	10.9702	8.05916	15.812	19.9809	10.6292	4.6642	2.22283	3.05894	3.59562	1.65713	0.254258	0.179793	0.968106	2.49613	4.98282	1.3087	5.20274	7.67656	5.33029	5.66687	1.13694	14.3637	15.5134	10.4059	7.46573	20.6999	9.57505	4.58449	4.33651	5.32133	7.50392	6.81417	11.4124	8.9749	3.60904	8.91674	3.69711	4.99567	17.4222	12.0881	11.2542	10.6644	9.46888	4.28065	10.406	5.93376	9.6191	10.8063	15.1498	5.83604	15.9868	15.3042	5.61334	24.0786	17.9749	10.9828	18.3	12.9755	8.15981	11.1224	13.3174	13.9756	11.3477	9.63219	9.15406	2.84041	11.1774	9.05813	4.31062	2.98971	4.65408	6.50652	3.73604	2.89667	1.44924	3.44945	2.4107	1.13698	1.83293	2.25159	3.94095	5.22715	9.44403	8.74835	10.8289	6.94748	0.80399	2.36349	1.70519	4.48922	9.09406	3.63571	9.35114
9.59058	2.87963	1.80613	4.14331	3.63539	0.35955	2.73615	1.04813	0.179777	0.35955	0.508487	0.401996	1.62752	5.44249	9.44345	9.33541	2.34271	10.0677	8.59395	4.84572	10.582	10.8582	7.51806	5.75866	2.7185	7.37127	3.94078	12.9956	11.6228	7.541	3.69662	1.25824	1.44907	0.50846	0	0.179777	1.65698	2.57232	2.80604	2.54079	1.30855	0	0	0	0	0.539316	2.22263	5.46009	11.0507	14.3766	13.323	10.5691	13.5696	18.8992	17.4412	13.2164	4.18957	8.71183	13.0719	8.74064	4.85561	4.36944	6.70789	9.81663	8.74796	10.7915	15.6506	17.5776	14.7036	11.5951	8.19209	4.22383	0.179777	4.04925	7.6924	7.63476	3.66179	0.401996	1.87629	6.1258	7.75766	10.2753	8.65423	3.05332	0.179777	0.35955	2.18604	6.29755	8.47863	7.3501	2.87963	0.179777	0.179777	0.254248	0.179777	0	0.179777	1.60752	3.59532	6.88531	8.33481	7.91062	13.5725	22.134	22.0194	16.5693	6.53274	8.23807	10.698	10.9032	6.80162	9.69532	19.1144	15.4297	4.66732	8.93741	8.63064	5.27555	12.6932	14.3025	14.5311	11.7117	9.972	11.2311	13.7793	15.6332	6.28725	2.186	0.179777	0	0.719071	0.898835	0.568478	4.03322	2.36328	4.20086	1.65698	0.35955	3.92021	4.62952	4.84242	1.07854	0	0.179777	0.254248	0.179777	0	6.84807	8.0447	9.97226	9.20091	5.3922	0	0	0.179777	1.54609	18.9866	15.4326	10.8481	13.0683	4.25415	8.51329	7.45019	6.27725	10.6041	17.4407	18.7146	8.21494	3.77414	2.03315	2.65254	2.10333	0.74119	1.65705	1.9104	5.24821	4.77596	3.0586	7.15368	10.1952	7.20896	2.6946	7.53454	5.07775	14.4017	10.9425	9.29692	9.27347	17.7602	5.73629	3.63087	2.92405	7.3501	4.8293	2.34271	3.92032	5.83571	7.43543	7.97381	3.40696	6.94687	12.6069	9.1874	8.71215	6.16229	3.05332	1.65705	9.08965	3.48637	7.7513	6.60275	10.2613	9.63936	14.9165	11.7491	5.1745	17.1589	17.6997	12.1463	14.9104	10.841	10.1875	11.4636	10.7557	14.1291	12.7303	8.52285	3.01089	10.1949	12	6.70789	4.49585	5.61004	5.6666	6.91267	3.23758	3.23761	4.65367	3.86671	2.87961	4.85564	4.73893	5.66637	2.19333	2.9893	10.6297	11.4204	8.91596	9.40687	8.24373	7.08717	5.03362	6.68642	7.41645	5.48638	4.49605
6.6571	0.179759	3.38764	4.65647	2.84002	2.87374	2.89609	2.34249	0.568419	0.40196	0.40196	2.52141	8.24286	11.7823	10.568	3.74821	5.27505	11.5791	4.57313	8.64588	8.6314	4.74843	0.898725	6.64282	6.28931	10.0457	12.1804	10.1636	1.40374	2.33564	3.52732	2.78847	2.71819	1.30842	0	0	0.539263	1.20572	1.40374	0.967967	0.359515	0	0	0.179759	4.66687	12.2065	19.2676	24.426	27.2077	25.9324	24.6296	25.9244	33.1241	31.1703	22.0182	17.1987	12.5339	3.88271	10.6839	13.0161	5.03313	5.45087	7.8136	10.367	11.0967	13.4663	15.0844	11.3457	6.08898	3.46758	1.2709	0	6.13043	14.9075	18.2029	17.1715	13.0293	7.51739	5.1989	2.52143	3.70078	4.87827	1.80598	0.179759	0	2.54049	9.79674	17.2087	17.0225	15.4819	9.4673	4.09622	4.73511	5.12769	3.23723	0.40196	2.1561	6.65976	10.5636	13.8778	17.4536	19.7255	15.7422	21.384	16.5712	6.90268	4.57341	6.81293	5.74419	5.58067	4.66685	11.2037	20.7899	14.0861	9.00928	6.63108	9.79194	6.11247	9.62186	12.9404	12.3247	7.01213	9.22864	9.12485	13.1907	13.9617	6.69987	3.1971	0.254208	2.1561	5.90841	5.96217	4.09225	6.46615	6.65991	7.3299	3.13618	0	1.07843	1.52501	1.07843	0	0.179759	0.359515	0.179759	0.254208	0	4.25352	3.70078	4.8288	3.46758	2.00893	0	0	0.179759	3.8745	16.4916	10.7254	7.51701	10.1128	2.00893	12.3873	4.03279	2.69441	8.82374	14.8	12.1648	4.57313	0.40196	1.40374	1.98473	3.52732	6.90532	6.35735	6.11247	10.3865	8.06757	9.85385	16.5796	10.2608	9.58297	9.09239	5.5809	7.44941	12.9603	9.62216	10.1881	9.6369	14.0226	5.4242	5.52069	8.08494	1.76982	12.792	18.0277	17.8994	14.7024	12.8063	9.9728	7.55912	5.39168	6.64282	4.78535	2.65215	2.7419	2.94578	1.54603	7.64804	0.40196	5.91101	11.2523	19.2475	22.5439	16.2727	2.34255	4.32095	8.07531	18.8028	13.1446	2.89598	10.651	11.5741	1.94372	13.4832	19.1113	14.7844	10.6625	12.8262	10.3192	2.78847	8.38826	5.62344	3.63485	7.603	15.1158	14.5057	7.53414	6.81296	12.382	14.5058	14.3256	13.1274	14.8729	12.1304	7.54047	9.24197	14.2676	13.0773	15.4807	12.1503	10.8404	12.6544	18.1913	22.1211	18.0414	11.2937
6.0985	0.4019	3.19681	5.17035	0.718931	1.65666	2.49554	4.09173	1.60721	0.4019	0.4019	5.69055	10.345	8.78359	4.25333	4.84466	8.31963	8.35543	1.48184	8.33277	6.26319	4.18861	3.41578	9.03622	8.78359	7.45759	5.46199	0.179742	3.98452	2.69421	2.96171	1.97638	3.18172	2.49542	0	0	0	0	0	0	0	0	0	0.4019	10.0273	17.23	19.8883	21.2525	18.6827	14.057	14.6352	19.3315	27.5555	20.5379	19.4451	12.0847	13.4032	13.3761	5.89144	15.0951	3.78616	4.0326	6.09082	9.85254	10.3076	9.5204	8.05287	3.41106	0.35948	0	0	0.4019	11.5885	18.1818	11.7681	13.2682	12.314	7.7825	4.73462	3.25179	5.09562	0.35948	0	0	0	4.98141	14.5699	17.1968	10.181	14.8353	10.354	4.71762	6.08821	5.32879	6.25305	0.53921	4.17321	9.01893	8.62887	12.2868	14.2157	14.5958	9.1602	17.4372	15.4477	1.15073	3.80726	2.39669	1.15073	3.40629	3.23193	12.7287	23.079	11.9311	9.19883	5.7129	4.32054	4.53772	4.06018	13.138	11.7664	4.13081	6.90442	7.99586	11.9859	11.6043	6.99551	3.14098	0.179742	4.81154	7.98611	6.12992	4.67667	9.35194	7.3034	10.4757	6.1737	0	0	0	0	0	0.4019	0.179742	0.4019	0.179742	0	1.97638	2.83972	2.00877	0.718931	0.35948	0	0	0.4019	6.20709	12.8984	6.90207	4.26447	10.173	2.27235	14.0722	3.44847	4.8248	11.4223	10.9392	5.66532	4.8248	2.49542	1.54586	2.04847	5.89144	6.97754	5.62591	4.95906	8.86685	6.15315	11.0691	13.1588	12.6154	14.955	6.80028	0.741045	5.69055	10.5271	8.05287	6.68058	5.93208	10.4149	8.07424	6.55353	6.17393	11.3144	18.8472	14.1939	12.8133	11.057	14.3158	11.3014	3.93595	1.76966	4.43035	5.56588	4.20004	2.18558	0.648026	1.27075	6.18402	3.57674	1.54579	9.09152	14.0981	12.2675	7.0272	10.8388	5.3706	7.3998	8.13059	11.3658	5.78229	0.91644	9.49896	12.401	14.5986	17.7768	13.012	9.26014	9.27169	1.94351	5.73525	3.5946	2.04856	7.63292	14.4104	14.7009	18.2941	12.5674	6.90442	12.2336	12.0081	11.3771	10.2779	12.865	12.2277	10.9238	5.53427	18.0454	16.7891	12.4742	5.80158	5.62601	10.2478	12.5074	10.6658	22.319	18.7058
6.21421	2.52096	4.85427	5.75698	4.18454	5.09544	3.58982	5.23437	1.7045	1.27066	5.51954	9.26417	7.51353	5.3878	7.29414	10.3488	9.4983	5.78178	3.30051	8.003	5.32809	2.51455	6.30582	9.12321	4.09131	6.60121	6.12431	2.222	2.19271	2.34203	3.62984	2.27222	3.31026	2.40981	0	0	0	0	0	0	0	0.539163	3.80698	9.85199	19.1974	21.7947	15.9323	10.6719	7.01093	8.17641	13.2617	22.5134	25.6455	20.4703	24.2007	13.3594	14.7381	16.07	3.98411	13.5961	3.13569	3.8364	7.03113	10.3067	9.51786	8.08907	4.17284	0.401865	0	0	0	3.60766	17.7939	20.4541	10.3444	14.2655	14.5891	8.62074	2.92311	3.05764	5.95271	0	0	0	0.898557	8.22778	18.0299	17.3399	8.62823	15.868	11.0404	9.03576	6.73436	4.67626	7.57214	3.7859	5.34611	9.38597	9.9129	16.6872	12.5568	10.0264	3.98411	17.5172	14.9439	3.69574	4.66256	3.70009	3.23669	3.69995	2.50166	14.5523	24.3826	8.36213	7.99516	5.76792	1.76957	4.76435	1.27064	12.3029	11.7459	2.90103	5.32809	8.85186	13.7981	11.7187	5.73474	2.00853	0.359448	6.94492	7.72873	5.07318	3.9191	10.068	4.09136	11.7342	7.96357	0	0	0	0	0	0.401865	0.254176	0.401865	0	0.179726	0.254176	0.254163	0.179726	0.508343	1.01661	0.89858	0.89858	2.54007	7.04454	9.5683	5.44962	6.50421	9.01814	4.32006	12.8692	3.8364	9.81389	15.1949	8.06582	2.69989	4.20345	2.69384	0.967745	4.49833	10.6719	6.34356	5.02265	6.50421	4.95851	5.07632	13.5796	8.11424	15.0469	12.5891	10.1023	12.5088	10.277	6.65844	4.0321	4.30904	3.13571	10.0758	8.08907	1.30818	2.33519	17.3003	20.2065	5.07011	5.72359	4.73759	9.86593	8.65919	11.9089	11.5338	10.343	8.79724	5.05131	0.401882	4.97155	9.04963	10.2725	10.1069	13.5027	13.1248	5.22531	3.63423	11.2496	11.1729	1.9762	10.7754	11.3478	4.97134	9.64972	14.0558	15.4707	18.5408	15.003	7.57214	2.9886	5.21014	1.07823	9.79494	10.1389	5.71547	4.36806	7.6323	17.931	11.7295	16.9767	13.822	7.96365	11.6835	10.8454	10.8155	7.50757	7.87635	8.21073	7.92991	11.5295	22.8927	17.4523	10.1173	3.78583	1.7695	3.95177	4.70705	12.575	24.9953	18.2799
3.04677	5.1972	5.04753	5.38723	4.82737	3.7471	5.7756	5.91184	1.69482	4.26362	8.9982	5.9763	0.967642	4.69299	7.85962	8.99833	6.98302	3.42922	3.07312	8.46016	6.51314	5.95234	10.1164	4.66215	6.44464	9.47787	7.34718	3.176	3.53995	5.34568	4.70655	3.38684	2.89524	1.07812	0	0	0	0	0	0	2.69362	11.2037	21.8367	28.0671	28.9364	24.1777	15.8421	10.1837	9.25825	11.7322	17.0782	26.1186	24.6455	23.8576	28.1108	21.1593	19.6565	17.0866	2.09484	9.77304	5.57367	8.31834	11.2651	12.2165	10.15	6.79913	2.15547	0.179706	0	0	1.43735	12.0509	26.2015	24.4602	16.7515	17.7438	19.9885	12.7263	5.2095	4.36404	4.57183	0	0	0.71879	5.02209	12.4525	17.7474	16.5117	6.81778	15.7863	10.4856	7.98472	3.69968	3.83592	6.50353	7.43706	7.34727	13.2316	20.5	23.8763	12.5148	15.4269	5.04757	20.8055	14.5063	9.32383	11.1379	9.43839	6.45213	5.7757	3.91868	16.3189	23.3936	5.59917	6.03975	5.37823	2.8952	6.20589	0.254136	11.2878	13.3736	5.01892	7.48325	10.7339	14.0261	10.6256	3.46642	0.898462	0.508261	10.6633	12.5976	11.9076	10.1485	4.18772	7.12005	11.5229	6.81062	0	0	0	0	0	0.179706	0.254149	0.179706	0	0.254136	0	0.179706	0.401822	1.1364	1.60696	2.69369	3.58953	3.69965	3.95126	6.67913	7.51305	9.16173	7.25851	7.51488	10.1833	11.3628	17.2246	14.6737	5.27056	1.54556	2.8048	1.13644	4.05939	8.14057	5.1322	1.04777	2.10251	6.28748	2.83902	1.20536	15.1477	1.27048	12.0407	7.01252	16.0646	17.4837	12.2761	2.9612	1.43735	4.09481	5.40201	10.8538	4.69283	0.967642	6.3277	17.1659	15.6143	4.04768	3.42918	4.1839	8.45829	5.78133	9.69212	11.3857	10.112	7.43706	4.3382	6.25189	6.94443	7.08431	11.2379	16.2369	19.7686	16.8942	11.1461	7.00997	10.9328	9.05341	4.2221	6.98318	7.8336	8.59065	14.3213	19.5885	22.773	20.8009	13.9691	6.18305	2.55249	2.16292	6.05807	10.2589	3.78539	3.42922	6.73584	0.916242	13.1817	15.5221	11.0171	5.39011	5.90929	3.59392	8.46239	9.97601	6.90301	9.78935	12.8626	15.1426	20.2918	17.6482	10.5777	6.32758	1.1364	1.61693	5.48425	13.73	24.4084	25.2134	11.7424
3.52587	6.62856	4.42928	3.83558	1.3682	2.27171	4.43637	7.32928	5.55297	4.23304	7.83255	5.57318	5.76709	4.33794	4.85329	4.31184	2.98787	0.647874	1.48142	5.84635	6.80554	5.83017	3.30957	5.90877	7.51422	2.04797	9.80562	6.97332	4.57164	4.31197	2.33474	1.01641	0.359377	0.803567	0.359377	0	0	0	0	1.07802	10.2582	22.6561	26.6204	23.4808	17.0346	10.9364	6.81031	4.94482	5.17204	6.79837	4.18735	16.5905	16.3415	13.0701	23.2286	21.896	22.2592	20.0196	4.3082	8.65002	7.43849	9.90193	10.5771	9.79303	6.26411	2.33469	0.179691	0	0	1.79632	7.15915	18.9344	24.7236	14.4198	1.2052	19.0565	26.1077	14.154	5.48077	3.69935	1.97582	0.179691	0.254127	2.92259	9.84195	11.8562	11.3113	14.2522	8.45792	13.34	9.20317	8.21106	5.49533	2.09456	8.50968	12.3982	13.6426	20.6341	25.5453	17.262	11.1708	16.1265	8.45755	18.453	10.8683	5.75592	8.02344	8.91901	6.61886	5.87349	6.10982	17.1219	20.0979	4.25212	4.76359	2.44252	3.86486	6.46611	1.44837	12.6574	16.1669	3.40544	9.94372	10.2202	13.4529	12.1089	3.17572	0	0.508216	17.4936	20.6142	16.8561	16.317	7.34631	8.4746	8.86461	3.4148	0	0	0	0	0	0	0	0	0	0.179691	0.254127	0.179691	0.401786	1.30793	1.43723	1.48142	1.1504	0.898405	3.80632	6.51278	6.84515	7.4997	5.05033	8.10314	8.57565	12.0653	11.7271	3.78509	2.90047	1.15046	2.92254	1.43723	7.73749	5.20888	4.20285	2.89498	5.77509	1.70417	5.07533	6.29439	9.95619	6.62856	8.18796	5.86537	10.6928	8.41494	13.7173	4.82679	2.83877	5.13175	7.75372	9.59568	1.30796	3.23101	5.07533	12.529	17.7336	13.3999	6.87056	7.51221	9.4636	7.60619	7.3531	6.20564	8.1189	12.3196	12.1895	7.18562	1.52441	6.77044	13.4429	13.2588	9.96736	3.91845	14.0015	13.8722	7.29031	6.45134	7.85893	12.746	16.7596	16.5134	12.9371	8.73652	9.84369	8.95576	5.22442	2.73495	1.4484	0.740853	5.1317	10.4049	11.351	6.95755	2.416	5.74202	6.81026	11.7062	13.5247	15.5321	10.7291	5.38675	3.53964	12.6193	13.3939	5.378	7.43849	10.7291	7.8588	6.46611	10.6569	9.80582	6.98247	5.65542	14.4725	20.2641	20.5084	10.43	2.53957
7.51339	5.44802	4.09816	2.28574	1.30779	1.48127	3.53476	6.00428	6.67779	0.254086	5.57817	3.80598	2.79295	3.13996	4.48267	3.94657	1.80511	1.36806	1.65607	2.29963	3.05156	1.20514	3.69898	5.1993	2.16991	6.62071	8.91276	4.30776	1.54529	0.916093	0.179673	0.803449	1.07791	1.07791	0.803449	0	0	0	0	2.40908	15.7685	23.2309	16.7056	8.37657	2.74633	3.97079	4.12535	3.25056	2.19205	5.52927	4.99257	15.8387	18.3016	6.94285	19.7934	21.9184	23.4995	23.3961	6.00159	7.46079	6.09633	6.4508	6.52899	6.39385	2.39571	0.179673	0	0	0	4.01094	10.2359	18.1774	17.8427	10.0498	7.8282	23.7075	24.9742	7.07164	2.34128	0.647773	0	0.401744	0.254104	4.82626	11.3156	8.23295	5.95092	8.96859	6.88142	11.6093	9.50039	6.9087	2.44243	9.29647	9.81107	8.82683	10.4293	18.0321	20.2716	5.20849	17.8713	12.8291	10.317	15.0426	11.6472	7.3348	0.359342	8.13891	8.32956	6.76026	8.86514	17.3398	16.457	2.78703	3.19579	3.17538	3.69905	3.41449	3.95049	13.0226	15.7315	1.76906	10.2735	7.71213	14.4244	13.982	2.36187	0	0.803449	22.9822	22.6345	10.6006	17.577	14.2974	5.98292	1.20508	0.179673	0	0	0	0	0	0	0	0	0	0	0	0	0.179673	0.740784	1.60667	2.7347	3.30938	2.09447	2.5202	2.87795	2.80445	5.02119	2.92244	6.08573	2.71694	7.35204	3.88086	1.48127	3.61097	1.53473	3.81413	5.20837	7.46498	0.568171	2.04768	7.02908	5.62367	1.20514	3.40977	5.3683	4.39604	6.85351	4.89216	9.19363	11.0523	8.32956	16.7811	3.81413	4.69183	5.62354	7.90574	11.6982	1.09279	2.8385	1.40306	7.20488	13.4151	13.2256	4.2213	5.53213	8.11766	3.60665	5.29076	5.82975	10.692	12.5138	9.5417	4.14078	4.33738	8.96849	17.5568	13.033	3.45181	6.67779	20.1266	15.9277	4.48623	4.6269	8.08134	12.4177	14.3356	11.2252	7.43117	6.70377	5.95896	5.87287	0.508162	1.65599	1.62659	2.94437	4.03109	4.8265	6.09638	7.63008	2.39578	1.44828	11.3699	16.1372	11.9376	8.81958	10.1874	7.47968	4.03087	13.1056	4.49324	11.2182	10.8806	9.08813	3.93446	3.37177	6.12216	5.26934	7.04245	7.67132	18.4787	13.7717	8.15644	1.6946	5.22385
8.09172	4.73214	1.69434	2.29942	2.09415	3.58833	0.803376	4.2774	6.9922	3.1751	2.92202	2.44214	1.69442	0.740709	2.69279	2.94391	0.179655	3.77152	4.82601	5.374	7.36669	7.87347	2.66892	3.814	6.65369	7.36015	5.60892	1.60644	0	0	1.07781	2.71667	2.19197	1.87497	1.15018	0	0	0	0.179655	5.05862	17.4807	20.097	13.1423	9.97323	7.05323	5.66262	3.62843	4.4858	4.06635	6.51149	6.48227	16.7051	18.9359	9.61676	20.3789	21.8588	22.8844	23.7398	7.14211	6.73156	5.4475	5.38861	5.26886	4.49284	0.803376	0	0	0	1.07781	7.40276	12.6383	14.2014	11.7246	9.68129	11.0851	23.2019	20.9239	3.45154	1.70384	0.254077	2.74613	5.04935	4.82606	2.89434	10.7194	9.16909	5.1338	5.0302	7.19528	9.91233	6.90115	3.42814	3.48403	12.2624	8.47258	0.916001	5.37671	12.9844	16.3915	6.58183	20.3882	9.89974	12.0386	14.129	9.94182	6.67725	7.20415	9.44211	9.79896	7.58173	9.63107	17.2782	13.3598	7.07096	5.76597	9.05103	3.52518	1.80493	9.19467	11.9881	11.7829	2.34118	9.15543	6.75967	15.7487	14.193	0.401708	0	1.15018	25.291	23.2134	10.7309	17.3802	14.1174	8.14016	2.27126	0	0	0	0	0	0	0	0	0	0	0	0	0	0	0	0.718586	2.36169	5.0461	5.59493	6.56733	4.31861	1.80491	2.83824	1.40291	4.98223	2.79265	5.22321	1.62641	1.04747	2.74608	2.74613	1.65587	8.238	5.73252	3.68126	5.65432	4.25111	3.23527	2.18457	5.95871	10.2353	7.72613	7.66847	2.58921	8.09172	10.643	8.9887	17.1597	2.34111	7.27582	6.90806	8.52419	13.0053	1.44809	1.93418	3.13439	1.53464	9.58414	13.4972	9.52105	10.3165	11.262	10.4461	10.8072	12.8943	17.7656	15.965	15.5245	17.2723	18.8018	20.4514	16.4367	8.91005	3.80132	5.76568	18.4611	15.17	9.91249	4.92117	3.69865	7.35138	3.98248	2.27133	6.65594	6.63924	5.69071	5.86423	0.179655	2.83824	2.41566	2.51357	3.42821	4.74581	4.31851	6.94223	3.2353	6.46252	13.351	8.5389	1.48113	5.87236	11.1068	9.77064	11.7756	10.9341	4.82583	9.63114	6.90806	8.53341	3.78435	5.42118	7.67077	8.22486	9.84029	12.2528	17.8255	10.9467	8.87873	9.18131	7.4115
6.25967	4.52437	1.87486	2.89413	2.18434	3.46513	1.04738	2.58898	7.39565	5.45862	2.50055	3.23512	2.61382	1.44799	1.70369	3.85114	0.803305	6.12108	8.32825	10.7262	11.668	6.44965	7.85645	6.08752	5.37648	5.17071	2.89416	0.568062	2.34097	3.05634	4.14016	3.9702	2.39533	2.83797	1.27001	0	0	0	0.568044	10.9077	19.9448	13.6777	7.2557	10.5171	10.048	6.44962	7.58136	9.08494	6.30294	4.95626	3.35217	16.0582	16.1852	18.9394	23.6993	20.4949	19.959	21.0374	9.88938	6.3929	6.48167	5.7404	4.71488	3.0085	0.359276	0	0	0.359276	4.53857	12.448	13.7301	6.64566	7.99171	14.4412	19.1864	23.1137	15.2044	2.44193	0.91592	2.22088	6.27246	5.36757	4.7453	2.27106	8.60583	11.5386	9.23638	10.5612	11.3384	9.32864	4.57027	1.07771	8.20685	11.3691	5.4382	3.2301	7.77801	7.43395	12.2714	13.1977	20.7649	4.4533	14.8073	14.0147	5.04868	8.63158	12.5224	12.2681	10.2298	8.73588	9.25467	16.1984	9.2343	14.128	10.4629	13.1516	7.1571	8.12616	13.7693	8.77877	5.34349	4.25092	10.2175	8.95317	15.3672	12.4149	0.17964	0	1.27001	24.288	20.9087	17.7472	14.3986	8.06187	11.5717	6.05588	0.254055	1.62628	2.55154	2.00763	0.359276	0	0	0	0	0	0	0	0	0	0.359276	5.7404	11.8224	13.8733	12.7638	13.8259	12.9338	6.76854	2.04739	4.31823	3.48372	2.58898	1.76865	0.762124	2.04729	2.28529	2.55154	2.58898	7.34425	4.8254	2.87744	2.33403	3.78398	7.32507	8.90962	12.1424	12.7365	11.139	9.00866	7.53756	8.68212	6.24953	8.45887	17.0227	2.51335	11.0739	5.42063	9.84703	13.3903	8.56054	6.26251	5.0456	2.28529	4.67393	10.6381	14.9229	17.7347	20.0201	21.3158	22.0838	22.9187	21.513	15.7934	13.8646	14.6929	16.0155	15.5926	4.89466	10.9293	16.7594	12.9933	11.6571	9.81381	1.36786	6.63877	11.0231	16.4883	20.8174	18.3688	12.4088	4.27723	2.03149	5.29275	9.91647	10.8375	8.07004	6.27246	5.17058	8.38276	7.20352	5.55427	9.19387	17.9611	19.039	10.5524	3.48377	7.04341	11.9794	3.61048	5.76518	3.06681	13.5825	13.2009	11.981	14.1862	14.8765	12.7401	13.7838	15.3354	13.0268	9.95383	14.5467	15.5245	14.2539	13.9461	13.9386
1.94211	4.69065	5.07363	4.58034	2.44169	2.87713	3.4834	3.37095	6.59706	6.20036	0.17962	1.44781	1.84863	2.41506	0.718446	4.23139	1.44781	6.95226	11.5174	8.0142	3.13376	12.5772	7.53649	2.24954	4.42756	3.94947	3.20986	7.06982	8.27665	9.72114	9.48003	4.99746	3.19466	3.20973	0.967179	0	0.17962	0.915822	2.89386	18.0365	22.2727	8.9052	2.16938	6.75836	10.2103	5.22239	7.66936	5.96024	7.36494	6.80763	6.16211	10.8953	9.52745	22.2731	21.9664	16.1614	15.7246	16.3963	11.9233	2.87711	4.31777	4.12804	3.17958	1.36767	0	0	0	1.13586	7.58644	12.4332	8.35731	2.41519	6.35234	10.4573	14.9045	13.2596	5.42005	0.17962	1.43667	4.56969	3.83821	3.73248	2.87711	4.33255	4.51341	6.24892	8.3596	7.99879	5.68699	5.30418	3.4834	5.57072	7.28956	5.5162	6.44906	7.02715	8.77613	10.1789	12.8049	16.5154	12.0795	9.88834	16.5531	9.38058	4.49216	7.49681	7.66936	9.31605	9.19315	8.12531	4.56969	14.2155	7.61335	14.8375	3.38522	13.048	2.00738	10.2059	10.7634	3.87163	0.567984	3.94947	5.12346	8.21366	16.3399	12.553	0.17962	0	1.14995	17.8453	21.4911	21.9336	7.62815	4.82182	14.3143	8.3592	1.26994	1.53429	0.508018	2.28493	0.508018	0	0	0	0	0	0	0	0.898031	3.52459	7.75917	14.3147	14.6459	10.1072	9.01505	10.4927	15.8427	12.5374	3.69341	2.87713	3.93331	6.00005	5.71214	3.22975	3.44616	1.09245	0.718446	3.09769	7.36504	7.51132	3.09769	3.60994	9.97127	11.9084	10.6138	9.66651	3.53826	12.4805	8.32011	15.6824	13.5726	8.07893	10.3428	19.2644	2.79211	13.3438	2.73964	6.34462	7.50935	10.8958	10.6197	9.42557	6.61897	3.2496	3.00827	5.01984	6.84245	8.4584	9.97155	11.3804	10.5425	3.0874	8.9104	11.4166	9.31605	10.1865	12.6937	16.3616	15.3356	12.4081	13.8428	14.9164	13.1403	10.8774	13.9307	17.9964	20.9314	23.949	29.3011	27.93	18.4904	17.3475	11.732	4.1821	2.00742	5.27099	6.85149	5.44645	9.63085	1.52382	2.83766	13.5134	14.0589	5.3758	9.39415	11.7072	14.8112	14.9368	11.7955	16.5677	16.2688	15.5374	11.3371	11.2926	12.8567	13.8168	10.3474	6.34495	9.16745	7.85563	1.20478	13.944	18.8854	7.53431	3.87153	6.11551
1.44775	2.44145	3.05574	2.9213	2.33357	1.3676	2.73953	2.80336	4.27619	5.48087	1.0775	1.20462	1.65537	2.92115	0.401594	4.4378	1.26976	7.22802	13.0179	6.23047	9.09655	11.7874	1.94203	4.91971	4.33574	4.17004	4.53769	8.25289	6.01282	7.70754	6.74637	9.39305	4.56922	2.7394	0.359205	0	0.401594	1.70335	4.26123	21.4532	20.3288	2.74535	2.97027	4.56922	8.53102	3.29841	3.52418	3.56038	14.1041	5.41965	2.29889	5.82719	9.58157	18.575	14.4216	9.08988	11.1986	12.7193	11.0482	5.73083	1.3676	2.36102	2.22045	0.538799	0	0	0	1.79542	8.58585	10.5586	6.0861	2.04699	5.61864	9.71668	9.11717	3.80437	1.14985	0	3.20944	4.26121	1.97487	4.48103	5.19413	6.44849	5.65273	0.253992	1.62597	2.49352	1.0775	4.87392	3.78328	9.23253	4.19685	5.45785	7.0692	7.69123	10.5592	11.9775	9.88798	10.8253	4.30615	13.8657	16.395	3.56038	5.04458	2.89356	5.60447	5.37531	6.32424	4.42717	1.04713	13.7805	10.5732	12.1497	8.08988	11.87	4.82449	10.2396	7.44313	3.05567	5.57595	2.10125	5.86278	11.0737	21.3843	17.6963	0.401594	0	1.01587	7.22596	10.5941	7.52769	16.156	4.77141	17.8365	7.57534	1.01592	1.09235	2.55105	2.00724	0.359205	0	0	0	0	0	0	0	2.00718	6.11997	10.1367	12.436	5.94884	0.401611	3.57391	3.59189	18.2951	16.8367	6.08347	3.87942	1.20462	3.05574	5.09507	6.11476	4.52349	0.897929	0.359205	1.44768	5.34246	7.1401	5.32452	8.95833	11.2273	7.46016	5.39896	4.60762	2.89352	9.0828	8.84628	10.0324	8.04681	4.6525	5.19733	19.6705	7.69095	14.9026	0	7.90087	3.78325	3.87119	7.1335	5.6891	3.94914	5.95675	3.38476	1.80442	3.76627	3.04521	2.89356	2.56978	0.915722	9.00172	14.5797	9.08152	6.8419	7.85522	8.80214	10.3999	5.26732	2.36098	2.51924	4.48455	4.76116	3.85039	8.50526	9.88124	5.66103	4.67312	19.0517	24.0271	17.7643	16.0386	14.544	8.74847	11.7426	9.88798	6.44849	5.19427	9.63011	6.05491	5.92466	14.551	8.74853	14.666	16.0749	16.4798	10.9497	5.3752	4.56922	6.82571	8.11506	6.83012	7.56709	4.95529	3.80437	7.47693	7.36429	3.13348	6.7202	9.61382	2.00718	14.8967	19.8922	5.65262	3.05574	1.44775
0.567883	0.915641	0.967043	1.30722	2.49976	0.897895	1.87427	0.401576	3.2341	4.20026	1.07741	1.07741	1.60584	2.53805	0.897872	3.6797	1.53407	7.18577	11.6629	4.68977	7.6265	7.69028	5.28825	2.89339	4.67261	3.69714	6.29085	9.01138	5.46611	6.65348	4.95475	11.6786	5.2304	2.58825	0.647506	5.04423	9.2524	8.22196	5.5956	22.6302	19.3962	4.88996	4.67274	2.51264	6.45011	2.44114	1.80424	5.94827	12.989	3.86268	3.67989	5.34219	13.2288	16.9921	11.4955	5.79668	7.72291	10.8169	10.483	7.07946	2.1689	1.26969	1.20452	0	0	0	0	1.69371	7.6841	9.93824	7.08617	3.22918	8.212	12.736	6.11422	0.718319	1.01583	6.07531	11.5595	7.61241	6.61747	0.740415	9.12137	4.52309	5.04413	4.97742	5.46611	5.15691	3.83341	4.26083	9.78286	12.0333	3.74465	2.78574	4.88996	6.57458	9.2524	11.8717	6.7199	6.97849	8.79578	15.5981	17.0601	3.85022	4.88989	0.538752	7.70044	9.0287	5.68878	2.79147	0.91566	14.2465	10.2689	6.7007	1.26971	7.84016	6.75717	10.6867	7.61202	3.35113	7.90213	3.93261	6.78295	3.69276	21.365	19.2036	0.803077	0	0.803077	1.44758	1.26969	8.27479	17.7428	7.90445	18.3825	5.82947	1.26971	2.007	0	0	0	0	0.179589	0.253983	0.179589	0	0	2.15405	6.97849	10.4789	11.409	7.80611	2.22031	3.5737	6.61765	3.48278	19.1198	17.9684	3.56006	4.91927	5.84331	5.68873	2.87662	5.9482	5.2304	1.29478	0	1.40232	4.95467	7.92394	9.78586	10.4463	8.93483	4.96757	6.01467	5.39854	8.32578	7.53313	10.2689	4.73378	7.95758	5.6969	0.567883	18.0927	12.4965	13.4357	10.0625	10.3276	8.4327	10.4835	10.68	7.90042	6.28094	5.51523	2.16146	0.647474	3.24899	2.94297	1.44758	2.80882	3.91623	11.3105	15.2261	2.89882	1.01583	6.86635	4.27602	3.62708	2.49341	3.63162	5.19689	4.86698	5.19367	2.44114	7.07971	14.9306	17.0357	19.0655	20.1639	14.8937	5.56144	13.8141	18.9683	10.3349	4.40849	0.740433	0.740433	3.06584	6.24782	6.20961	7.82212	12.1024	11.7572	11.5159	4.36111	8.81546	12.3755	13.2236	16.2268	15.5124	7.92631	4.12342	8.18361	9.2322	6.33876	8.90688	9.93836	7.77596	9.44694	5.86214	5.12901	15.1944	19.3442	4.91927	1.76815	6.76678
0.740336	2.53786	2.79132	2.837	2.53786	1.26958	2.04652	1.76796	2.92058	2.83686	1.20444	1.20444	2.00681	1.36728	0.802992	2.09325	5.95588	6.63609	6.54699	6.32311	4.13855	3.23386	4.9415	3.41252	4.30895	4.00884	8.93403	11.5792	9.31346	9.55572	10.1423	13.3279	6.55669	2.74482	6.11379	15.2864	18.0886	17.5773	13.114	22.1938	17.2581	3.2338	4.33496	4.06441	3.20882	3.27331	2.34	5.3175	8.01778	5.12847	3.36999	7.29648	15.7751	14.905	10.7202	4.67221	3.44518	10.4052	12.6884	7.99614	2.83689	1.04697	0.538694	0	0	0	0	1.04692	5.90736	9.53575	8.70002	4.15775	12.5749	14.2482	3.60457	1.01567	5.19326	10.3026	7.16541	7.69964	8.55867	2.89295	9.16475	5.21464	5.32377	8.32158	7.70004	4.81383	6.7189	4.64833	15.8441	7.18537	8.55683	7.35667	8.32158	11.164	11.8989	14.6147	13.4793	10.1182	10.1423	18.1538	16.7481	3.80376	4.65173	4.09578	11.9825	13.2807	5.79606	4.81357	9.19708	13.1808	5.20542	4.8202	1.98263	4.70279	9.00521	12.1374	7.80529	1.30704	4.16923	6.57383	5.52636	7.53427	19.9785	17.2407	2.87632	0.897777	0.359135	0.96694	1.04697	6.39023	14.2453	14.9911	13.916	3.62676	1.26958	0.897777	0	0	0	0	2.51875	4.27556	4.09578	2.29844	2.16134	7.34158	13.5719	13.3452	10.7934	7.19187	7.27051	10.8842	11.4948	8.2894	18.6256	18.2342	3.96853	4.20003	6.54731	8.01412	6.36812	5.37131	3.73123	2.09325	2.49315	0.507901	4.08782	11.4823	11.9748	7.66691	6.97755	4.77025	6.69292	4.33503	16.1497	5.26656	14.0635	2.79117	9.87935	7.80529	4.18092	14.1865	16.3169	6.47917	11.5479	7.28788	6.20918	10.6689	10.6183	7.7489	6.35065	4.33503	1.26958	0.401516	1.26953	0.8978	0.966905	1.01567	2.27018	9.56339	13.0984	7.19187	6.4473	11.4078	5.60642	4.92851	5.95856	3.69684	3.93199	5.61755	5.06563	4.96725	12.0575	15.6457	16.1922	16.5468	17.3707	16.1635	15.541	17.475	14.8377	7.79111	2.83689	0.567841	0.253955	1.43626	4.33496	7.85357	10.0859	14.5825	17.6939	15.2532	15.7751	6.59521	12.8858	16.8344	19.8538	20.3599	16.1925	2.98601	11.4495	13.2188	8.5206	8.70195	8.84609	6.41996	8.08995	6.96853	15.035	16.7495	17.9628	4.58952	7.57804	11.6409
3.42631	2.61257	0.897697	0.802955	1.70293	2.4076	2.95869	1.62551	2.10065	3.04954	1.87396	1.53377	2.69133	1.795	2.16115	5.77089	8.40133	6.4492	2.04641	1.93309	0.740289	1.94148	2.58787	2.33974	2.71509	3.78228	10.6849	11.1338	7.97802	8.61295	12.9801	17.8827	11.3044	6.29995	14.0585	19.9883	16.1406	17.3758	19.8687	19.8628	10.9406	2.04631	2.73875	6.59494	5.37379	3.91547	7.36251	8.61295	10.1659	6.50765	2.44078	10.6213	13.5132	9.87389	8.21427	2.33287	0.647348	10.5703	15.1499	7.9876	1.93309	0	0	0	0	0	1.79495	3.13271	3.6964	8.31667	8.39558	10.6853	15.4261	9.79351	0.359104	1.79491	5.80642	7.1471	10.9691	12.2746	2.04633	8.3788	6.5247	5.41207	6.63545	6.57331	5.20505	4.49387	5.13091	5.68464	9.57886	13.1641	14.6618	7.56522	4.89233	5.09363	3.13269	5.73771	9.25563	7.82095	11.3097	20.4034	14.0834	3.62644	5.82852	7.97224	13.5077	6.63534	7.72142	3.93185	9.96131	8.20468	2.80241	3.94791	1.36721	4.97967	10.8547	9.2502	3.60425	4.43678	2.00661	4.53285	1.79495	7.74788	19.7579	16.7467	3.8701	2.16848	0	0	0	3.30705	4.21852	5.06536	3.52319	1.01563	1.13547	0.359104	0	0.538647	1.53377	2.29824	7.18012	9.35263	10.5591	9.57279	11.0305	16.5033	18.183	13.0207	10.1706	11.4871	15.1515	14.9161	9.57279	9.39055	18.9589	17.9667	7.58984	2.92032	1.13547	3.44965	5.16522	4.97645	2.33985	2.33287	3.80342	4.53648	0.179554	12.2619	14.9303	7.693	8.26003	8.35424	4.45117	16.7276	9.1234	8.70119	10.4043	3.81184	11.5926	8.52873	5.15591	8.55792	15.2425	8.56369	6.82379	4.43678	3.63074	1.2694	0.567772	1.76781	1.61556	1.54425	2.21988	1.20433	3.09654	7.00662	7.45833	3.4122	0.253919	8.65062	7.32787	0.567772	3.29748	5.86905	5.34115	9.45672	7.53189	7.39861	4.00836	7.6645	12.5816	12.3547	5.51429	5.60576	3.65726	1.98244	7.11371	12.4422	13.3273	11.992	6.28211	4.97942	2.56905	0.359104	0.897697	0.802955	0.567772	3.9803	5.52877	7.47522	4.08762	5.86093	10.0601	14.2356	14.396	7.13176	10.1295	15.8097	19.5279	4.74313	11.0244	2.21982	7.47522	4.06405	9.21017	16.4562	15.4415	21.3262	15.6777	9.36251	8.70105	10.4224	11.9855	5.86905
3.0963	0.915395	2.83634	2.56892	2.58764	3.00688	2.8981	2.29804	0.89761	1.98224	2.39389	1.62532	2.39389	1.26935	2.0462	6.27887	5.90094	3.76484	3.0963	5.54823	4.13769	3.52283	2.92015	0.359069	1.3068	3.52283	11.0246	8.70202	6.11763	6.2815	8.21942	18.0496	13.5779	5.59398	14.8736	14.9878	8.91142	8.24252	11.6603	11.1055	5.26557	3.05449	4.91773	5.24124	10.3542	6.54573	4.68847	5.22919	11.0358	8.89188	4.68839	11.0358	10.6375	7.11079	6.71761	1.79478	2.5374	11.8101	14.9493	6.64891	0.802837	0	0	0	0	0	4.0079	3.30686	1.13532	6.12288	7.00362	7.39809	8.98978	3.04924	0	1.07709	4.71227	7.14445	6.71563	3.00688	6.80417	8.94277	2.49913	5.97839	9.77813	3.13757	8.37958	7.7734	1.30684	4.33399	6.89694	12.6628	8.0887	2.64902	1.1494	2.80212	0.507775	0.718109	2.26984	5.99705	15.8408	21.8206	9.68892	5.34049	5.55111	5.34066	7.66545	1.01554	3.44451	6.29913	2.26974	7.50773	4.83911	4.33767	3.17807	5.6871	6.72949	3.5905	6.47805	5.39691	5.47875	2.4139	1.44715	5.81947	20.0818	16.5377	3.67859	2.92001	0	0	0	4.80603	4.74269	5.61941	1.80374	1.48019	1.83027	0.802837	0	1.20416	2.36007	2.40739	8.61172	8.35542	7.17303	7.32761	9.78342	15.4312	13.7357	8.55756	8.38011	11.2165	12.074	7.85839	6.17448	8.55519	20.5442	19.5421	6.64891	3.54997	0.179536	0.567738	0.89764	0.89764	1.26932	4.27453	3.46312	5.26842	4.09484	8.11155	14.8099	7.06627	8.59895	12.008	11.6438	12.3579	10.4799	10.8903	2.36007	3.95975	9.09817	6.59152	1.94118	6.29898	8.502	7.82025	8.59951	6.52405	5.82493	1.48014	1.83032	2.80212	1.09193	0.25391	0.915395	1.80371	6.09153	8.90428	7.08452	9.96032	2.92015	11.4216	8.2499	7.42587	8.33517	8.94841	5.4761	8.80012	5.19538	9.94313	6.29939	12.2551	12.6869	8.06542	6.6155	8.1503	2.89251	3.46312	8.16553	14.5578	7.741	4.56773	2.64902	3.05439	3.63036	0.179536	1.29439	0.718109	0.897579	2.4139	1.13536	2.10043	6.63465	10.3811	8.12156	9.24925	10.6086	10.3459	16.6339	15.4703	12.6767	4.16866	13.4219	6.73646	6.61571	10.7124	14.0219	15.3105	12.2613	17.659	6.11795	2.24837	3.36939	16.1468	8.84848	6.93761
2.09265	2.16066	3.76865	1.76746	0.401419	1.36689	0.897499	0.401402	1.76746	0.538542	2.00628	4.08678	3.20805	1.60528	2.00625	5.76132	5.36966	2.9198	2.83617	4.25918	5.70585	4.33361	4.35942	3.08565	3.8111	7.50514	11.6009	8.42926	7.7465	8.37905	7.33952	18.3787	13.2237	6.49669	15.8037	12.5715	6.80364	4.48239	2.66686	2.00625	0.25387	2.5497	4.16805	4.30409	10.9216	7.32646	1.94101	0.401419	10.1606	9.04425	8.29458	10.5888	9.9017	7.28554	5.88419	2.21945	4.67089	13.1086	13.3982	4.96564	0.401402	0	0	1.61524	4.92712	6.8271	7.45677	4.73216	5.38453	1.20405	4.84871	5.3698	4.97526	0	0	0	0.401402	0.253883	0.401402	1.48	9.76301	6.93699	3.8109	7.98606	10.5916	4.25918	11.8091	9.45471	4.25934	4.36319	6.97575	6.28841	1.61524	3.29669	1.14936	3.78137	0.647222	0	0	6.50632	18.5342	20.8035	5.78064	7.70581	6.84778	5.99668	2.69081	1.09183	4.4931	8.24909	6.34886	8.59836	3.5722	6.50637	6.97575	3.80261	1.65461	3.23284	8.11123	10.5131	4.7118	0.401402	0.915303	7.58219	19.4643	15.3687	3.93088	2.79038	0.179519	0	0.538542	9.80425	10.0416	11.576	4.4249	1.25643	1.76746	0.56768	1.69313	5.38166	9.9145	10.5542	8.79252	6.32105	1.61524	4.3301	9.77752	14.4723	10.8216	7.13706	7.82546	11.3388	8.91061	4.25918	7.53216	8.13207	19.2225	20.1019	8.53985	3.83604	0.179519	0	0	0	0.401402	4.12559	5.0453	3.93496	4.68785	6.22752	12.883	7.50497	8.79763	12.3901	15.615	4.75889	13.35	8.69759	2.00628	6.80364	8.35464	6.07281	3.04901	6.78033	4.65713	1.93278	4.84867	5.9057	6.22013	7.81947	5.73656	3.59015	4.06326	5.07076	5.97817	7.19869	8.02741	6.07533	6.34133	8.787	5.09564	12.7277	6.69824	4.74221	2.1903	1.54395	5.68635	8.37887	6.03361	10.1683	5.99668	9.49241	1.13525	7.18741	10.9539	7.06565	6.08332	6.43549	8.04685	14.2025	5.51302	10.6485	16.6946	14.9526	9.97658	2.3325	0.740126	0.897522	1.20405	2.69074	1.30667	1.79456	8.69759	11.5995	3.24773	4.47895	12.0441	10.7905	8.93141	4.3151	5.95392	6.32603	11.1109	11.7522	6.74286	13.5975	17.1198	7.98606	6.65103	9.16222	6.15839	3.55886	7.40592	16.3126	7.28554	12.7466
2.80748	4.09426	5.39592	3.79797	0.647165	0.761503	1.1492	1.20399	2.16049	2.18999	4.87132	6.31825	5.08915	4.67061	3.9348	4.92653	5.70815	2.40692	3.1318	1.20394	3.87722	4.65689	7.07636	8.21232	12.5997	15.1474	12.9243	10.5444	11.3716	10.8193	11.262	19.9402	10.9894	11.5435	16.3087	10.925	5.99865	3.2326	2.21925	1.40172	1.93254	3.60319	4.24769	6.79167	10.3525	5.26746	3.84822	4.09037	3.55836	8.31473	11.408	11.9174	12.3706	9.45408	6.45957	6.11153	9.90422	14.8017	10.7978	2.51144	0.179503	0	1.25632	9.25958	15.5616	16.5358	14.8528	10.248	9.25271	3.06437	4.47855	3.87741	2.09237	0.717975	0	0	0.179503	0.253861	0.179503	4.87117	11.4836	4.48199	3.36874	12.1393	3.23255	14.1377	14.8078	8.04633	4.43186	5.45477	7.42436	3.8691	0.761503	4.4926	1.07689	4.31472	0.647165	0	0.179503	8.84105	19.4011	15.6124	8.0737	13.3404	11.7944	10.39	8.76164	7.72168	13.6516	12.8649	11.9163	8.79723	5.36919	11.8751	10.4623	6.33575	2.04581	11.0602	10.2509	6.20688	3.17241	3.08538	3.9348	9.94608	14.6674	13.0524	9.21589	7.10982	5.76936	3.06968	1.80338	12.1292	5.70535	12.0463	6.64774	1.26908	0.740079	5.16679	9.46731	15.262	16.1945	12.713	8.21808	2.49865	2.61176	9.07966	14.9472	17.8971	17.3506	19.4792	22.4771	19.5658	8.84321	8.84633	7.66409	8.60474	14.5309	17.9596	12.574	4.76848	0.401366	0	0	0	1.80338	4.21732	3.13681	1.84742	4.43175	4.97482	9.00191	9.25958	10.0577	16.645	13.5806	8.44884	7.0225	7.22191	6.34083	9.18698	3.83158	4.33342	7.3262	9.08477	6.20679	5.44306	8.27088	5.1944	3.76841	2.44007	5.92132	1.70244	6.61222	9.81643	12.8731	13.0322	7.25048	3.58983	7.45404	3.572	7.57525	9.15291	8.17977	10.8578	12.8731	11.2787	4.87137	3.60323	4.65689	9.30967	4.95257	11.5156	8.53943	4.33335	7.89644	9.67644	10.26	5.16376	5.7276	11.6875	8.91875	20.4385	20.2877	20.683	16.7912	5.36932	1.60507	1.07689	0.538494	1.70239	1.9819	0.802693	9.57614	11.1306	0.401383	9.49158	9.07645	12.133	5.60131	7.80242	5.33965	7.32798	8.4507	12.9751	11.7245	14.9157	13.4027	4.25894	7.63771	3.41125	10.6488	7.69721	7.37323	8.93929	8.90269	10.8699
3.23218	2.56815	5.84783	5.16297	1.13499	0.717899	2.02973	1.82975	2.26909	5.36862	5.60359	2.56815	2.09225	3.08505	2.73769	3.29607	5.33888	0.897347	3.17207	1.62487	0.538437	3.1924	4.83785	8.11907	11.1983	9.48106	6.0114	7.53081	9.0062	5.85873	13.0302	19.6443	6.50513	10.1725	11.9451	6.68974	3.93011	1.65428	2.33883	1.04642	4.12479	3.86859	2.73769	3.58509	8.08613	2.83565	7.60762	4.50999	3.96664	4.88704	4.59077	8.4517	10.6056	5.47449	3.40152	6.14438	8.8702	10.7166	6.19825	0.179484	0	0	2.80706	15.3555	14.8062	10.0614	8.84586	10.6736	12.8805	5.01578	0.802642	1.52257	0.802642	1.6049	0	0	0	0	0	8.20727	11.0369	1.77628	4.49219	11.5089	8.27001	17.8634	8.40546	2.00589	1.65426	3.40142	2.56807	0.179484	3.6072	4.02669	3.19223	3.84781	0.358964	0	0.401324	10.5663	18.7307	9.72458	7.37246	9.77723	6.23678	5.20316	6.96549	8.50002	12.1269	6.61152	5.8236	5.64884	13.5344	11.9693	5.74933	7.26893	2.80718	13.3014	4.76798	5.82608	6.49543	2.94125	3.65584	7.83164	8.79589	9.62703	10.13	7.10907	6.69705	6.17521	2.40656	9.27855	8.27043	12.2079	4.91632	0.897324	3.53088	7.3187	10.4729	13.5656	7.17091	4.92601	3.53088	3.0849	4.93889	11.542	12.5691	14.019	14.7712	15.4318	16.5479	12.6878	14.9816	10.2027	7.22976	8.59655	11.8544	15.8457	13.4558	5.70475	0.507631	0	0	0	4.00676	5.06332	2.29735	1.52266	3.83117	1.76712	4.87066	7.35948	5.51223	11.1763	14.2883	18.4219	5.37171	2.80147	4.82146	5.76023	3.585	8.47044	10.2092	13.0524	7.96119	7.0377	15.6705	8.44795	8.50002	9.88146	5.95305	5.01578	6.23652	7.17735	8.32127	6.29751	9.08362	8.22445	1.26893	1.25619	5.21216	8.56591	11.2775	14.6435	14.7208	10.9886	9.46757	0.567569	0.915125	9.28692	2.9411	5.51203	7.52267	6.63061	0.507658	5.51223	5.61514	6.08981	5.55806	10.2088	11.3582	16.0369	5.36876	17.3932	17.5242	7.13534	3.17207	0.647096	0	0.538437	1.44673	3.54896	9.33866	8.4108	2.41335	10.6806	3.58947	15.5031	9.18418	12.2758	5.90485	4.02669	3.87681	8.20745	9.80597	10.5477	7.83575	1.54365	2.43974	10.3214	13.0924	4.70074	0.647128	6.8719	9.9887	7.491
3.65544	1.01509	5.44175	5.21776	1.98151	1.36656	2.69005	3.46195	3.5216	5.55745	5.56602	1.25608	2.33874	2.91908	3.34897	2.33869	3.83495	1.97337	2.58651	2.61132	2.51095	3.22701	7.32677	10.8526	9.73025	4.16705	3.05342	6.31677	7.77659	3.29576	14.8493	17.3533	4.24687	10.4173	10.1091	6.93514	4.84734	2.8354	2.56785	1.79405	5.31152	3.76759	1.62473	2.33869	6.49719	2.04533	10.6278	5.55757	7.78675	6.98496	1.3063	8.20081	10.0508	2.83525	3.23199	7.0166	8.34288	8.29014	4.17836	0	0	0	5.44177	17.2942	13.2008	5.61465	6.64897	14.8086	13.4168	4.17836	0	1.69257	0.761395	1.69257	0	0	0	0.358932	2.35922	9.46674	8.44162	1.14897	9.02272	8.0094	15.1903	16.9686	1.54343	7.31806	5.56631	6.871	0.802537	0.717835	8.90098	6.71542	8.07175	2.33862	1.09154	1.40145	1.53304	10.7199	15.4111	8.90285	4.74087	6.0684	2.73731	3.27146	4.05423	5.77922	7.2835	2.00565	0	7.20508	14.5739	10.9873	6.4165	6.27653	0.64707	10.8269	6.16464	8.55227	4.84734	1.62471	3.19212	9.87431	14.1228	12.7281	10.0248	6.07125	7.42908	8.07173	2.04536	5.77354	3.62916	5.20249	0.717835	6.08945	11.1892	10.4175	10.1351	9.391	1.53298	5.20246	2.58651	4.0064	5.92284	12.5487	11.8981	19.3036	20.2781	13.1887	6.08945	12.6242	18.6007	7.94439	6.80166	8.30713	12.9214	15.8737	12.4411	6.74096	1.13489	0	0	0	5.86626	5.61441	2.69005	0.802537	1.94046	1.20376	2.40635	4.65581	4.33258	7.10816	17.7148	19.4345	6.38664	2.89687	2.49816	1.80303	6.553	6.17467	1.43545	9.00018	7.3203	3.76765	16.2416	12.7857	2.91897	0.253798	2.49162	6.22576	7.47129	6.0684	4.77776	6.25401	6.82483	10.9457	15.4261	14.6654	12.1262	7.02808	4.43443	1.40138	2.89145	4.93845	11.5081	12.6105	12.4174	15.5811	14.328	8.51584	4.6216	5.09421	3.19195	0.401288	4.12454	10.6279	6.50477	10.3403	8.22966	8.75959	9.00751	16.4981	15.2163	8.07173	3.42456	0.507586	0	0	1.44658	5.83915	7.67283	5.09421	4.81111	10.0555	6.24365	14.257	12.5572	12.9203	2.53642	2.73744	3.17688	3.44323	1.40138	4.47745	4.49173	1.77612	0.915025	12.4168	11.3408	6.79718	5.99499	5.16276	6.08945	4.13613
2.02948	2.02933	4.18173	4.24624	2.33844	1.36643	2.00556	3.17168	3.05315	3.3676	5.56543	2.80652	2.74301	2.94073	3.48007	1.84697	1.36636	2.56759	0.717765	2.40624	1.79398	5.31999	10.2069	10.4827	8.02244	3.92963	3.05315	5.15275	7.036	1.77584	16.4858	13.824	5.9036	9.45122	8.38699	7.3581	4.39074	2.83514	1.44651	3.30512	5.55687	3.76719	1.62457	3.09475	5.04335	4.06147	12.303	6.55242	9.62183	8.45001	1.53283	8.44814	10.0497	4.3356	5.04024	7.01589	8.34203	6.89785	2.26866	0	0	0	8.5949	16.1427	14.1418	8.21546	13.0129	19.8481	10.6311	2.26866	0	0.966257	0.761327	0.966257	0	0	0	0.802453	4.58973	8.52374	4.18173	5.44117	13.0187	3.93368	19.3366	15.1192	1.54327	12.0189	5.91988	11.6841	0.358897	1.60459	14.7594	6.45539	14.3022	0.914933	2.09943	1.44651	1.65402	9.9865	9.48377	8.05371	5.04037	4.05359	5.97555	3.76305	4.53042	5.99444	4.04194	0.89718	0	6.45494	11.7283	8.86855	7.49602	3.27115	0.739866	7.0338	6.04984	7.18717	3.69447	3.93344	6.94578	10.5503	14.3381	17.073	10.6153	6.80816	10.9735	9.06299	1.04629	4.12412	3.33432	3.1308	1.60459	10.9945	13.3935	9.00672	8.38149	7.11413	4.22736	4.44835	1.60459	3.5302	6.16372	11.5819	11.6541	28.1503	22.4297	10.6793	4.66929	17.5823	16.5381	5.69249	5.83854	6.7239	15.0248	16.8041	11.2327	7.71697	2.09174	0	0	0	7.35797	6.78934	4.13566	3.30512	0.538336	1.61463	1.07658	1.93206	4.82054	3.06879	15.8556	16.956	3.48007	3.13077	2.49794	3.13077	8.70325	4.60366	1.01506	4.47713	8.03998	7.73734	12.0151	13.927	6.40573	0.253771	3.23156	5.47614	8.21522	4.05359	5.37963	6.08906	3.80942	11.7626	15.5453	14.9817	12.3968	12.3032	9.1841	2.91862	3.60219	2.41275	8.21578	12.6142	12.3724	14.302	16.0065	11.184	4.62119	2.74301	2.43924	0.17945	8.84025	9.99907	6.00774	8.88826	7.11442	3.0636	9.08248	12.2737	10.736	8.07088	3.17145	0.507532	0	0	2.18934	7.76973	4.73011	2.33853	4.91561	8.97856	7.56063	12.1743	11.4162	10.5322	2.09187	2.6659	4.5653	4.197	1.14885	6.22511	4.72676	1.77597	1.84686	13.1368	5.95162	8.26674	5.46196	5.45027	4.98641	3.00544
0.646944	3.24622	4.68577	5.68382	6.00974	6.81924	6.83774	5.22615	3.87591	4.08483	5.38197	2.64736	1.61447	1.82926	1.14881	4.81018	6.4449	5.76713	4.32804	3.58407	4.44819	8.21468	9.24917	5.70314	4.84636	3.80928	2.33139	5.20145	5.31946	2.1597	14.2875	10.9615	9.63892	7.66949	5.33745	4.62047	3.69405	3.0423	1.20352	3.67651	6.32303	4.16607	1.70178	3.46115	3.84672	5.81619	12.1233	5.38195	11.1731	10.9852	6.63119	10.5402	10.2903	6.11939	6.76081	7.4889	7.83953	4.65491	0.80238	0.179433	0.253762	0.179433	10.8077	15.1662	10.8658	11.6444	15.3563	18.0624	9.4633	2.78332	0	0.40121	0.253762	0.40121	0	0	0	0.80238	5.58774	8.57776	6.08824	8.75271	8.6539	11.7485	20.5397	11.1717	2.49114	11.5388	8.05306	11.0933	0	2.29658	13.7093	8.64529	13.9226	0.253762	2.09924	0.80238	6.60955	12.5658	6.28559	1.47933	8.46812	9.18207	5.90035	2.28254	3.23127	2.80627	0.897093	0	0	6.06722	9.68353	5.15228	6.86988	5.91927	3.80908	7.56832	7.32551	8.117	6.1144	9.96111	13.727	13.3308	12.9621	18.2911	9.05876	9.89706	11.9266	7.47197	0.966168	1.60445	1.01495	1.30609	6.98381	12.6697	11.1002	3.97776	4.13536	3.36743	9.48321	6.63833	3.94546	3.23136	6.25251	10.8205	15.447	28.71	16.6262	17.1396	14.9312	16.1316	12.2043	7.37039	7.79942	6.83509	15.5898	16.4459	10.0903	9.02094	4.30568	1.36629	6.37812	13.0181	16.401	12.0272	9.25608	6.79583	3.08418	1.30609	1.44634	2.26852	3.79649	3.27082	15.2327	12.7655	4.30581	7.743	4.40487	7.17959	8.10701	3.58389	1.7937	2.9567	4.48729	8.98283	11.0712	14.4388	7.35732	0.40121	2.89631	5.024	9.35617	6.79583	4.7263	0.914865	8.39007	14.6846	16.3377	16.1805	12.98	12.9702	10.0964	4.95039	4.22698	5.94312	5.76696	6.86997	11.2036	11.0717	7.62626	8.83768	4.53344	1.8027	4.13541	9.7589	9.95334	4.47659	5.26257	6.32337	6.99954	6.80037	7.14234	10.2949	9.77925	7.14447	2.49759	0.40121	0.179433	0.253762	1.8467	7.28209	6.71176	6.64551	5.51068	5.26236	6.0777	10.046	8.96216	6.82351	3.54815	5.36738	4.49096	3.4239	1.97299	6.83509	4.08467	0	2.586	11.6374	6.45708	6.62858	1.01495	1.90665	2.18914	2.26852
2.73654	2.73079	4.02534	5.21651	5.83778	6.89234	6.98333	5.94279	4.00544	4.08447	3.945	0.914784	1.30597	2.53567	4.57495	5.68332	6.45415	5.58754	4.08452	3.58376	4.92434	8.40231	5.76645	1.93991	3.6937	3.80894	4.2568	7.45233	2.80028	3.23105	8.19087	7.04395	8.63721	6.28504	3.17607	0.914784	3.42377	3.65448	2.43883	2.9181	7.82072	4.88516	1.54307	3.69359	3.13021	7.31805	10.4142	3.42366	12.0935	12.3021	7.00133	10.1582	8.43943	5.73333	6.97178	7.91259	6.76022	2.51024	0.35883	0.401174	0.25374	0.401174	12.2651	14.6928	3.82983	10.3032	10.6556	9.24998	10.1626	5.36961	0	0.179417	0.25374	0.179417	0	0	0	0.35883	5.58725	10.5478	10.3476	7.51143	3.76652	15.5963	15.2634	5.20111	1.30593	5.96673	7.7748	5.01087	0	2.80028	6.11885	8.83729	6.61136	0.25374	1.09123	3.30454	12.7208	12.5648	6.04863	6.9331	8.13562	9.18127	4.95014	0.761138	3.47929	2.09905	2.00509	0	0	6.06669	8.94206	2.87388	5.56474	8.20444	10.2937	10.1063	7.24705	9.15736	6.07224	12.3158	14.7731	13.4769	20.219	20.3199	9.05797	17.1897	8.54986	3.17598	1.69209	0.717632	1.01486	5.06451	10.0358	9.92904	9.46248	5.54457	3.82983	7.39303	9.96025	6.2548	4.02536	2.43893	6.25196	10.0955	22.6567	21.8903	9.82761	17.1814	15.21	7.78483	5.54733	7.36974	10.1627	10.0157	15.1166	14.8016	8.44672	9.47724	6.63033	1.98093	11.7471	16.5887	15.6516	11.3383	11.8631	7.56766	3.40026	1.61433	2.89605	2.26832	4.49046	5.3815	15.0027	7.38658	7.14384	8.75202	9.16904	11.0951	4.96284	4.58539	4.31267	4.35696	1.29361	7.52587	13.9619	15.3832	5.86461	0.179417	1.44621	3.52971	7.84497	10.1063	1.09121	4.62006	6.49567	12.8121	16.2122	15.8903	13.0573	8.06009	6.95357	4.69881	6.47339	4.8195	5.01087	9.60419	12.5144	11.4187	5.41402	4.95003	6.14212	3.69359	10.3252	11.257	7.52622	2.98333	5.82411	6.36275	4.57516	7.26626	10.6018	10.6467	8.59365	4.30543	1.26847	0.179417	0.401174	0.25374	0.567358	4.04117	6.36275	6.56835	5.45218	2.41245	2.89054	6.77674	5.65538	2.29637	4.66829	5.46091	3.69373	1.14865	2.56712	6.10059	3.08375	0	1.6043	7.28146	6.72521	3.9125	1.43504	0.646855	4.44756	2.86828
4.09172	0.966016	0.802224	2.15916	1.53244	2.50997	1.13445	3.77883	1.98072	3.27013	3.60113	2.98316	3.72786	4.86848	5.82331	4.42191	0.739646	1.79335	0.538179	1.44606	3.60548	6.39649	2.83418	0.914668	0.56728	0.914687	5.94192	8.08027	1.13448	3.74057	3.94449	1.65349	2.41207	2.33778	1.9398	1.43489	0.896918	2.78278	3.58776	4.50784	7.41984	3.2945	3.29465	4.99117	3.1299	7.49365	8.16129	3.53388	11.2676	11.8489	4.42193	7.5875	5.52375	2.91779	5.20968	8.00439	7.07214	2.71278	0.739646	2.15921	4.81914	5.70511	11.3554	13.3324	1.82887	2.26801	2.7305	6.47271	10.6771	5.5553	0	0	0	0.179398	0.253713	0.179398	0	0.358792	5.31843	11.6351	11.164	4.48662	12.8221	14.117	6.55047	0.401132	0.401132	0.253713	0.401132	0	0	2.40542	1.69199	2.4971	0.401132	0	0.358792	4.86829	13.7067	8.94819	7.49385	10.0255	2.93969	5.43974	4.60234	2.15921	3.7789	1.80235	1.9397	0.739646	1.01475	5.72428	8.31329	0.896895	1.80235	8.68107	13.1526	8.80944	3.04696	7.87002	3.12998	14.0029	13.0875	7.12537	22.0231	21.9699	11.3969	18.7313	4.58491	1.13445	1.60413	0	0	7.45154	10.5613	5.69089	7.43466	5.90994	7.32394	10.4898	5.12648	6.02945	5.1174	2.69497	6.83607	10.6237	22.6166	17.379	9.00909	2.95612	5.82053	2.09115	2.35826	5.21576	11.0608	12.1223	14.5106	13.5271	7.86194	8.01993	6.25131	5.41345	14.611	13.1515	2.66495	6.2741	10.1082	5.22487	3.87496	1.29341	3.68885	1.53239	3.93232	6.47274	11.7794	6.24143	9.24757	4.60234	9.91071	12.0207	8.60559	10.3959	13.1017	9.18031	6.24138	8.8361	15.4215	14.7882	4.37106	0	0	0	4.43271	11.5154	4.83555	8.78669	9.32945	3.76612	1.14853	2.95612	5.18832	3.05223	5.94212	3.91208	5.0388	5.55265	0.896941	8.65223	5.94197	6.07666	5.50933	5.01351	9.79634	9.52715	11.3649	5.12648	7.21773	6.84308	7.15857	7.22669	6.78771	7.41994	9.77082	6.86835	5.82062	2.18144	0.401149	1.09111	1.76634	1.30583	0.802224	0	0.717556	1.47905	1.82891	2.61023	0.401132	1.54291	3.0469	1.44606	3.6932	3.20589	3.94054	1.79344	1.29341	5.20047	3.52014	0.914687	0.896895	4.31221	4.37106	1.44608	2.87357	1.93148	6.08692	2.66495
3.6273	2.33064	0.35876	3.42293	2.35806	2.88998	1.13435	3.04656	1.98054	4.35974	3.94019	3.04669	3.8458	4.65377	3.58744	3.93198	0.646761	2.29593	1.20313	2.00472	4.33032	5.90123	2.83393	2.33751	0.567229	0.914606	7.69169	7.08476	1.82871	3.30394	1.69176	1.44591	0.179382	1.84626	2.21776	1.01466	1.091	1.80219	2.8956	4.83514	4.64676	1.62395	3.29436	6.33631	3.34728	6.25328	5.21528	3.44177	9.14686	11.3651	5.35969	7.107	5.04148	0.646729	2.95586	7.39168	8.34272	4.47537	1.30568	4.16489	7.19306	6.21543	7.58686	11.1521	1.13438	1.43476	2.73026	10.1849	11.6407	3.36634	0	0	0	0.401096	0.25369	0.401096	0	0.802153	4.81519	11.8773	9.44749	6.07612	13.9977	10.3873	3.23043	0.179382	0.179382	0.25369	0.179382	0	0	1.07617	1.65341	1.26823	0.179382	0	0.802153	5.36559	10.3157	6.26354	6.99765	7.78713	1.44589	7.84532	2.43845	5.12602	2.91764	1.44595	0.739562	1.30568	1.01466	4.97468	7.8152	1.65332	1.53231	9.15534	12.2009	5.31197	3.23049	8.08161	5.60044	18.6515	13.7674	3.76588	19.8179	23.0438	15.9421	15.2554	5.58617	2.09096	0.717492	0	0	8.19694	10.5604	3.92789	5.75699	4.4755	7.84545	8.55544	1.53231	10.5488	5.11695	6.62905	8.32761	12.2985	15.3804	13.2673	7.32132	3.58297	6.32126	1.13435	3.0042	5.68205	11.5356	12.5909	13.3357	12.5693	9.07856	5.80091	3.39949	7.2171	14.1661	9.14686	0.896816	9.30851	6.79846	2.49043	6.36119	0.35876	3.68852	2.24645	2.49688	6.71194	6.36119	6.24088	7.44908	2.78261	6.49411	8.19714	8.60483	9.93994	13.2054	10.1047	7.14698	9.86464	14.08	12.2096	2.88993	0	0	0	4.18018	12.485	9.15537	7.61814	13.3179	7.6692	2.41185	6.10723	4.13424	3.13485	4.76552	4.83184	3.06762	4.97172	6.5014	6.68599	2.41198	5.12309	0.896862	7.72436	11.964	9.92733	6.20264	1.97243	6.82174	5.79005	10.2694	7.49963	7.79738	5.90139	6.09941	4.08356	6.24069	4.19167	0.538131	2.09864	1.87217	2.2177	1.29329	0	1.60399	1.79324	1.82875	2.18121	2.15897	2.33755	3.23043	2.89549	1.80219	3.04144	3.06242	1.93131	1.29329	4.02442	4.42154	1.70124	0.646729	4.81519	4.86786	1.80219	3.423	2.88998	7.08476	2.91753
2.21748	3.76125	2.68859	3.62693	1.65315	2.56633	1.26805	1.36571	2.83379	5.39178	5.00941	5.06019	7.03084	6.50116	3.7656	1.76593	2.53504	2.5095	1.13423	1.43462	4.9838	4.51743	1.97223	3.97619	3.33273	3.17016	9.05713	7.83058	4.81824	2.89533	0.538079	1.52155	1.65318	1.40065	2.33052	3.42281	4.33013	4.1223	3.53325	2.18099	2.33052	4.50701	3.17016	7.11076	4.86741	3.52852	5.08831	4.33383	8.44613	11.321	4.42109	4.64646	11.4702	13.6876	11.2987	10.4881	10.3863	7.96974	7.96402	9.44865	8.19638	5.39185	7.68498	13.8663	10.4708	8.12566	6.50072	13.9591	9.89331	1.60382	0	1.07606	4.42848	6.08617	4.47509	1.62377	0.179364	0.802069	4.81468	9.78166	10.119	12.2338	10.8435	4.66677	0.802069	0	1.61386	2.68859	2.21755	0.538079	0	0	0	0.358725	1.13428	1.79312	3.12941	5.59987	5.86286	5.05069	4.3042	2.71228	5.48545	4.33353	4.92294	5.31746	0.802069	0.717422	2.60984	3.20532	2.41177	6.28303	9.06403	6.72098	7.07781	11.6083	14.1962	6.34351	6.69236	8.0808	9.49236	18.719	12.2333	9.31648	20.3206	23.5288	16.6251	12.0195	6.69236	2.29568	0	0	0.896751	7.69904	8.22479	8.89636	11.502	10.2929	5.75671	3.69249	3.68836	9.42678	2.96645	4.81804	9.8244	12.782	13.387	10.6738	7.501	11.1226	12.9148	9.73789	7.86072	9.30249	15.3457	12.2618	10.2367	13.3523	9.51359	2.78796	5.84424	13.7913	12.8772	3.00389	4.32642	9.40711	5.54569	4.81824	7.2772	2.5159	3.62693	1.20301	2.09087	4.81801	3.09327	4.99022	3.23013	4.66689	6.31347	10.7145	13.7625	13.2869	9.92656	10.2432	14.1362	16.0274	13.213	8.72786	1.60382	0	0	0.358725	3.19009	10.6522	13.7102	13.3934	14.1115	8.00869	6.23236	12.507	11.3418	11.3902	8.79241	9.0985	9.18032	8.73726	6.28303	5.65341	3.23005	0.401077	9.94339	11.6909	9.28091	5.3174	0.507325	2.95549	6.63552	5.97272	9.73723	5.04095	6.50106	7.3464	5.89553	2.43824	3.84546	10.8214	11.5813	6.09915	1.0145	2.35782	1.04572	0.739512	2.95549	2.71228	1.69169	1.13423	2.21748	3.7656	4.92294	3.77825	1.90604	2.41177	3.05169	3.44609	2.91736	3.23011	5.21486	4.12218	4.47509	11.1623	13.3126	12.3911	10.8171	10.9173	14.1076	12.014
1.20295	3.26926	2.89503	2.3371	0.179347	2.33019	0.253627	1.36558	3.17484	4.8309	5.76422	5.44711	7.44765	6.45165	6.7972	2.24602	2.53477	1.79293	0.507271	1.43448	4.98335	2.33019	1.65306	3.36582	3.33238	3.22989	8.39155	7.82986	4.69718	3.12909	2.1881	2.53463	2.33019	1.44567	2.1882	3.69229	4.40277	4.24402	3.79481	2.18078	3.2298	4.21377	3.18997	6.67058	7.18061	1.79289	4.48889	4.33337	8.44536	10.8565	2.04404	7.48536	12.3604	13.7902	12.4481	12.4187	10.7802	7.44765	8.01809	9.01703	6.23207	5.23573	8.86356	16.7475	10.9343	11.3283	16.8894	14.5919	5.05956	0.717352	0	2.40473	7.78563	6.08553	7.52514	2.96602	0.401018	0.35869	5.31693	4.94811	9.03087	11.265	6.39004	1.82835	1.29304	0	3.60446	2.89503	3.91087	1.2029	0	0	0	0.801997	1.82835	1.93094	3.94347	4.53121	0.802031	4.69723	4.30376	6.54863	4.93541	4.33315	4.64259	2.60957	0.35869	1.60368	4.42792	3.04085	2.43798	7.84381	9.71739	8.02572	7.0324	11.9985	15.0022	6.83213	14.7563	7.86782	15.0323	14.2934	8.01789	9.62974	19.5305	21.4933	12.5598	9.08537	7.93911	1.79284	0	0	2.00431	5.95092	3.87406	9.08923	11.4103	10.5574	8.39908	2.3576	3.54646	3.16966	2.78786	4.3589	8.61021	11.3979	15.6591	11.2917	7.868	13.7596	13.0384	10.6039	11.0841	16.5196	19.8578	8.92321	5.4469	15.9573	9.03045	0.760842	10.8326	16.0976	9.17943	5.36753	6.08535	6.13974	6.47338	6.64454	5.05956	3.47798	3.17475	1.69143	2.53472	1.44565	1.8459	4.56276	3.40359	3.95564	6.50043	11.2433	13.6087	13.2133	9.78123	8.83923	14.3343	14.7998	9.92555	4.53128	0.717352	0	0	0.801997	1.44561	5.42956	11.389	13.3249	9.86306	4.31112	11.7774	16.8013	11.952	11.5009	10.0737	8.93891	8.48078	9.55215	4.29999	5.65291	3.92716	4.44584	17.1835	10.086	4.64259	3.80727	0.507271	2.15116	8.76267	9.69177	7.03205	8.44529	5.91915	7.06595	5.15931	3.77784	8.50249	10.8202	12.5591	10.8778	5.05939	1.53201	0.253641	1.30543	3.85735	2.87276	1.8718	0.507271	1.20295	3.76521	4.64259	2.91712	1.93925	2.49006	3.05137	3.44573	2.41151	2.43795	4.47814	5.26292	6.69189	15.0869	14.4297	12.3654	10.6617	10.8033	13.9837	12.6642
3.05103	1.98	0.914328	0.567087	3.408	3.2934	2.43774	3.24434	2.71173	3.12872	5.45806	3.56848	4.42029	2.33696	7.90886	6.79676	5.61324	3.62643	1.54233	1.84565	3.94303	1.44552	1.36546	0.567069	0.760815	0.646578	6.69118	5.61014	1.13406	3.08228	2.1879	3.12872	3.06145	2.09812	2.00421	1.65288	1.26783	1.40031	2.88912	3.0457	2.83312	3.6264	4.26991	7.17132	8.05604	2.39116	2.0438	0.537979	7.49089	7.95618	4.72724	9.63333	5.93973	4.83376	9.35424	10.25	6.45075	4.97032	6.40185	4.24365	1.70076	3.2884	9.9553	15.2666	4.93497	15.1439	20.1441	11.6766	0	0	0.358658	6.66999	8.63293	3.2884	8.00727	2.89467	0.400983	0	4.97328	2.00419	4.66594	2.24592	6.21368	6.22138	5.03704	2.15847	6.84056	3.55515	6.00343	1.29293	0	0.358658	2.71177	7.22831	10.0852	11.8182	12.7343	9.69143	6.96858	3.4592	4.05882	10.6602	1.43435	8.61654	1.43435	0.401	0.253605	2.33684	4.3032	0.253605	3.51892	8.76201	7.49931	5.4054	2.39116	10.7876	10.7748	10.8148	19.1068	6.09786	16.9016	12.1218	7.28689	9.35447	19.0684	17.8807	8.83453	6.88873	7.38309	2.69397	1.30535	0.507227	2.028	4.66594	2.09805	2.96575	4.47411	4.08241	10.011	4.91209	2.64598	3.55515	3.18969	8.44274	5.35818	8.05596	16.8091	12.6054	8.69057	11.3607	3.29328	7.33194	12.7149	22.1049	20.428	2.04385	4.2697	16.8601	5.94774	4.25488	10.8216	12.3295	6.8684	6.54813	5.70023	11.1673	11.5326	8.37044	6.88677	4.64218	0.567069	3.44533	3.84455	0.80196	1.4455	3.67443	1.93069	0.646546	5.36706	4.81383	0.507227	1.29293	4.65228	3.39864	5.28048	0.179331	0.401	1.30535	2.96587	4.33299	4.80746	4.05903	2.16588	1.44548	0.401	0.567087	0.253605	0.253618	14.542	16.52	5.20775	1.93076	5.44643	6.92991	2.26724	6.71944	8.20423	6.37454	6.33476	9.84451	17.3409	7.65715	12.2662	13.382	10.0545	6.49963	10.2002	13.1467	8.93804	10.1625	3.93908	2.00421	2.15847	6.56489	11.4675	3.12881	10.659	12.1803	5.59599	0	0.400983	1.36546	3.84455	2.56589	1.09069	0.646578	1.80166	1.52128	1.79278	2.24592	1.62349	1.25512	1.40038	2.6641	3.53257	2.24592	2.56587	4.69657	5.76362	13.4483	14.2272	5.9639	1.40031	4.35865	9.25932	3.59976
4.29917	2.83295	2.9166	2.79885	4.00301	2.09028	2.64574	3.42174	2.53426	3.6523	5.35762	2.88881	4.19381	2.004	5.89916	6.72852	6.47006	5.7688	3.96304	2.32986	2.04356	1.30523	1.04549	1.40026	1.29288	3.45884	5.12096	3.12839	2.7291	2.53414	2.18782	4.88252	4.35455	2.48962	1.13391	1.07576	1.36532	1.93049	3.60377	1.14798	3.13369	6.74732	9.65857	9.8299	6.31409	1.60337	2.609	3.05062	5.68819	5.33408	7.58438	4.65192	3.87337	7.82861	7.48396	4.64498	9.10818	12.1462	10.6714	6.79614	4.17866	4.72346	10.1006	8.72371	15.0147	18.6828	16.1198	7.10877	0.717219	6.6434	16.3565	20.4958	10.3199	10.6707	5.71898	1.44538	0.896497	3.56826	3.77718	1.09058	3.00316	12.4604	10.9157	7.19061	7.87249	4.65203	7.33749	2.26693	7.06867	1.29279	0.896497	4.50574	10.0948	15.0847	18.7959	22.7984	22.6084	16.9311	11.5511	3.34599	5.37551	8.99937	2.33669	7.5236	0.801842	1.04542	2.00395	3.94274	2.88888	2.35715	9.15203	9.69514	3.22928	3.62154	5.50672	13.2892	3.69141	17.064	17.029	5.44614	13.7622	11.9459	14.1679	19.934	22.7279	14.6108	6.79136	3.80653	5.74386	5.26205	3.30278	3.13369	2.83299	1.65271	2.15828	2.391	5.93936	5.05863	10.249	8.74698	6.11043	4.51645	7.78045	16.4641	16.6216	10.1998	13.8053	19.3415	17.0516	11.7927	7.6293	10.6408	18.8954	25.987	16.589	4.83329	8.62477	14.0821	4.72343	8.9323	4.47374	8.80221	12.2441	7.28624	10.4039	8.55052	12.6221	6.38891	10.5338	9.39829	5.56693	4.60032	6.79585	1.93878	2.7291	3.58149	1.44533	3.26859	3.06113	4.02309	5.67738	3.05083	1.14798	2.3572	2.48947	0.739302	1.13396	3.40296	6.3416	7.76437	8.43499	8.23244	7.10236	4.25434	0.179314	0.179314	0.567011	0.646478	11.7817	15.7638	12.9333	7.67897	6.0661	7.33122	4.98899	8.89342	9.55006	4.81695	3.00316	11.1479	13.7941	20.0763	19.5911	19.1911	20.262	18.3141	15.2533	17.6985	11.9966	6.86538	2.09793	1.9389	2.16557	7.94548	7.87239	12.166	13.7358	8.26068	1.65271	1.84557	2.02793	0.64652	2.89437	3.06113	0.358624	0.965521	0.646478	2.16569	3.93069	3.80679	3.47742	3.29314	5.06189	6.0032	4.51645	3.2292	2.39092	3.16904	2.09783	7.90833	15.065	13.2094	11.0105	16.9075	11.9969	5.84229
3.06612	3.6257	3.30249	2.64546	1.54196	1.4452	1.53157	2.534	1.47821	2.53392	3.96251	3.73856	5.7626	3.95448	2.3907	2.24538	2.04338	3.18891	2.64534	0.400922	0.646452	1.65262	1.69103	0.64642	3.82726	5.89857	3.40263	2.32957	3.28776	1.47817	3.59906	5.00752	2.88869	1.52098	2.91619	2.00374	1.76527	2.7984	2.58404	1.14793	4.59974	7.34559	6.70906	2.66359	1.84538	3.04517	1.40011	4.15145	2.00374	3.77688	3.37912	3.7767	5.81746	4.64468	1.65262	8.13022	9.48938	6.34106	4.96913	4.48389	7.06842	12.7779	6.88775	9.45811	13.9799	12.7021	8.06428	2.15799	4.35404	16.539	22.5142	13.1768	17.2135	12.392	1.44522	1.61324	5.03606	6.4522	3.69123	2.49569	13.1615	14.6417	10.3289	2.66347	3.06615	6.43743	3.62555	4.15145	5.30647	1.47821	5.21295	11.3467	10.9773	12.728	18.4126	17.5432	13.3883	20.2654	14.6412	7.76345	11.1762	3.55446	5.21295	5.58647	1.29274	0.253555	3.79361	2.95438	0.179296	4.05803	12.058	5.56655	4.08162	3.44466	9.01419	11.8141	6.11484	20.2326	10.212	6.64016	9.03308	6.40062	12.9379	18.4371	15.2519	6.55431	0.566976	3.92623	6.06549	6.31346	6.24808	6.25063	4.47337	3.18891	5.93863	11.9447	10.0664	5.06451	11.55	10.5367	5.14856	4.83296	16.5573	25.7061	23.4627	21.596	11.1788	24.8781	18.2199	3.77681	15.0477	15.4868	23.4952	19.8747	3.79778	3.58571	11.9571	8.93093	6.25031	1.13381	4.16291	5.76822	5.97082	8.73374	16.0835	15.9601	11.3467	5.01057	7.5545	12.5373	12.6459	3.06615	7.58956	6.75586	4.35781	3.44466	2.51492	3.7767	2.33646	4.98848	5.58654	3.77677	1.4452	1.14788	1.26758	0.64642	1.30506	3.68676	4.5614	2.58404	1.70043	3.42148	7.65545	7.34325	0.646452	0.801804	0.965433	0.537874	7.4199	9.24386	8.68876	4.6172	14.2309	15.4507	12.3864	9.82099	6.38058	1.70043	2.83255	6.79545	13.2819	12.6274	6.29099	4.95952	8.34432	11.0147	11.6865	15.6856	5.12065	0.566958	1.79243	1.97148	2.91614	5.72119	9.48938	10.2349	5.54952	0.801804	1.09048	1.09048	0.646452	1.47821	2.87193	3.17385	0.253569	1.52107	2.53405	1.65259	1.04538	2.40416	0.358589	2.95445	3.51824	2.9653	4.72272	5.12054	4.81645	5.26153	2.80414	1.77443	9.23729	14.0561	17.553	15.0171	11.165	11.5027
1.36513	2.49556	1.0904	1.29256	0.507083	2.48902	2.04322	1.97131	0.965383	1.0904	3.22365	2.78104	5.3774	4.35728	1.97944	2.04322	2.09745	3.12783	2.83232	1.36513	1.36513	1.76519	2.00358	4.41905	5.18494	2.8661	1.93015	2.56517	1.65241	0.358557	3.58086	4.36821	1.13371	3.58086	1.79218	3.68644	1.80115	3.28747	2.09745	0.896308	6.46851	7.41504	1.44511	4.1893	3.97432	1.80117	3.79328	2.35676	0.965348	2.24518	1.13371	7.08079	4.57149	0.7606	5.01013	4.65097	0.801733	5.45652	8.46072	1.60308	7.84106	8.17163	11.3253	14.5745	6.40971	8.06929	3.17357	0.17928	8.30419	19.6119	14.7789	12.7078	22.3452	7.73015	0.17928	3.60312	6.49783	2.91599	5.44777	0.507056	17.9951	8.04792	16.6342	2.87167	3.55396	5.59728	1.93022	4.0498	3.58086	1.47804	7.49726	11.7384	3.22866	11.4004	21.1214	7.31916	8.97532	24.0822	12.3542	13.3588	7.13431	9.69307	5.45652	2.17997	0.507083	1.39991	3.83096	1.09038	2.2165	6.53653	13.2011	3.69076	3.76366	5.64248	8.52868	5.70113	11.262	17.9396	5.6789	8.45512	7.18889	3.86422	9.44399	11.5912	6.19903	2.87167	4.66463	3.6909	4.98791	3.76375	4.43005	3.84363	5.06067	4.81248	12.8571	14.7841	8.93047	4.85866	12.3224	8.86017	3.12783	5.72069	20.6042	23.0992	9.80294	18.5977	5.72085	25.0548	14.5543	8.13687	15.1627	20.0699	23.2121	7.74436	5.54323	4.73594	14.6339	5.96999	4.64414	4.69549	5.37452	3.77637	0.253546	3.76382	10.1144	11.3163	5.54333	10.4419	6.38002	13.7046	16.6652	1.13371	3.95417	6.51497	4.17421	3.22862	1.62303	1.80115	2.91593	2.66321	4.08121	4.7626	2.39049	1.62303	1.25476	0.965348	1.77418	3.05008	3.2286	4.42639	4.88153	2.64511	7.06743	8.55965	1.25476	1.44513	2.00356	0	10.3888	15.4149	10.1978	8.0944	13.4312	7.1011	6.25008	4.88168	1.30498	1.39991	2.66335	4.72252	3.06588	0.400886	2.33625	10.6473	10.1674	6.82962	8.06344	13.0792	0.646363	2.0432	0.965383	2.35672	1.36513	4.33177	3.51793	0.896331	0	1.01403	0.801699	1.14783	1.5419	1.14777	3.26799	1.97131	1.39991	1.97942	1.36513	1.76512	3.65171	3.97439	4.13178	2.41049	0.914069	1.84513	7.44672	7.81489	5.05778	6.92797	6.81777	2.00365	5.08908	8.09482	7.38771	2.87169	7.16264	9.24178
1.3048	1.79208	2.35651	1.53128	0.801614	2.88799	1.92994	1.14765	1.53122	0.96528	2.16495	1.61293	5.19653	4.72519	0.566848	1.3048	2.15013	3.92529	3.16815	0.71701	0.71701	0.801648	5.01922	7.03779	3.94161	1.29249	1.52069	2.40359	1.20237	1.14771	3.08109	4.30894	1.01392	3.39721	3.08124	3.59836	0.358519	3.06026	1.14765	2.68702	8.79943	6.43606	3.9415	6.66266	3.34513	3.85552	4.66413	1.52069	1.82752	3.34513	4.58511	6.26937	3.33062	2.83211	5.87581	1.65224	5.65046	7.13338	4.26804	8.19172	8.95373	5.40935	15.8764	18.4815	6.95907	5.87581	1.20232	0.896236	10.5287	17.6766	10.4056	16.6085	18.8973	4.17357	0.179261	5.5511	5.36201	3.24312	6.23652	4.32742	17.0842	5.12283	16.7185	1.44498	5.94544	4.58495	3.72485	4.81529	1.62286	6.66282	9.10862	7.80801	2.35651	15.8262	22.7435	1.62286	14.0614	22.1019	6.43606	11.7035	1.44492	11.0193	6.09534	1.82748	0.96528	1.87086	3.16815	0.400826	1.43379	9.53109	15.044	4.65065	3.85552	6.8838	6.00376	3.96187	13.4577	13.0228	1.60291	7.57762	6.66742	5.90547	9.29736	6.83091	5.93763	5.14756	7.73549	2.7343	4.64365	3.69053	2.32916	2.56487	6.14445	4.48302	16.0585	15.1611	8.62966	8.04533	11.7501	7.18816	2.66307	9.4742	22.7026	20.2818	3.22826	17.5586	1.29249	23.4592	11.0124	8.84521	12.2326	22.043	21.9422	4.69499	8.20699	7.30973	15.4782	7.22533	1.20237	0.96528	2.16495	2.54604	0.566848	0.896236	1.47792	2.21621	4.94569	10.2806	10.9516	14.9554	14.7017	0.400826	0.53777	3.06026	3.68605	2.7343	5.56565	4.35696	0.358519	2.56495	4.21167	4.72519	2.00335	0.801614	0.507029	3.58057	6.06431	5.67569	3.08124	1.3048	4.1621	4.42592	6.92724	7.1332	3.12753	4.57121	6.11366	2.51445	10.8557	14.353	12.0538	12.1834	9.29731	6.00141	6.99313	7.19726	7.70937	7.57802	7.73576	6.45096	2.68695	0.71701	2.58353	9.95153	8.3728	6.35728	10.574	11.5833	1.07544	2.17974	1.93001	2.50806	2.40359	0	0	0	0	0.801614	0.739083	0.739083	0.739083	2.39023	3.40197	3.30185	3.39732	2.35651	1.62286	3.22821	3.39721	1.60291	5.36201	3.67301	1.2674	2.16495	7.48801	8.28073	5.22118	8.41183	7.26003	1.09027	0.400843	0.253506	0.896259	1.93832	2.16495	1.36498
1.36486	2.02714	1.87074	1.14761	2.08937	3.87168	4.11556	3.94136	3.90866	0.358487	1.90466	0.646269	4.65007	5.54207	1.7	0.358487	2.15744	5.25995	5.08793	1.53109	0.179245	4.17708	7.32847	5.18394	0.91391	2.17955	2.58343	3.651	2.83189	2.24485	2.56467	4.1732	2.24485	4.51471	5.43533	3.55346	2.6446	1.76477	2.64471	7.36278	9.24658	1.65215	6.77011	7.16126	1.77392	4.00146	4.47198	4.32704	3.47609	6.18784	5.61058	1.44483	3.04438	4.0215	1.54152	7.38622	10.3754	5.50496	5.78567	7.90924	4.03723	4.08063	20.7747	20.4825	6.49675	3.09129	0.358487	3.75876	10.8505	11.4355	9.48674	15.5597	12.314	2.83175	0.965195	5.1838	3.90877	6.51371	1.92984	12.1722	11.1096	10.9741	11.1619	8.8286	11.4306	9.95254	9.01168	5.56487	4.98054	7.84554	3.4204	3.94126	2.6446	22.8692	20.4877	7.32831	21.5433	13.8392	8.51447	8.04476	6.64069	7.41998	4.72477	3.39691	3.94124	6.3988	5.11307	2.54595	2.79776	11.082	13.5776	1.82732	4.02136	8.80561	2.33578	12.3827	14.56	7.13276	0.896134	4.69434	4.47204	6.62422	5.6075	6.04294	9.93243	5.1564	8.33269	4.26787	5.20542	4.48629	4.04901	0.646237	5.7719	5.08484	17.2568	17.8411	9.82615	12.2605	13.8952	9.93243	10.5646	17.5093	22.6759	12.0094	8.23662	16.2253	3.58016	20.7202	8.37758	8.03093	12.2415	21.9476	16.2074	9.6099	6.08211	8.61249	12.4891	8.07554	3.94126	1.93815	2.8934	3.97349	2.68679	4.41837	4.30879	4.0215	1.13352	5.38828	8.09326	11.4956	8.10837	0.179245	0.400808	1.80082	7.59764	10.9825	11.3881	10.4477	6.78184	2.09705	3.9534	3.90866	1.82732	2.51421	6.3988	9.44245	11.4187	9.37999	6.71871	1.79187	4.18863	5.447	4.25285	3.53072	4.15028	3.62017	5.75264	3.51715	7.52083	6.56183	6.60527	4.72499	2.49507	5.81592	5.71974	5.33211	5.43531	6.641	8.64543	10.2859	6.86257	0.566816	5.35563	6.8901	2.88774	6.15707	10.631	6.15684	0.253497	1.36481	0.96516	1.20222	1.69995	0.537722	0	0	0	0.400791	0.96516	2.00326	2.66283	1.92984	0.646237	1.26729	0.566798	4.98072	9.1489	8.75109	3.58034	1.87074	3.79254	4.44333	1.20227	2.68679	8.45914	5.33191	5.31398	6.60509	4.2113	0.896156	0.537722	0.566798	1.61279	1.20227	0.566798	1.14761
2.43635	1.61263	0.96506	1.04499	2.68646	5.37581	5.36097	0.179228	4.69384	1.6027	2.53305	1.62256	3.16753	4.48215	2.51399	2.21579	1.14743	4.42849	5.56428	2.04258	1.97884	5.87469	4.07999	2.80321	3.87153	4.211	3.42021	4.13072	3.52603	2.73962	3.5799	6.4472	5.67746	5.30777	4.41798	3.95298	4.00104	2.04272	5.25955	8.41028	3.04402	6.26818	5.76585	3.68969	4.48242	5.78522	5.96051	8.03015	7.36208	5.44652	4.32314	3.82582	2.43635	1.92967	4.32675	7.27384	3.53035	6.94627	9.45263	2.33555	4.68046	14.0604	21.6028	14.8066	1.2544	0	1.39949	5.05916	8.85755	5.42579	6.23554	8.50425	5.64914	2.43635	3.72437	1.09006	3.76275	1.29226	6.61161	13.5368	2.16465	15.3943	1.43353	17.3389	10.3073	10.0898	12.0686	8.30941	6.49588	4.17277	4.41795	5.815	12.9201	21.3215	12.1933	19.8102	22.8357	2.60785	12.1012	6.92581	11.7763	2.71022	3.13219	6.92614	6.46441	5.55023	4.0012	2.2941	5.43473	8.6622	8.07473	9.91916	6.10753	9.92637	6.92614	14.9143	5.96039	7.53703	13.2535	11.3818	5.04687	4.81436	4.48242	8.77852	9.22535	4.90924	8.092	0.896069	3.04402	5.19554	5.31344	4.25249	6.42763	6.44728	17.3674	16.4455	1.4776	5.00896	8.95222	8.2739	11.8997	17.1265	12.6651	3.53057	9.26573	11.1905	5.08109	16.4535	9.72416	12.3879	18.1837	16.1123	7.18706	10.0059	7.83681	9.9497	11.1428	8.34128	6.08134	2.53305	2.32875	5.64944	6.43519	7.01884	6.82774	6.00294	5.31368	4.33055	3.3011	7.34896	3.08049	2.33557	4.26749	4.22243	10.5501	10.7344	4.08005	7.69136	6.38552	4.55964	2.18663	1.84458	1.97887	6.88485	9.60238	7.74246	5.33137	5.05916	10.0744	4.35248	3.28669	1.97074	2.68646	4.55996	2.91521	2.43638	3.26703	4.04887	8.54101	6.62128	7.10136	8.84406	8.24561	6.81621	6.60469	6.08157	3.30127	1.13342	3.03886	8.97267	9.32551	1.04492	8.87687	11.3866	8.43652	8.61159	4.4177	2.48843	3.58002	4.32314	4.5704	3.73716	2.83148	0.896039	0	0	0	1.44467	3.22768	4.0802	5.15595	5.36133	3.61988	1.6904	8.36382	16.5715	19.4708	18.5546	16.8144	14.0185	13.0682	12.4097	6.78142	5.9153	8.06123	3.47577	7.18694	7.6916	6.07095	1.82713	0.646169	1.36467	1.04492	0.913824	1.09006	0.738925
2.96388	3.92418	2.00278	1.3646	1.87038	5.60642	6.37756	3.68952	3.41974	2.18643	1.61247	1.9294	2.29374	3.30074	1.76443	2.64408	1.69962	5.51802	6.39732	1.53084	3.72379	4.76076	1.26702	2.15702	1.69022	2.04243	0.965007	1.97054	2.51372	2.60751	4.2519	7.05363	3.68947	2.48817	2.6862	4.72386	4.55923	1.65174	5.67385	6.07284	2.40955	7.46282	2.15691	1.79157	3.97278	5.90385	7.53629	8.7207	5.43418	2.3285	2.89283	4.87978	5.46621	3.04379	2.89273	4.02058	3.96075	6.93886	8.699	1.44455	8.55637	13.8032	14.4483	8.47399	0	0	1.13326	5.99942	7.73323	2.35584	3.44301	6.48796	4.02058	2.48806	3.04379	3.9079	2.48806	4.32252	8.20451	8.20446	7.61692	13.0192	8.92497	18.0221	4.1762	8.20446	9.41236	8.16638	2.87056	1.62238	1.44451	13.9889	15.428	11.4334	6.8155	20.9765	13.8549	10.1632	9.79082	11.38	11.7132	2.54533	4.47118	5.98646	3.30092	2.56415	3.12664	0.646111	7.65176	5.01781	1.44453	5.54969	6.60133	9.27303	8.27842	12.0888	1.69014	15.0827	14.1368	12.8282	10.0949	4.00073	5.38719	3.62384	9.54462	6.46601	6.94563	2.8028	1.90429	4.2519	5.03371	5.12138	5.98896	4.83053	16.1125	11.1417	3.0595	4.51361	4.93141	5.19504	9.89279	13.9337	3.97265	3.04365	4.00068	8.78277	1.79153	11.2345	6.66102	11.8474	15.8231	4.84042	5.40776	5.50389	9.31989	10.3063	12.8279	8.99272	6.23472	5.3605	4.48175	2.48817	3.43849	4.29301	4.02072	4.85678	3.60188	3.52566	7.19486	7.49432	1.53079	4.88284	4.94448	4.86343	7.51938	7.90361	10.4793	11.1421	6.58245	2.95297	2.436	1.14739	2.35584	7.561	9.45667	1.44457	2.15702	8.65429	9.43707	2.15698	1.267	4.0561	4.41733	2.89283	4.07968	3.41966	2.96376	5.54969	4.29671	3.04889	2.73928	5.56397	6.00235	6.93691	7.90786	8.05101	7.18635	5.1828	4.22198	7.05365	8.47399	1.29206	10.4084	14.7545	7.15988	14.0449	1.04488	2.54546	2.54546	4.14953	3.04905	4.08355	3.80438	0.801387	0	0	0	2.88718	3.00133	2.4945	3.51647	3.04898	4.96995	0.964972	12.8523	17.2537	10.7053	9.45218	12.0127	15.0221	15.5151	15.781	6.81528	3.59734	2.15691	3.00142	1.60253	6.92545	9.43707	3.68501	0.895959	1.54122	0.253434	0.760263	0.40073	0.801387
1.87016	5.5633	2.64385	0.400695	0.646054	4.44208	5.36003	1.07504	2.21544	3.17206	2.33513	3.09042	2.564	2.56392	1.84425	2.48784	1.76428	5.69842	6.14736	2.80267	3.56577	2.73904	2.33518	1.14723	1.60239	2.97978	3.22712	0.738809	2.04225	2.70967	4.97914	6.7308	1.47734	1.20188	2.15672	5.18234	4.32948	3.26643	6.38439	3.80404	4.63846	6.10604	0.913633	1.08988	4.18731	6.23422	6.16284	4.97914	1.47734	1.44442	2.04233	2.16424	4.1491	3.51625	1.14729	1.8268	2.48784	4.41692	8.72863	2.49437	10.8701	15.3319	13.0823	6.15506	0	0	0.400678	4.95673	7.51679	6.14249	4.81373	4.88241	2.89258	4.66254	1.29194	4.35521	1.04474	5.67616	7.17017	3.77467	10.088	6.7308	11.2497	15.0629	4.70333	6.23418	6.55994	6.30724	2.64397	1.54116	5.78414	17.6674	14.4206	3.3005	10.088	15.7987	3.56588	12.8233	2.43579	13.1917	9.00917	4.82999	6.30973	4.94412	6.48516	2.66208	2.53257	1.9293	8.05573	2.60728	5.31249	4.17591	7.75886	7.90292	9.94958	8.84197	6.30724	17.6585	7.09963	10.7212	11.9061	2.15677	4.36613	1.68999	8.9242	7.90678	6.11133	5.718	2.48795	1.14723	1.9376	1.60239	5.93524	2.24421	14.7831	7.21824	2.56392	4.29994	4.55886	6.67907	10.437	12.2356	4.3844	2.96362	7.70859	11.6839	7.15061	4.69306	8.33821	14.0514	12.5232	4.73369	6.88361	3.32955	6.46547	6.9902	12.62	9.10169	6.49468	7.06409	6.88354	4.67953	4.55208	5.63991	4.72366	6.75207	4.67958	6.00157	8.39194	3.73634	7.9722	14.6769	15.6471	15.0354	8.18129	1.69952	8.45313	2.91449	6.92484	7.84357	7.3927	4.83024	4.25165	6.22655	8.04991	4.18745	5.29168	6.88361	4.32582	7.49189	14.2824	15.2372	8.07166	1.08988	3.29075	4.72344	4.19108	7.80517	8.55599	10.2788	8.67177	5.59479	2.43589	0.646086	1.08986	1.97848	5.5633	8.25688	2.91449	4.87914	6.05923	5.0174	13.3973	11.4736	8.33036	9.77265	9.21397	7.57935	3.79577	1.61233	4.0005	5.1947	3.29078	0.400678	0.53757	0.760236	0.566655	3.9723	4.25154	2.16424	2.3894	4.58341	2.18624	8.6717	15.7252	15.9554	5.54051	4.11829	3.86248	2.7855	5.27951	13.9878	9.98983	2.68603	0.566637	3.4054	2.0026	4.42417	8.83139	4.8628	0.646054	1.6516	0.179195	0.89588	0.506841	0.716743
2.88666	6.77907	3.03779	0.895785	1.61216	3.28556	5.3059	2.54483	1.60222	4.29588	4.77002	4.96603	4.05552	1.84414	1.3991	2.21515	2.43563	4.91759	4.17539	1.43311	0.738712	1.79122	2.56367	2.91418	2.35535	3.36262	4.47386	3.67126	2.64368	3.85382	5.20941	5.83787	1.47722	1.61216	2.80225	4.72294	4.32186	6.54507	4.29218	1.47722	5.1573	3.62312	1.84414	3.68878	7.31493	8.53854	5.98791	3.40505	1.26677	1.60222	2.48769	2.80237	4.16029	5.673	5.5942	2.17874	2.77934	2.32796	6.9534	7.12356	14.5868	17.2778	11.4487	3.09003	0	0	0.253385	2.33487	5.44194	7.21783	5.79456	1.77323	1.47718	1.53054	5.3596	2.21521	3.58331	6.98961	3.62314	6.43314	5.36257	10.4935	16.6909	10.8	3.06406	4.813	5.11707	5.23069	3.95998	7.49316	18.3077	21.4721	15.3811	7.99653	16.4517	5.50263	12.3476	8.94452	10.5602	12.2074	3.06406	5.67275	7.55955	6.60017	9.57387	6.46245	0.964784	0.96482	4.41648	5.79456	5.40679	1.86996	5.60533	7.25473	9.31823	1.13304	11.8795	12.6187	6.18545	14.05	11.2325	4.90809	6.48448	6.43327	7.26964	9.13138	4.32925	8.60222	5.04537	3.2904	4.39858	4.98502	6.98947	3.419	10.7029	7.49293	4.56883	1.86996	4.50222	7.60924	10.537	11.6827	12.3339	11.4632	9.79892	11.9902	13.9154	7.21094	11.2423	15.8989	10.4231	7.22191	5.64755	2.60708	5.50263	5.64755	12.2491	11.167	7.66056	4.81302	8.92502	8.30704	7.80471	9.76572	11.0148	11.3623	11.7252	11.0406	2.87002	7.23729	14.8267	18.7037	15.2977	14.7444	12.708	10.595	3.4424	6.95353	11.1714	9.48312	11.1565	11.9853	10.8228	2.1566	5.91605	2.40254	3.32903	4.47042	12.9573	16.5289	14.2135	7.60948	8.07039	3.61877	1.44427	4.07884	2.15649	10.2457	6.85071	2.29329	0.358348	1.26675	0.895785	2.24387	3.92357	5.05797	4.64835	8.05879	6.79076	5.71739	2.16401	11.3835	9.343	4.36589	7.209	1.53054	2.83079	5.84868	5.81346	4.55856	5.27916	3.85382	1.62208	0.537513	2.51325	2.91434	2.80237	4.69257	5.70619	4.72316	7.68335	10.5258	14.0903	16.0114	14.0058	11.7924	2.24387	7.03458	5.69532	2.80237	2.87	11.4514	11.9899	6.00094	0.801231	3.39559	3.17181	5.72567	6.43301	2.66168	4.96603	5.15441	3.20193	2.2652	0.179176	0.646017
2.0419	8.27798	4.23942	1.53036	1.92885	2.56342	3.72274	3.58301	2.51301	5.05729	3.44204	1.96999	2.04182	2.15635	3.03768	4.23961	4.01962	3.22643	2.02607	0.17916	1.25392	2.83054	1.82648	3.43734	3.16636	1.54078	4.96537	6.14617	2.83054	3.60086	3.75697	4.01942	0.400617	0.913455	2.66142	3.06383	5.6725	4.19048	2.00222	3.20165	2.60678	2.0023	4.12914	4.86206	7.75749	6.36837	2.15637	0.566527	0.64596	1.65134	2.29321	2.29321	1.29169	2.79642	5.71695	6.44484	2.43544	0.913455	3.76129	10.4589	15.5666	13.7511	5.54518	0.801194	2.64345	2.93595	1.93722	0.895751	0.4006	1.30406	2.80201	2.38888	3.87003	5.60505	1.3041	5.08252	6.3087	2.32776	4.88165	4.5265	10.6391	20.2537	13.8376	10.3839	7.07645	7.49014	4.82905	2.04182	5.2091	15.4194	20.8914	12.8059	6.24827	14.6306	16.6546	8.77522	11.745	7.49014	16.3426	4.2093	4.2955	6.96195	8.24216	9.98784	7.8518	12.2874	3.73573	3.58301	3.04293	3.68843	4.48412	6.39579	1.84397	1.54086	2.97906	8.10455	14.6629	3.51557	8.88773	11.3824	7.66	3.72293	5.14467	5.04493	1.08965	9.8356	9.57304	6.09203	7.8518	8.92973	3.92325	8.18693	6.56348	3.04279	7.7089	10.2044	7.1732	1.44416	3.04286	6.68497	9.2422	9.59891	19.0971	16.8399	5.56252	1.44416	14.5258	17.3057	9.6547	7.33773	4.59637	10.994	4.90758	3.92305	3.68397	3.32874	10.868	14.7257	8.92945	1.44412	10.679	10.3953	6.54205	9.94788	11.4892	13.6864	20.9051	12.2543	8.45537	12.5474	12.366	6.95279	4.29933	5.53954	9.94605	17.1569	11.7648	15.2799	12.4452	10.0021	11.1502	13.0851	15.6747	12.7458	0.506715	6.18458	6.32881	13.2033	15.7412	10.7781	2.7791	8.33818	8.44954	3.4187	1.20169	3.4559	2.15641	9.49027	14.6793	15.1892	13.4331	10.9274	7.85202	10.655	10.2258	8.6827	9.29759	11.0399	8.54329	1.54086	9.54207	5.03215	8.29339	11.8534	8.22541	9.0216	12.538	11.9487	7.11627	3.36232	1.44414	0	0.913474	2.51303	3.22149	2.04193	2.73275	3.9716	5.00678	7.05167	9.78539	9.30595	3.79086	4.50188	8.90183	10.1181	8.38316	13.3561	12.1447	10.5408	7.41676	8.85445	10.7191	5.69732	3.03752	5.81316	7.94906	7.00486	3.95152	4.73268	6.06879	3.64926	2.14892	4.08258	4.55816	2.83042
1.2538	9.099	4.57837	0.895611	2.04161	2.18558	1.9698	2.86949	4.48002	6.31283	2.29284	2.32752	3.56472	3.59597	2.48725	2.49365	2.66118	1.29164	2.70893	1.84381	4.48368	3.03741	2.24344	3.6879	3.5422	0.716534	5.84755	5.99976	1.62179	1.69904	1.9698	2.29284	1.08956	1.36409	1.76375	1.43284	3.26547	3.55121	4.95525	1.60193	0.506661	2.51279	3.06353	2.88612	6.33531	4.019	0.358281	0.358281	1.08956	1.77292	2.73251	2.93569	4.25026	2.68508	2.66118	4.25029	3.97128	2.77891	3.75661	9.4335	11.3851	7.90643	1.93692	2.32752	3.40443	3.12557	2.5064	1.07473	0.964599	0.964599	2.40862	1.36409	3.06348	0.358281	4.81214	6.63701	3.12557	4.08589	6.60135	5.10985	16.5988	12.4773	0.895611	2.49354	4.39755	10.1896	6.46601	1.69896	8.33169	15.0004	14.0524	1.76375	2.88612	15.8663	12.2862	9.94505	2.64306	13.4577	12.6639	0.64586	5.69672	6.32788	9.38914	9.89384	8.27713	16.3856	3.79035	4.88096	2.89161	5.94148	10.3692	6.42458	5.14396	1.39892	2.60651	11.3851	14.2103	5.05373	10.7052	10.0298	3.68358	0.358281	0.801076	4.96485	7.95981	7.90496	12.5354	7.11563	12.2975	7.34592	5.43193	8.69567	4.48002	1.30398	4.42639	10.8879	7.06199	0.913363	1.08956	4.79554	5.14396	4.38311	16.6693	16.0126	10.2921	8.17844	12.5746	20.4107	13.2093	3.52416	10.8657	9.08742	3.73524	5.05676	2.27883	2.48709	8.74562	15.2865	11.7087	0.913388	11.381	11.6503	6.46601	8.43582	6.59895	9.41567	24.1731	13.6858	9.07537	9.16883	7.21617	1.13288	5.05383	3.07923	3.6838	14.3841	9.99348	13.0237	9.05332	8.48417	6.94343	6.09166	10.1598	18.4369	6.39487	8.58038	7.80283	8.58233	6.26521	2.70888	9.02024	6.13278	8.01664	6.82414	1.51967	2.97875	2.70888	3.80317	6.23259	6.8128	5.1535	8.13267	5.69432	11.3157	7.12894	5.05396	7.23598	7.32437	3.75661	5.94148	10.0359	4.70188	10.3988	5.18116	6.09166	7.59378	6.32819	2.70893	0.358281	0	0	0.400558	1.69896	2.77882	1.4769	0.179142	0.913363	2.09583	4.46933	9.45468	4.71865	8.01664	10.6138	10.7686	11.4495	12.7492	6.97255	8.50933	3.68808	6.42211	7.33096	9.83469	4.94248	4.01904	7.32408	4.74893	4.81234	4.79581	2.26477	8.60033	1.30398	6.07051	1.9698	3.76087	5.36155	5.60423
3.47381	7.7296	3.45523	2.40853	2.86362	3.22086	2.5817	2.88589	4.95481	6.53092	2.95156	3.26522	4.85447	4.41523	0.913296	2.86919	4.66069	2.08807	2.21453	1.90348	3.36153	1.53006	2.18539	4.41523	2.64282	1.44386	6.38193	5.58959	1.65102	1.30385	0.716464	1.07463	2.00189	1.14684	0.964547	2.33423	1.26637	4.61258	4.55707	1.04438	2.86919	3.93456	3.22587	3.26522	5.43144	2.91336	1.30385	2.4934	1.90348	0.400522	1.44388	3.22587	5.43151	3.29922	2.56295	3.04227	3.59567	3.85273	5.36993	8.75202	9.40958	5.80628	1.69886	4.1475	6.42394	7.43229	8.05677	3.40407	1.26641	0.400539	1.82609	1.44388	0.537361	6.46071	13.1405	11.2338	6.54066	7.57609	2.54411	9.64807	14.7786	8.70944	6.5481	6.70008	6.92193	12.9162	4.20848	4.55709	9.12884	13.9252	10.2743	1.86949	4.04651	14.5776	7.84015	6.92193	5.93321	13.0132	7.07471	7.00351	8.65036	6.07787	10.0351	6.43116	11.8044	16.6996	3.39463	4.32047	1.4327	10.0351	9.99203	6.30481	5.7157	3.54208	4.30577	10.1524	12.762	9.16812	12.4908	10.6943	2.15593	2.1485	5.14367	9.93192	8.36652	2.32735	9.54986	2.70862	10.8095	0.913296	8.38867	6.84879	2.97848	2.04145	5.67396	10.7527	5.32827	1.30381	1.13272	5.11563	5.37279	7.67485	11.7801	7.86804	11.7117	11.9461	11.3962	20.4809	10.6598	13.0688	19.7365	9.60356	9.56603	3.61774	1.29144	2.93523	9.5012	13.3319	10.8095	2.73798	11.131	11.6492	7.06806	8.29144	4.64013	7.70741	22.1723	9.81143	8.45354	5.88754	4.36444	2.40176	3.61774	4.50101	6.02034	7.77206	7.35779	12.252	10.1102	9.05934	6.78432	3.59563	8.13206	13.6137	9.59695	8.50883	7.82016	8.05654	5.30441	2.00185	8.99013	3.93851	7.06806	8.24048	1.86943	2.18539	3.04227	3.20103	2.86362	2.97848	3.28965	8.03929	7.84055	8.59971	4.38279	4.2985	5.03122	2.89135	2.563	7.05029	5.25644	8.53615	6.55746	0.738521	0.75994	0.913277	0.400522	0	0	0	0.179125	0.913277	2.00183	2.15588	0.645803	0.716464	2.00185	0.400522	3.93456	9.93038	11.0048	12.3809	4.56775	4.42246	7.34494	9.17457	5.03122	5.94096	3.06319	5.20794	1.97773	5.32827	0.645834	4.47962	8.92777	4.87725	2.08797	3.52398	7.66469	7.72968	3.47364	5.20787	6.97194	6.02047	6.33485	7.20687
0.964461	3.36123	4.36427	4.75831	4.52182	5.28917	4.82794	4.41503	4.30539	6.3937	5.11523	5.05926	7.30376	8.00739	4.47943	4.29431	3.79391	2.04135	3.28449	3.68744	1.13266	2.17789	0.800933	2.68461	3.07863	6.49188	7.67424	5.53797	2.88568	2.66079	1.47667	1.13262	1.79945	2.15569	3.58198	2.54402	1.26628	3.43637	3.73457	3.36137	5.58075	5.37247	4.01848	3.12497	2.29244	3.28449	4.11642	2.88568	1.97754	2.64259	3.12497	4.94169	4.8541	1.7635	1.90321	1.90321	2.80122	1.30369	7.49863	8.88534	8.49874	4.52167	1.44369	6.01982	11.3619	10.9913	13.5351	8.1312	1.86927	1.13262	1.36383	1.08936	7.70674	18.4092	21.2389	13.4559	15.2142	4.32009	8.20019	10.372	6.55683	7.1561	7.83168	8.64946	13.5734	15.1443	5.28905	5.76754	8.27567	15.6449	6.3342	3.76017	10.8864	11.8409	1.14674	1.82597	10.2782	11.6629	3.77277	15.8056	14.0674	6.85998	9.18728	3.79391	16.3786	14.9195	3.36137	3.76015	4.41482	13.1992	6.15219	4.86049	4.30543	4.2196	5.40471	5.56066	8.71584	12.4852	12.4028	7.48822	3.52805	8.94636	11.037	13.0217	8.38833	6.83221	8.52065	2.24314	8.09258	2.82974	6.31172	5.81401	4.14713	2.88568	8.54262	9.70475	2.77831	2.5627	5.00232	8.35835	13.2356	17.3475	12.5346	3.44117	8.26818	12.0021	12.387	18.0476	5.51517	21.881	16.4011	16.746	15.2535	6.71154	6.13958	5.70428	10.0679	7.96808	11.8692	14.1511	8.89057	10.1697	6.7112	7.5131	4.48296	8.47676	17.7135	6.2236	8.75126	6.95324	9.09264	10.1581	11.4688	11.7692	8.9222	8.70868	8.23053	10.7491	12.5029	7.80782	12.2324	12.6011	8.7516	1.36377	11.7796	13.7996	7.55923	8.03838	6.28417	2.93497	8.08678	5.46584	9.2277	7.66999	1.68927	0.800967	3.18575	3.99859	3.07863	1.04429	3.41781	5.75679	6.56198	4.38241	2.43472	3.04733	3.06296	0.566367	4.39677	2.40155	6.16265	6.82315	3.04726	0.400503	0.400503	0.179109	0.537313	0.179109	0.537313	1.20135	1.84345	2.60611	2.38826	0.913197	1.04424	2.60604	4.8541	4.11633	3.57754	8.68742	11.7616	10.7167	7.70683	7.64755	7.25422	12.4648	12.2847	7.75557	7.02089	9.53167	7.55508	2.60604	3.45493	8.71046	7.72904	1.25357	6.3345	9.53165	8.38083	2.99973	4.57756	2.04135	8.72471	5.74855	7.00725	6.66181
2.04114	4.05359	5.8543	6.30636	5.36013	4.73094	3.04701	3.44081	4.24918	5.1425	4.67671	1.30356	2.56245	6.59704	6.26364	2.79534	1.60138	1.39843	1.3985	1.39843	3.5637	1.62131	1.97734	4.75781	7.41391	6.88443	4.76775	2.53106	0.9131	1.47647	1.86907	1.97733	3.18541	5.75609	2.77809	0.759752	1.26615	3.34185	2.86865	4.34913	5.36002	2.82941	1.14662	0.253264	1.92817	3.28414	3.04701	2.29231	3.08856	5.30338	3.41744	3.22518	2.04106	1.54019	2.95099	4.29014	5.20699	5.82695	9.06404	6.54178	6.93201	3.39873	3.96999	8.4463	11.5358	3.22024	11.3243	9.83628	4.07694	1.79924	0.738359	6.5394	20.6704	21.8548	4.92837	19.1371	14.6393	10.4724	17.6622	12.3483	5.59155	4.17348	10.1036	2.7375	14.6322	9.94226	9.60132	6.07674	10.1506	15.419	10.5296	13.8325	16.4446	6.40311	8.93309	9.78129	12.7419	6.7643	13.9034	18.481	8.98191	11.3042	6.01918	8.74363	17.5841	10.3083	1.93647	3.96999	9.20824	9.31854	6.19273	5.84618	1.79037	2.60576	1.76325	3.79356	1.65066	7.89836	6.0375	0.537256	9.4913	10.9355	7.81895	7.58094	2.51206	6.1438	7.68555	4.41438	5.0303	5.75619	4.64957	5.4769	2.49282	4.48242	10.199	7.18148	4.52134	8.10163	10.965	16.5446	23.5294	22.2281	16.7664	11.7059	2.33382	5.88655	11.0177	10.6233	14.2117	15.0981	10.8641	22.6969	13.9895	2.80104	2.53114	0.537256	6.60661	12.9664	17.6808	19.4199	8.71506	6.8106	6.88418	6.6351	3.93786	4.17348	16.7955	8.18378	10.1263	12.7878	15.194	12.7896	10.1449	8.66498	6.37351	7.23374	7.66337	6.83163	9.07093	7.849	15.0303	12.7065	4.54944	6.42272	3.04161	1.54019	4.26398	5.25232	6.10258	4.12745	5.55438	6.87956	10.3957	6.1822	0.9131	2.95099	2.18507	2.50567	1.79037	2.82941	5.17947	4.0771	4.23797	4.30507	3.55039	2.38801	1.62131	2.0015	2.2922	3.59946	3.94995	0.566307	0.566325	0.895403	1.04418	1.36368	1.44358	0.716325	0.964324	1.26615	1.26617	1.65066	1.07442	1.01296	1.60138	3.5502	3.29858	5.46245	5.99809	1.65072	1.26615	0.253277	4.81074	8.06114	10.1571	9.06448	8.58022	9.91166	11.275	10.1494	7.60565	1.01301	11.0783	7.51253	2.1777	8.2902	8.11522	3.77255	0.913118	1.36368	3.68254	3.44071	6.32604	1.6507	7.11327	8.11302
1.1324	2.88499	3.61678	4.29724	3.16502	2.17751	0.800812	2.60553	3.57684	2.51181	2.56222	3.39378	1.928	1.92793	3.82246	3.16993	0.253255	2.91254	0.738313	3.56338	3.39368	0.645652	1.65055	5.01401	3.68667	1.97717	0.566257	0.913019	1.08915	0.716262	1.65049	1.04409	4.11165	4.30459	2.5622	1.26603	0.759685	3.32715	1.08913	3.9212	3.22485	0.645652	0.400408	1.29108	1.68886	0.895278	0.179074	1.84309	3.96971	7.97437	3.72097	1.86891	0.964238	2.40772	3.04658	4.61128	2.43415	8.49701	9.07179	6.3055	6.32549	1.44341	5.57665	10.2401	9.67732	1.30348	9.72186	8.56087	4.2487	3.04665	2.00126	12.7161	25.3575	11.5047	17.6081	21.8166	2.16278	17.1961	12.0036	7.90179	9.10257	6.03697	11.7768	5.76113	16.7643	10.1753	7.40661	5.5141	11.8589	12.9094	12.3129	12.6302	10.6729	14.0641	10.2715	12.7408	13.9214	6.9585	16.6161	21.0334	4.23741	14.7746	1.68894	6.95869	13.3227	5.20641	0.566257	5.94193	8.79734	5.19127	6.18452	4.98234	3.2249	4.12705	3.66919	3.61678	6.82156	6.84687	3.68653	2.82907	9.79141	9.69643	3.92525	4.21857	3.47266	3.82657	4.87588	8.39189	1.47638	3.85165	6.32075	7.20496	3.22496	8.33414	8.32484	3.9977	5.84546	8.05443	10.2237	18.0538	20.9007	12.8538	12.171	13.3551	5.51385	2.32669	8.06014	2.64207	17.7817	7.05939	18.4734	16.3624	7.4551	2.51183	3.99777	4.4679	6.39276	10.5242	8.05469	15.8407	11.6213	3.5138	6.78696	5.5369	7.86584	2.54352	19.7202	11.3461	11.7768	20.4328	12.0687	7.2677	4.32659	2.43415	5.17888	4.23741	6.71249	6.71249	1.69838	6.48338	10.2356	6.65577	6.18452	2.78363	4.85316	7.18109	7.04854	6.36549	7.23311	1.20112	3.26424	8.77615	10.9176	5.54534	1.47638	3.59899	1.14651	2.26392	0.800812	0.964274	3.08834	3.59915	3.05718	2.66029	2.69012	2.64207	0.913019	1.69833	0.566275	2.04085	1.3983	0	0.800778	0.738313	0.645652	1.08913	1.52963	0.964238	0.759685	1.20107	0.895301	1.44343	1.30344	1.93621	1.93621	2.96151	4.63556	6.71017	3.75942	0.253255	0.179074	0.400425	1.54005	1.04409	2.43415	4.30456	2.73132	4.52442	3.77215	9.83543	10.6051	5.55959	13.444	1.62115	9.09919	6.40255	2.26399	4.07659	2.53092	2.0251	2.70789	2.69012	3.7931	3.04665	8.61348	7.21349
2.86253	4.17269	2.16247	1.77195	0.759658	1.04399	1.04393	2.49235	3.3981	2.51159	2.00105	2.00113	1.52947	0.800694	2.40747	3.04635	3.2247	1.43216	2.32647	3.68621	2.77749	1.26591	1.30331	4.42077	3.47252	3.82643	3.12921	2.04074	1.2532	0.50642	1.60117	3.36042	5.00403	2.95053	4.32256	3.2884	1.68879	3.47229	0.964186	3.72058	2.40747	0.35811	0.738219	1.36337	1.62101	2.15519	2.91243	3.51357	3.79279	8.91912	3.47229	1.39816	1.04393	2.49235	3.16961	4.90467	4.71673	8.21088	6.84615	7.0542	6.44091	0.895184	6.7092	11.1392	7.23223	2.53063	8.27323	5.60438	4.17269	4.1688	2.53052	15.9218	23.8947	9.66421	24.5497	12.6284	10.5809	13.9359	6.77246	8.12903	7.89682	5.8258	10.8435	2.1773	16.0437	12.9518	4.18408	3.18485	10.9959	8.66476	4.71644	3.29796	1.08902	16.605	6.78621	15.788	14.4202	7.00521	15.4613	20.3523	9.94094	14.5197	7.20429	8.07507	8.35756	3.3268	0.645552	5.96255	6.78621	4.01735	2.91243	5.44097	2.58057	4.30401	6.80929	1.51894	8.88076	5.30833	3.68633	5.55924	8.3576	8.57814	4.42428	2.79465	4.1688	4.01712	4.90467	8.23733	2.48591	2.08729	3.64708	2.00105	2.99875	10.1486	7.686	4.59361	9.60125	8.18251	9.81569	16.1422	14.4231	10.7136	12.2293	12.8789	7.0118	4.90467	7.60419	1.78999	15.5016	9.79263	20.0308	11.0734	2.82875	4.68971	6.26252	3.22467	3.07755	5.44972	7.68631	17.2447	11.0071	2.54312	4.29661	3.77174	11.0706	3.86784	21.6203	10.1743	13.0679	22.3443	11.3757	8.91912	6.43111	4.07638	6.95803	4.46744	7.14518	8.02266	5.89075	2.00116	4.57972	4.8264	0.912952	2.97733	5.80949	1.29102	2.86812	2.21368	5.59032	5.29972	5.90969	8.93141	10.1349	6.08839	2.91243	5.11387	3.92101	1.08904	0.400389	0.738244	1.13233	2.08716	0.800739	1.13233	1.47619	3.61636	2.2425	3.06207	2.82894	3.51357	3.44013	1.62101	0.759605	0.566199	0.566223	1.30331	1.01276	1.20094	0.400367	0.738219	1.04399	1.69823	2.35378	0.716192	1.43216	1.60117	3.9973	3.06207	9.46393	11.7377	12.548	12.0681	7.15408	2.16247	3.51345	4.8527	5.38258	2.88469	6.69751	11.8971	5.69402	9.44539	10.0527	6.305	9.60113	2.51157	4.42428	4.0526	1.79893	2.58057	1.13229	1.13233	2.86812	4.64869	7.17999	3.90454
4.52354	2.88451	0.253206	1.04383	1.08892	0.738151	2.16228	2.16236	3.68167	5.11325	4.67539	0.566165	1.26583	1.44319	0.800656	3.54939	4.96548	4.5793	5.05085	3.5223	2.17705	2.97706	5.25105	8.53417	9.17075	8.49581	6.74628	3.59392	1.62083	1.52933	2.38728	4.3479	3.997	1.53983	2.53034	2.77731	2.38734	3.40245	2.73092	1.76275	2.64156	1.47606	2.54303	3.68601	4.92699	6.1011	6.82289	7.01818	5.74631	8.76391	3.77141	2.82861	2.95023	3.341	4.24799	5.58718	6.95752	6.19089	4.97485	7.90002	5.89005	0.566147	6.93906	10.459	6.50629	6.77427	5.25394	3.57606	4.71937	4.32208	2.54303	15.9423	14.583	19.7416	21.8299	4.38071	13.4526	5.14105	6.42842	8.3572	3.68598	4.35145	9.65161	3.64682	14.756	13.0759	0.716123	2.24227	11.1805	10.2964	4.80938	4.11462	4.18369	11.6125	7.97324	18.4966	13.8839	5.69379	12.7515	17.3532	15.3247	14.4059	10.1843	6.15005	4.20648	3.47198	0.40033	4.26278	5.50993	3.52668	5.58997	7.30943	2.08707	3.61602	8.09918	2.78294	9.91623	1.44317	3.43984	4.93978	5.0319	7.20551	5.00343	2.00093	4.24788	6.31935	7.65492	7.303	5.22681	4.63466	1.76282	3.1694	3.62054	9.49674	10.0687	10.4695	14.3721	8.83484	8.33266	11.3854	8.42204	13.2027	13.8971	10.2219	7.70378	8.18741	8.70714	6.69718	13.2182	14.0232	13.0384	2.97706	7.7263	10.8614	8.8067	7.2663	4.41313	7.67123	11.763	14.8578	7.43683	3.04606	4.49887	4.96548	11.665	13.2636	19.9169	3.35993	12.9472	17.5189	14.0618	10.5918	10.0244	6.77427	3.41659	3.5223	6.06733	6.5736	7.36058	5.05415	2.33316	4.30363	2.65964	3.19937	4.05224	0.179039	0.895104	0	2.58034	1.93583	2.73092	7.12686	11.1315	9.81478	3.18435	4.43848	6.26432	3.04606	0.179039	1.47606	1.30319	2.7944	0.716123	1.29083	0.358075	3.12873	0.400347	3.19937	2.6837	3.8509	4.29265	3.43979	2.40738	2.40072	2.32628	1.65023	2.08707	3.04608	2.32628	3.68167	4.42412	7.17965	12.4986	15.6092	14.1125	8.47366	4.24785	9.68669	11.529	9.13007	5.35863	5.00355	8.67473	4.05224	2.04053	3.92467	3.68598	0.964086	7.43683	8.32701	9.20445	6.65472	5.79019	12.3399	8.91866	2.58047	4.71602	4.85885	7.02046	5.69102	4.31859	2.53038	1.69805	4.82594	2.04045	5.0573
0.179024	2.93372	2.68347	1.65011	2.00078	2.65952	2.5111	1.01263	1.14619	5.50944	6.22832	3.77115	2.40717	1.77164	2.86759	2.16217	1.25297	6.87703	5.74557	1.7897	1.79857	6.65391	8.8864	7.61756	6.91839	5.63456	7.33221	4.5545	1.14613	1.53961	3.28277	3.21904	4.80587	6.73645	6.05903	3.54907	1.97661	2.5615	2.21333	1.52925	3.80042	4.38023	4.87472	6.07464	6.63049	7.06444	6.43033	6.59472	5.74583	6.537	3.57583	3.4534	2.33295	2.08689	3.68134	4.21759	3.16412	2.77706	5.22627	7.7334	4.56497	0.179024	5.44875	8.19621	9.66237	8.95793	5.71271	6.98381	5.92981	3.9364	15.0623	13.0443	5.67095	16.211	6.25113	11.5592	12.3371	3.08742	7.84591	5.00324	3.6157	2.64145	9.09666	6.72475	15.3834	9.45684	1.07402	7.83599	18.2012	13.685	8.91769	5.99321	5.6791	5.77865	13.181	14.7312	7.51173	3.99652	10.4684	5.99588	3.7329	4.64443	3.57592	5.41983	4.46642	1.08882	2.8	4.48076	8.12737	10.2719	8.77406	4.6582	2.08689	7.11092	10.2241	10.2956	10.2072	2.6048	2.53016	4.3622	5.95366	8.06364	4.68855	1.62069	4.60998	9.44374	8.24737	6.10562	5.05048	3.1286	4.48066	3.92007	1.6979	8.83367	11.7504	12.4537	11.1305	2.862	4.1566	8.7116	4.90394	2.68347	4.7291	8.07357	8.74741	8.72061	9.2353	7.84612	9.41775	2.7943	3.6465	8.22107	11.1254	8.53162	6.61609	10.4552	7.60286	10.2808	14.9363	17.323	13.4261	4.51952	7.56184	6.68016	9.40316	14.1957	10.0006	6.15951	8.3561	10.2673	13.0981	11.8587	7.43644	1.62071	8.42131	9.14956	8.33222	10.9315	15.2034	9.44415	13.7372	11.1801	5.57537	2.35335	2.79416	1.39791	1.2657	1.60079	4.82223	5.80868	7.64418	10.9389	15.065	14.0352	7.30237	5.35816	3.22399	3.23883	3.56249	2.9608	4.98094	3.19922	1.47593	1.01263	2.14728	3.26332	1.36318	3.73279	2.56156	0.645438	6.2108	12.2199	15.2157	17.1922	15.7777	8.76341	3.4534	5.32555	13.18	18.3627	19.2495	19.6439	20.7629	17.2293	15.522	15.1192	11.4818	9.7635	8.23589	8.30009	8.18692	8.11802	7.82985	4.17186	0.179024	0	0	0.645438	5.02839	8.35647	8.91628	8.03655	10.315	7.24864	2.64145	2.00069	4.42374	8.98556	9.05263	8.1449	7.04657	5.86808	4.63406	3.04579	3.28277	3.99664
4.23577	2.65926	2.04008	1.26556	1.29064	1.52908	2.14706	1.14607	1.01253	3.07668	4.64735	3.43455	2.60452	3.6851	1.9021	0.645401	2.3531	5.39562	4.16762	2.04008	1.132	8.97215	7.32504	1.76241	2.57984	4.96109	7.45223	4.93864	1.93545	2.8617	2.68311	1.08872	4.34706	4.63377	4.32144	5.0751	7.50912	6.59648	2.65924	3.1687	6.01633	6.12811	4.72869	3.9683	3.37364	2.99798	2.68318	4.07511	3.91987	3.40179	3.04016	2.04008	1.77154	2.29122	2.40691	2.93341	3.47148	4.68825	6.94696	5.95303	2.72442	0	3.12303	4.12557	5.29814	6.53651	7.07038	6.01646	1.44285	12.4392	11.5673	3.18373	12.6783	7.65941	4.82502	12.9137	6.70732	6.80752	7.1276	3.59322	5.24983	0.89493	5.57744	7.79735	12.0203	4.24705	7.30803	20.4003	21.4904	7.70856	14.0432	8.18588	7.30162	7.40408	11.6718	6.2429	3.0454	10.2317	16.3504	9.50677	7.09008	8.44816	12.3083	12.3518	6.15886	4.35075	8.02429	14.8842	14.8676	7.34024	1.07391	0.89493	7.21529	11.4992	5.55773	15.3211	10.8405	3.56211	5.35465	5.80816	8.81698	9.52579	4.99942	5.74522	10.9973	13.2281	6.98308	3.04547	1.64985	0.894953	3.61969	5.71189	3.71953	7.83495	10.5851	12.4488	10.152	7.34029	6.0947	8.5032	9.12327	9.31131	11.1951	13.3493	10.6015	10.1446	11.8239	7.8293	9.68484	4.21694	3.04023	6.85353	5.07805	1.44289	6.07368	9.01349	8.98256	6.38259	9.65447	11.5686	18.2168	13.0735	3.80022	6.34825	7.11683	7.20219	4.43739	8.81693	2.65912	7.05668	7.78104	5.93995	5.55773	6.10498	3.29696	5.53486	7.11683	10.936	19.4699	11.9028	9.05163	6.5963	3.91966	2.54254	4.41228	2.2771	2.38687	3.82106	1.78947	6.30086	9.51809	10.2681	12.2736	10.2795	8.49418	13.1889	10.689	4.21694	5.92926	6.3084	6.22786	4.20576	3.7917	1.36303	1.69772	4.41246	6.33083	6.77297	7.09029	13.9167	20.2666	22.2907	22.941	23.2649	23.185	21.2201	19.5409	23.0577	23.6214	19.0745	16.8903	15.4268	11.6147	6.47825	10.5547	10.6815	7.31857	7.1693	3.54851	6.34793	4.30302	9.88211	11.9031	8.57587	1.68828	5.92923	7.01911	4.08294	2.04014	1.07391	3.1687	13.4478	9.97618	0.738026	1.78942	3.29713	7.05692	5.6704	3.19888	2.7362	5.74496	7.86282	4.90326	5.80816	7.75098	6.26067
6.07315	0.400217	4.32087	2.91126	3.04529	3.18362	3.41552	1.20055	1.01244	1.13186	1.93528	1.44274	3.86616	3.86616	1.64976	1.20055	2.57961	5.05249	4.20529	3.03996	2.02414	9.26176	4.93821	2.79934	3.61937	4.71804	5.8019	4.96383	3.41544	4.01563	2.72428	3.73207	3.35898	1.97621	1.26543	3.82064	6.53587	5.17961	5.69192	4.87363	5.36871	5.34801	2.77645	1.1319	0.536952	1.2005	0.400217	1.44276	1.44279	1.61048	2.48498	2.33239	2.33246	2.18384	1.1319	1.47568	2.52971	4.29144	5.66973	3.06087	1.13186	0	1.25273	2.03998	1.76232	1.76232	2.16175	0.963814	6.32998	11.6614	5.75286	8.61687	10.4722	3.83723	7.43692	10.6877	0.253134	6.32254	2.65889	2.60429	6.73481	1.62039	1.62038	2.77652	6.55247	2.52963	15.3947	22.3405	10.1103	15.5829	17.3041	5.28563	5.36588	5.45949	6.45811	1.26545	2.82773	12.9955	17.6466	7.56007	6.91672	13.0037	5.6026	16.7286	3.94776	3.47118	9.71104	17.3517	10.4126	5.71974	3.19846	6.95521	10.6878	6.67876	7.05161	17.9545	10.2936	3.29684	3.28229	2.15431	8.62382	8.99899	5.3689	8.58626	13.0899	9.60106	2.97637	0.566005	0.73796	1.47568	0.71592	5.21302	6.30252	6.93712	7.89781	10.3011	8.01964	6.2096	5.54287	4.74507	6.55761	9.7889	11.9944	10.2834	5.71161	7.48325	10.1813	7.35226	11.6094	6.69737	5.49685	5.50838	1.39764	1.79824	6.57407	6.07315	9.54437	2.33244	6.30254	6.96664	19.3922	17.6745	4.17105	2.15436	3.77035	2.17647	8.79321	7.72378	0.894874	10.9836	12.0631	7.6978	5.93676	1.30286	5.36888	6.23746	4.76507	7.953	18.2641	12.7067	5.39515	9.84337	7.13144	3.53939	7.12247	3.19846	5.85072	1.60055	5.19787	5.21329	8.04118	11.7539	9.4407	1.93528	7.52708	8.08183	14.5368	11.0251	2.96022	3.43424	1.90203	3.28701	3.43882	3.16842	3.0452	3.28715	6.28017	7.02519	9.93087	18.1879	16.5876	12.5097	10.9966	9.49456	13.1965	16.104	19.4007	20.4827	13.5651	4.7149	2.82784	4.29519	3.90319	10.6159	15.2198	12.809	3.93573	7.9628	2.50425	3.0399	7.30739	10.4828	13.0897	13.9903	2.33244	10.0537	7.70789	6.70918	2.73596	3.22336	6.09395	13.5545	5.93647	0.178989	2.16175	4.20539	4.87363	1.14597	2.8277	0.894874	5.80735	7.21004	4.80494	7.79667	8.2195	5.69219
5.80129	1.26533	4.46509	2.57934	2.26271	3.29655	5.07709	2.03977	1.84205	1.77123	2.15408	2.17627	4.01521	3.2818	0.357939	0.800312	2.29066	6.20863	4.7142	0.400176	4.80757	7.84343	2.88886	3.59255	3.0553	4.21612	5.105	4.96331	4.96013	5.64117	3.52099	5.35352	4.99849	3.26244	1.44266	4.96013	4.65676	7.72316	7.15039	3.56132	4.87305	5.11432	2.73563	1.53926	1.76216	2.26271	1.29041	0.737892	1.04349	1.97604	3.0449	3.22305	3.41518	2.6407	3.03976	3.56147	3.04502	3.57923	4.31675	1.30269	0.400176	0	0	0	0	0	0.800312	0.737892	6.45989	9.80493	8.04631	7.01559	7.77959	2.38644	8.54505	7.81348	4.82411	5.25194	1.68798	5.27293	10.857	7.24875	6.27948	2.21262	4.79757	3.91914	20.5716	19.3223	1.47549	21.1202	15.832	2.33229	2.68262	0.71585	3.99549	3.64545	3.68439	15.0215	17.9994	10.2686	4.80418	14.0268	5.95192	18.4694	5.8017	3.6192	15.8173	20.8357	10.707	11.3008	6.38136	10.9351	10.7536	4.50787	11.5298	16.6988	8.38707	0.963679	0.400176	1.93508	6.59487	7.32364	4.07445	7.48248	6.42571	2.17622	2.57951	2.39982	3.83706	4.60891	3.5119	4.11303	6.18065	7.6518	7.86131	5.60172	5.63295	4.37907	4.95055	2.52949	4.51838	4.79126	7.12197	6.42587	3.53908	5.53936	6.98152	7.60054	11.747	6.87272	5.39458	5.28514	5.46199	5.20369	7.52625	3.47071	10.5134	1.79804	6.55178	8.81541	20.7565	17.5962	5.19734	1.92691	2.88337	2.2413	10.3712	6.69434	2.52943	12.6522	9.89841	5.36536	5.59923	4.67379	4.97294	2.86673	4.11315	8.76059	17.098	10.5367	5.55637	9.88754	6.08551	2.17622	7.89699	2.39969	5.68853	5.38011	8.59243	5.42712	5.66933	2.7992	2.1835	3.95533	6.78301	1.14587	15.6694	13.071	1.92691	4.80777	6.81806	7.16608	5.80714	5.17606	5.95192	7.2466	9.38067	6.09885	8.44273	15.6925	8.65892	3.39648	3.28683	2.27682	10.3726	9.82532	11.8218	9.76254	6.30201	5.15143	6.21917	10.64	15.0991	17.8948	13.2582	8.53612	11.6661	9.13503	6.59487	1.79804	9.9775	5.80687	13.0573	14.7306	9.05833	14.3923	9.58083	8.93947	4.71449	4.49718	7.89316	11.2211	4.05067	1.2653	2.0397	3.12243	3.0553	2.15402	3.43836	0.5369	4.12466	7.05565	7.11558	5.14861	2.24143	2.33221
2.93243	2.72375	2.99704	2.09364	2.99713	3.0447	4.18171	1.04334	2.38614	2.78177	3.90244	4.01499	3.23757	1.93491	0.963626	2.03959	2.03956	6.3063	4.46469	4.55281	5.90879	3.92263	2.78177	2.8887	1.5286	4.68674	5.99354	6.14691	7.08809	7.00125	4.71397	6.03314	7.55266	6.87925	5.24856	5.37958	5.93828	7.35094	5.02644	3.47038	5.36767	5.47277	4.28689	3.66692	4.04266	3.96718	2.91069	1.13164	1.0884	3.39615	3.96711	4.14361	4.84992	4.546	5.4382	5.59868	4.92465	4.31653	3.22274	0.737817	0.178954	0	0	0	0	0	0.357904	0.645218	3.75267	7.56926	9.42585	8.44039	6.44	2.51015	9.17946	5.0265	8.3289	5.00131	1.79787	11.456	10.6428	6.31636	7.43332	4.47892	1.68773	13.3934	23.9767	13.3934	12.9782	24.8629	10.9609	4.31636	4.18569	4.29436	5.74361	7.89644	5.42629	16.0207	14.534	10.9566	1.62008	9.01613	12.8101	17.0759	5.93828	6.93581	24.3282	21.1161	12.2591	17.099	9.67267	12.3192	11.9009	8.74414	11.509	13.8475	6.45931	0.715781	1.29021	2.2624	3.525	6.65151	7.43371	4.80725	1.92671	4.67342	4.21596	4.15516	6.39829	6.42538	6.47652	3.33941	3.07582	9.15924	8.91939	5.7105	9.34684	10.0963	9.77437	10.4766	10.5986	9.99085	9.03709	5.11098	4.5074	7.00134	0.8947	11.1877	10.2454	2.6584	8.2972	12.2523	11.8924	12.5073	11.6247	6.69637	10.8671	5.24856	13.1384	17.022	19.1215	13.5356	4.52132	2.79891	0.645218	7.4313	11.8957	6.63018	4.29436	9.67094	6.65141	6.63018	4.97266	5.43525	5.07671	4.21596	8.30845	11.1265	10.8923	8.54268	5.18789	5.43504	9.05236	6.54191	7.89644	4.32023	6.23625	4.63246	3.947	5.66881	3.99502	1.86771	5.57587	5.17556	2.6403	6.59218	14.5088	10.69	2.52914	7.22831	10.2457	12.1311	10.8928	7.6821	7.12348	5.71035	3.21779	1.14569	8.32674	13.9697	7.79479	5.92745	4.85655	3.91858	12.8624	8.4178	4.84986	10.9276	7.93023	12.5034	18.8188	21.9163	22.4996	16.6545	3.96706	9.92754	12.6041	6.93612	8.72972	9.5945	8.71727	0.912425	13.4242	9.80239	16.8583	9.33515	8.26112	8.67461	9.29373	6.31654	7.26075	8.13947	4.41101	1.26518	1.39737	3.16273	1.96773	3.6143	1.99992	1.62008	1.68781	2.95965	5.30562	4.67342	4.14361	6.48603
0.737733	1.69709	1.26507	1.6493	4.75379	6.32105	4.80688	2.08589	3.57404	1.82419	2.86064	2.50993	0.894644	0.715718	1.44235	2.3318	1.69709	4.68633	3.99467	5.58667	3.68376	0.645161	1.9998	1.44231	1.0883	5.30488	7.33727	7.16442	6.48551	5.34651	1.99976	1.9998	4.11241	5.00075	5.01022	4.10853	2.43243	2.65816	2.27626	3.5472	5.1041	5.39363	4.08128	2.241	2.40602	1.9015	3.35803	2.65814	2.43231	4.01447	2.21222	3.35803	3.78606	2.16114	2.54159	2.33184	1.9015	1.68766	0.894621	0	0	0	0	0	0	0	0	0	0.5368	0.894644	1.44238	1.9015	1.20021	3.66641	7.47467	3.52485	5.35548	2.8662	4.57321	13.1235	6.47819	7.98607	8.99649	5.32282	3.93442	18.1858	19.9608	3.57859	22.6475	23.5665	3.12197	10.6848	6.09768	4.41083	3.06004	8.95847	6.42451	13.5782	10.276	7.29894	8.84354	1.26507	14.6133	12.1407	0.400104	13.1507	26.8974	16.0337	15.5843	21.3039	8.10623	9.70834	9.87353	3.82387	8.24523	11.6842	3.92228	0.178938	1.9014	2.72925	0.178938	2.91048	3.52485	4.01447	5.19655	3.6839	2.1537	2.50991	4.87546	2.3318	4.91111	2.15375	0.759148	8.70741	7.37353	6.27841	4.97223	6.95346	7.59957	8.00005	6.48579	5.54143	3.16262	1.0121	4.26038	4.90145	7.05408	12.4443	4.91111	4.49628	9.43957	8.20017	7.04326	8.84384	6.73327	6.77728	10.0799	6.06134	15.8248	15.2997	10.756	9.28418	4.92396	0.963541	3.59627	9.35882	10.6188	4.67286	1.77089	5.07926	5.70987	1.44235	2.97538	3.91824	2.4324	2.60363	8.18285	5.35561	2.38599	7.64051	5.63189	2.33173	6.78891	5.07323	6.56991	5.58683	5.68783	6.80488	9.80176	11.7724	9.74811	4.41083	6.7073	2.09353	5.39959	8.64148	10.9751	7.0229	2.29025	8.29605	10.3205	5.76229	6.1542	4.51752	2.56028	3.51123	5.92712	6.03266	11.3164	13.9622	9.39995	8.14067	2.03938	7.96839	9.90291	7.57472	6.8051	2.32493	5.07626	16.2335	18.8777	12.1263	8.07958	9.39995	13.5081	7.12287	1.53896	4.71334	4.96269	7.7159	1.04329	2.82702	10.8815	4.92422	12.7973	5.90549	4.64565	3.75657	8.32237	4.74357	3.79022	7.68103	4.85588	0.506089	1.64926	2.82693	2.72938	2.26228	0.400121	5.00062	3.57422	5.88145	1.64932	0.737733	3.35803	10.4047
1.20003	1.7707	2.43217	0.894526	2.88814	3.53802	3.2222	3.78579	4.12353	1.86729	1.6874	1.60985	1.13146	0.645093	1.79752	0.800085	1.99955	3.83575	2.50328	4.34854	2.65788	1.4422	1.64908	1.9012	1.61975	5.39306	8.21409	7.3365	5.04738	4.07693	2.32468	0.894549	1.44216	3.39075	4.64165	3.45127	1.14552	1.47507	2.24067	4.56232	5.74224	5.66749	3.59589	0.800085	0	1.13142	3.9942	2.57861	3.52432	4.41016	2.03911	3.12664	3.16212	1.28996	0.506035	0	0	0	0	0	0	0	0	0	0	0	0	0	0	0	0	0	1.824	3.68337	4.08084	3.78579	0.536744	6.61222	7.29817	9.33301	4.55202	8.09388	7.76324	4.29341	9.60675	20.7916	14.4969	4.85556	25.393	20.9801	5.74221	10.8538	4.9011	3.82346	3.03878	7.30226	6.69245	8.78984	6.47518	2.54133	10.2628	7.57392	14.2401	9.12366	0.715642	15.0408	22.9217	14.8812	19.4813	18.6262	3.92187	7.05334	8.04738	3.33867	9.05553	12.1046	2.97507	0.536744	1.78857	2.79825	0.737674	1.13146	3.39549	6.6121	1.64906	3.56031	1.4422	2.29001	4.54488	1.0882	4.14275	2.88814	2.48413	6.52348	4.12349	3.6136	2.52865	3.94623	4.18488	4.18488	3.68354	2.27614	3.28571	2.56001	6.95253	4.60731	12.1195	12.6487	1.20003	7.6783	8.2047	4.76323	6.03197	4.82271	2.8266	5.32219	7.04228	7.12009	15.4192	13.1857	8.7829	8.64755	4.16564	3.12164	6.08391	7.3557	9.01441	4.65537	3.51994	3.9942	7.01325	5.76168	6.80438	7.40663	2.65788	3.46978	5.67581	2.88814	1.69686	2.8266	4.83256	7.1747	1.8415	2.24067	3.6834	5.88626	2.09331	10.5541	8.98001	5.97922	7.68023	1.04313	5.34617	10.1173	9.37795	3.22211	6.61925	6.48503	7.35604	7.40036	12.4333	4.87175	6.01361	6.05283	3.4514	1.93462	3.07537	3.96642	8.84261	13.0274	11.8374	9.15754	8.23145	13.1825	5.75617	1.36238	9.13213	2.93187	4.07323	17.3712	12.9423	7.47427	11.3036	15.3807	11.5684	2.49045	2.68777	2.56009	7.29602	4.9237	6.655	5.42541	8.0301	8.93193	5.20199	8.30643	3.61812	2.82663	7.85912	3.46971	4.07318	7.20727	4.57273	0.963404	2.16083	2.56001	2.21204	1.44223	1.82403	6.54999	1.13142	5.54911	1.76157	3.75619	4.94915	13.7719
0.73759	2.03899	2.40556	3.22176	3.12137	3.67888	3.28072	3.90134	2.99629	0.89447	0.963319	1.19997	1.13136	0.737608	2.43186	1.78841	2.21179	4.07657	1.7885	3.26114	2.43186	1.30223	2.32443	0.645004	2.03893	4.90043	8.45968	6.8404	4.04131	2.88778	2.50942	1.64894	0.400043	2.52842	5.10934	3.68305	1.19997	1.0733	2.4838	5.29491	6.45505	5.20147	2.43186	0.357803	0	2.08539	4.4741	0.715579	4.25956	3.92152	2.49023	2.16064	2.40543	1.78841	0.50599	0	0	0	0	0	0	0	0	0	0	0	0	0	0	0	0	0	3.67871	2.55978	1.69676	3.52417	4.93586	9.97073	6.09643	2.95869	3.82313	7.31464	6.01295	3.85613	15.3583	22.2812	6.8496	8.01964	24.1705	17.4119	5.98922	7.10594	4.90067	4.55162	4.02955	3.79788	6.22413	3.2951	5.18635	5.41605	6.4575	10.1886	11.5255	5.70868	3.57335	14.3336	15.3508	11.3616	17.0551	11.5793	1.04309	6.05467	9.03591	4.94871	10.7497	12.3449	2.72872	1.19992	1.28985	2.09305	1.08809	1.82383	3.96594	5.20147	1.14536	3.78533	1.19997	2.79228	4.54448	1.44206	3.0854	3.5779	2.40556	3.35738	2.09312	2.24057	1.82387	3.0751	4.16929	4.16929	3.83558	3.04377	5.79916	2.77513	8.68433	5.59966	16.1532	12.4129	7.43124	8.53839	6.91355	4.07287	5.74197	3.61778	3.32399	4.82218	3.61334	8.63983	13.2028	11.6614	8.78214	7.33596	1.01196	5.58559	5.5288	3.78533	6.81512	3.94589	3.37174	7.40383	10.7936	6.50139	7.83076	10.941	6.27701	3.33846	0.178903	2.68167	1.69671	0.565735	3.28072	7.37218	4.87451	2.4838	2.50944	6.25955	5.03755	8.5963	8.2663	4.34816	4.93586	4.04917	7.66548	10.8011	8.24406	4.46348	4.16914	5.7089	7.22653	4.40998	12.1929	7.26944	5.3457	6.7876	5.22278	1.90113	3.94589	4.01388	3.43708	10.6827	13.4615	7.16529	11.1955	13.1814	7.66548	4.7158	10.5561	5.68643	6.8497	15.1852	3.07495	8.74163	12.5529	12.8395	5.49445	1.6196	1.77054	5.92572	6.7876	4.93612	6.06017	8.61265	5.18646	9.03458	6.87254	3.82293	4.20339	3.75577	6.37901	2.35181	3.67888	4.31515	3.57335	0.536696	3.12636	2.77513	1.93445	2.55978	5.26796	4.7627	3.07495	4.54448	3.96587	5.3218	9.05475	17.6984
1.97507	2.65753	4.57216	5.35099	2.52817	1.52801	0.737515	2.28957	0.89436	1.44188	0.399985	0.400007	1.28979	1.93428	1.36207	2.68125	1.52808	2.82609	1.97507	2.15308	1.92589	0.89433	3.5952	2.72861	3.16671	4.90966	7.61133	5.74111	4.08006	2.38523	2.32425	2.86537	1.76132	1.07319	3.72991	4.99612	2.94772	1.01187	1.68707	5.78494	7.54532	4.50544	1.1998	0	0.178886	2.82606	3.91704	1.4308	4.47364	3.37122	2.15299	2.03869	2.48997	1.69654	0.399985	0	0	0	0	0	0	0	0	0	0	0	1.4308	2.57828	2.26163	0.715509	0	0.357769	8.81118	9.7503	10.355	5.7083	5.43582	10.6458	3.73006	3.71729	4.63412	5.20102	1.90083	3.84763	18.0047	20.0311	5.6388	13.8555	21.4301	11.2402	8.81127	5.14916	3.29498	4.12281	1.36207	3.33816	2.90946	3.12623	2.7344	5.79854	4.01349	10.8054	7.64829	1.52801	7.33516	13.5217	7.58253	6.36634	8.53211	2.09284	5.63874	4.47734	7.64819	6.48363	10.6902	11.726	2.79199	1.28971	1.30207	1.69654	3.26081	4.83171	4.67157	3.12098	2.90946	2.90946	1.08798	3.22142	4.75214	2.43161	1.69661	3.39957	2.90966	1.44197	0.644936	0.505937	0.399985	0.565659	0.252973	1.9751	5.24958	7.04124	8.70511	3.46922	10.6343	5.17342	17.0595	10.2952	11.396	7.09199	4.35861	0.644936	1.77026	5.04956	7.19734	8.46653	5.28249	10.7997	10.3843	9.42024	7.32019	3.66531	5.70544	9.92358	8.31654	5.92546	2.82609	2.6873	1.77026	9.30475	9.33123	6.85157	8.29398	9.7292	7.59696	2.70501	2.02296	1.14532	1.26473	3.43692	1.96698	6.06964	6.93311	1.99918	5.24633	3.81845	8.11916	5.18565	7.70323	4.5197	6.41544	9.39585	10.5088	3.22151	8.27307	10.6117	9.08682	10.17	8.57067	6.85157	10.2878	6.56786	3.64371	7.1537	6.24635	3.54639	5.82065	7.08796	6.27676	10.2701	15.6951	15.0107	16.2542	12.9554	13.8648	10.0188	10.2416	11.1225	12.9552	13.7857	8.43727	8.26578	7.93477	4.07615	2.35154	2.90952	3.03813	7.59696	3.29475	2.0853	5.53693	6.92415	3.43672	3.75539	9.13043	5.32143	0.565659	6.53436	3.28507	1.84106	1.36214	3.78909	4.46303	3.35722	3.22151	2.24023	0.912057	4.1227	5.93304	2.79199	4.35861	5.76037	6.15229	4.1801	13.7694	19.3817
1.64868	5.53637	6.09533	3.6825	0.357734	0.911971	0.178869	2.24003	1.30198	1.30195	0.911971	1.04284	2.68108	3.43194	2.97437	3.86376	7.16196	6.08237	4.78828	1.44178	0.399949	4.46623	8.01433	7.15761	5.80378	5.35343	5.50471	3.52332	4.55065	3.43646	1.79703	2.88733	3.51895	1.9749	0.91199	3.75511	4.14164	2.73412	0.644879	6.2758	9.65366	4.07579	0.536592	0	0.252951	2.68101	2.99562	1.82352	3.43177	2.72819	1.9749	3.678	3.22113	0.91199	0.178869	0	0	0	0	0	0	0	0	0	0	0	2.88168	1.99903	2.95812	1.14514	0	3.5905	15.8745	8.97099	10.4463	5.70751	3.04318	10.2241	3.93301	2.77466	5.53917	5.75456	3.57275	6.06146	17.2343	9.96876	17.4093	20.5145	15.3615	3.18148	13.4372	8.87209	9.74459	9.08588	6.29835	1.19969	6.43695	8.16661	5.34467	1.362	9.09261	10.9225	5.04614	3.61695	12.4687	11.2232	1.19974	7.52209	3.3899	4.51917	6.15183	3.41323	4.63365	9.69227	8.70432	8.16618	4.57495	1.30198	1.44179	2.21136	6.60793	7.71891	5.45883	1.79703	2.1528	2.60262	2.18238	2.97423	4.67096	3.27994	2.97437	4.24397	2.9093	1.25189	1.93408	3.37108	2.82595	1.92579	2.77466	6.96207	10.6122	10.5979	7.66009	4.854	11.0276	2.35135	11.8494	8.60406	11.7473	5.63816	2.52793	0.758854	5.71593	12.3283	14.7519	9.72881	13.7024	16.8361	11.4324	9.2626	4.84756	2.99571	10.0914	11.8152	8.34001	7.26188	5.58468	1.26462	6.14395	9.36021	2.32398	8.10532	9.01235	5.90605	5.17297	3.08475	1.1452	2.70479	6.82327	6.55325	6.12359	7.47824	8.94997	2.17497	6.73033	0.894251	9.03418	2.65722	7.5491	9.15537	9.2893	10.1036	5.00828	6.0822	14.6271	12.8103	10.761	11.0281	9.60932	7.67634	5.14851	4.24397	6.61053	2.90925	4.55079	4.99564	5.00828	5.84711	4.7419	7.13774	11.5039	17.0789	18.2443	11.8856	17.1403	15.3044	3.91672	6.54811	10.8886	9.32728	8.71342	7.55537	5.53917	0.178869	2.70475	1.52792	5.3975	3.79714	3.92094	6.61765	6.48322	2.88733	3.72957	4.02877	4.41969	5.67421	5.415	3.95309	1.04284	2.15287	2.52793	7.48019	7.82926	6.86919	6.59151	3.82239	3.57266	2.95812	3.5905	4.65406	5.97494	10.1369	5.97512	1.92572	17.5868	15.4412
4.4942	4.11046	0.799822	2.03833	1.59926	0.178853	0.565575	0.894172	1.64854	1.64854	1.60926	2.52771	3.38949	0.758787	1.19958	3.04289	5.88409	5.88409	7.65915	2.86484	2.35115	8.56871	9.91716	7.61038	7.26124	5.50733	3.57243	1.19958	3.12039	4.6056	1.69623	0.963047	1.76091	2.35111	3.07423	2.72808	0.894194	3.64303	3.93266	5.39107	10.5154	3.93255	0.178853	0.565575	0.505874	1.44165	2.88147	0.894172	2.88151	4.39069	4.62986	6.38466	4.32126	0	0	0	0	0	0	0	0	0	0	0	0	0	2.72211	2.63893	3.23571	0.911891	0.178853	7.5544	13.3023	8.70369	15.3687	7.20924	3.23575	9.35934	4.46218	3.03759	5.1079	1.69623	5.34986	12.1339	10.7906	10.2146	18.6492	11.1369	1.79687	11.2614	6.08167	2.43125	9.78131	8.6103	11.5209	4.80437	5.20909	0.252942	3.23571	6.13056	8.18265	4.12201	0.963082	8.08116	12.789	5.74835	4.46218	4.71113	3.59022	4.71113	2.52775	6.84778	5.10811	6.84798	5.81956	4.55025	4.04803	1.77004	1.073	2.65687	7.94112	7.31889	4.43387	6.08173	4.60583	3.8469	2.73383	2.79722	4.65355	4.47285	2.50871	2.72211	3.54551	0.565557	1.99879	4.10658	6.56705	8.34864	7.83874	7.65319	7.47959	3.61226	3.90013	11.6283	6.39455	4.46584	3.61661	4.71131	4.4942	0.799822	0.963082	4.6944	11.8244	14.0477	8.00386	4.65355	20.2533	19.8976	9.10701	4.57471	2.88147	9.40893	10.2638	7.33391	0.399913	2.35115	7.31274	6.77411	6.18427	9.28981	1.59933	6.31778	1.52774	3.21598	1.25177	3.46855	4.8046	8.53798	10.0052	7.72641	7.3703	9.3068	12.3309	8.72494	4.80442	5.70439	10.0142	3.46838	2.28928	4.11035	2.6569	5.53865	10.0786	15.3045	13.1767	7.05087	4.2022	5.50444	7.67758	6.45091	1.79687	5.90547	6.06889	4.82093	2.03833	6.08936	7.82062	7.50283	4.32148	1.64845	2.16003	2.18218	6.92321	11.3584	11.394	12.3272	15.0797	12.4583	8.70353	2.32378	2.68678	3.99285	3.22101	3.08453	4.16812	3.37079	3.46855	8.43569	9.57482	9.7548	6.13087	3.32322	4.40871	6.42173	6.53102	8.26412	5.42331	1.25177	2.48953	1.47452	6.02956	10.6225	8.26412	5.86271	5.30264	5.53574	4.8044	3.82205	3.93264	5.2964	7.71798	11.3833	3.03233	8.80969	14.0012	10.1902
4.46182	0.96298	1.26434	1.64827	1.47436	1.13092	1.13092	0.799737	1.14492	0.737322	1.78781	2.86456	2.09224	1.47436	2.52748	4.68366	5.35227	4.46171	7.05001	2.65662	2.17455	9.7407	8.34737	3.35622	4.31365	3.67745	1.68667	0.399888	2.15238	5.79692	2.33037	1.79667	1.43038	0.644785	2.68651	2.15245	2.15238	1.84062	4.31721	2.72182	9.92825	4.95956	0.399871	0.911794	0.737322	0.505794	2.7912	2.68049	1.3965	2.79135	3.92819	8.24049	4.9211	0	0	0	0	0	0	0	0	0	0	0	0	0	1.07288	1.64836	1.26435	0.178834	0.399871	9.40604	6.75471	11.3623	7.74355	0.911813	3.66428	8.90652	4.40806	4.68366	4.24299	1.61897	6.92219	14.3815	2.68049	15.1152	9.37331	1.99858	8.52413	10.5521	2.70423	3.99235	9.77065	11.2587	11.7845	5.11045	4.89877	6.02912	1.92535	8.58581	9.39294	3.2793	0.962945	9.78009	11.6308	4.99772	2.95755	4.57407	2.65662	1.90029	2.52748	5.97379	2.85898	1.82313	1.44154	4.10615	1.52763	0.96298	2.7912	3.07376	7.9638	9.39948	3.25993	6.12241	4.63962	4.62917	2.77975	3.52264	5.10737	4.31348	1.28934	3.1807	3.54514	0.565497	1.79667	6.43302	5.9235	6.34225	5.30208	2.50847	5.04814	3.29387	9.04278	11.1517	2.21093	4.95638	1.28934	2.4045	0.737304	1.82313	2.15245	6.58759	11.9877	7.10978	2.99513	8.25565	21.7591	19.7841	5.52953	2.48926	7.78965	9.63757	6.78493	3.04257	1.53798	6.09384	3.12018	9.43716	3.51813	11.0901	2.99504	6.70343	5.31974	4.5497	3.52264	3.72895	4.07124	8.50775	6.73846	5.8915	4.28774	4.2988	9.67578	8.01656	2.55887	9.67891	6.1964	10.4692	5.42293	8.99138	2.6567	3.86301	9.219	10.6431	5.89153	3.05298	5.58057	5.07332	8.1514	6.87677	5.43142	8.17224	3.16577	7.29266	8.73836	4.60535	3.32287	6.05265	6.15304	2.50209	5.26592	7.85161	12.1678	12.7002	6.77815	5.89153	8.28418	3.23541	3.68162	1.08767	4.39004	4.11001	2.90879	3.86301	4.56036	5.55218	9.08727	7.08585	6.17628	5.50675	6.18384	4.41541	2.17455	2.40462	2.7799	5.05126	4.99772	2.2397	2.63853	1.96641	8.18751	9.51688	6.53726	3.72885	2.09224	6.93117	2.09231	3.12018	7.22339	6.1964	10.4399	11.2371	7.98531	8.80865	7.41996	7.00994
1.13078	1.76057	0.758599	1.04259	2.09212	1.39638	0.252893	0.911714	1.86623	1.01147	0.799666	1.01142	1.1994	2.68625	2.15224	4.3131	6.23127	2.57716	6.42028	4.55996	5.81841	9.19457	6.94864	1.79653	0.894044	1.47423	1.47423	0.399836	1.64813	5.53746	3.22025	1.43025	1.08759	0.911714	1.7696	2.03793	3.32241	1.79653	4.02764	2.65647	8.66417	3.91561	4.23155	4.04746	2.68627	1.36156	2.77951	3.16033	1.30158	0.565465	4.86894	8.76379	4.35699	0	0	0	0	0	0	0	0.178818	0.252893	0.178818	0	0	0	0	0	0.357633	0.505776	0.53644	7.56327	5.42243	8.20012	2.39765	1.07279	5.30139	8.26242	3.61593	4.10966	6.3837	7.15996	8.00232	11.2645	3.39358	13.331	4.96873	2.60181	8.46856	9.20466	3.94401	6.97566	7.1967	13.5026	10.1294	4.14042	3.284	6.48115	4.95595	8.70166	9.28804	4.10955	1.61885	10.3033	11.0245	6.61554	3.67713	6.18317	0.644728	2.93036	4.80362	3.992	0.799633	0.737238	2.65647	2.88092	1.59895	1.01147	3.037	2.72742	8.05451	10.8744	2.53976	3.95198	3.08388	4.92067	2.55862	5.37546	4.07078	2.57716	1.44139	2.82501	3.18042	0.399853	3.96411	9.96459	9.08648	5.7062	4.99741	2.27473	4.10579	5.50338	10.423	7.74276	5.50602	6.09338	4.54951	5.02275	3.76684	3.50888	4.02773	12.8334	17.499	8.94782	4.99728	12.1838	22.0016	15.4568	4.54953	7.37734	10.9805	11.9642	7.47838	4.35721	3.91577	7.47815	2.21079	10.2572	3.85439	8.90575	5.82652	8.39704	7.30054	2.32332	7.67402	5.43115	5.36381	7.03836	5.34883	3.76666	4.93352	4.34609	6.72845	6.23127	4.6832	11.2766	4.60471	11.1357	7.6682	9.93843	3.57183	3.64225	8.43364	8.20952	3.05796	3.25964	6.52949	3.27902	5.58295	8.03354	11.5559	13.7807	5.66151	2.03796	3.0423	4.24275	6.75434	7.47009	7.48659	1.14488	8.83784	6.09331	8.10306	12.6377	10.54	5.34294	3.50879	6.17545	3.5583	2.881	7.94561	4.80364	2.32337	1.78761	4.95617	8.87106	5.49164	3.71585	5.19922	9.46454	8.53472	3.55841	1.53793	5.83729	6.23156	6.56569	4.9336	1.53785	1.64819	4.82984	7.59422	7.46971	6.17288	2.50823	6.94206	7.11812	3.76684	4.97525	7.71653	4.07464	9.39867	9.24493	11.66	8.5272	5.04464	6.08038
1.13067	1.04243	0.799549	0.962761	1.39626	2.1595	1.82283	1.47408	2.15197	0.737188	0.737188	0.178801	1.08749	2.38409	2.14461	3.89898	7.82607	3.22006	7.82055	9.52378	7.91573	3.96366	4.58707	4.18215	4.07833	1.86612	1.25141	2.4042	1.78749	3.79567	3.25926	3.38863	3.2837	1.78749	0.644629	2.32309	3.21989	2.7213	3.68107	5.02548	6.14165	1.28918	5.0724	5.18355	6.69074	9.02794	9.49622	6.71651	3.16022	2.88057	7.71583	7.47739	2.7213	0	0	0	0	0	0	0	0.252853	0	0.252853	0	0	0	0.715168	3.11959	4.46115	3.33657	0.715168	3.74947	5.67242	4.72335	0.893934	3.33645	8.69915	9.75334	6.87346	6.56521	7.41906	7.78865	8.1501	2.97308	9.07038	8.95356	4.07813	3.12455	5.42163	7.16999	4.24222	8.56426	1.86612	14.1063	8.70088	4.46108	2.72731	8.34575	4.28323	10.0188	8.02662	3.32206	4.02723	12.7397	11.6328	6.84579	2.35047	6.79503	3.50844	2.90821	3.57139	2.1595	1.53769	1.99831	3.21989	0.178801	2.17414	1.47408	1.60879	3.03678	8.32152	10.011	1.97416	2.27449	2.88625	5.31891	6.18286	5.63606	1.26416	1.84018	2.08418	3.32206	3.86208	3.68092	10.2609	11.8556	8.19951	3.95174	6.76496	4.60423	2.39754	5.29219	8.89639	1.47408	8.26919	8.70991	7.29364	8.3741	6.3831	3.82097	4.461	14.5804	11.0137	12.0233	18.6441	20.2566	15.2506	6.70945	15.1632	13.4404	13.0766	12.0121	5.68629	6.06719	8.16362	5.59393	3.54445	6.68092	4.31648	1.53769	8.04834	8.76343	4.31657	4.70973	8.48428	2.28864	1.99822	2.68015	8.14823	5.56853	7.93104	6.23585	4.66928	5.81756	7.79419	10.6767	5.41293	7.32543	5.67242	4.31641	1.59879	5.3631	10.4731	9.35835	4.34214	3.81673	1.69573	8.48472	9.52054	4.65246	6.93895	14.5602	7.74195	2.17414	1.86612	3.18031	4.24239	3.03163	0.799594	6.76287	3.78314	6.52917	10.5435	9.39174	5.24696	3.12474	3.27887	4.0703	3.39793	1.52728	8.41987	1.51688	4.56968	6.43197	11.3176	9.8384	4.07446	6.60787	17.4776	18.2197	13.7249	5.3631	6.43197	8.39627	7.85444	6.81163	2.32999	3.92747	4.89791	7.51928	6.05658	6.22054	3.96357	6.97757	10.9797	8.10811	7.1703	6.41998	3.21998	4.50359	4.66935	7.9235	12.7684	8.04258	5.24412	4.54891
0.536336	1.61852	1.78721	1.93316	2.63791	1.28904	0.911537	1.97396	3.21963	1.44107	0.799477	0.399775	1.07258	2.32287	2.28828	4.5029	10.1381	5.52796	4.8192	5.05011	4.81907	1.84002	2.50776	2.5394	3.33614	2.63779	2.55807	3.91908	3.61092	1.99801	1.69557	2.21031	2.09165	1.64781	1.44111	2.88036	2.43023	3.17981	1.69563	2.77334	2.48856	1.64783	4.12037	2.63779	8.04752	12.4453	11.4657	7.49366	4.80251	7.59278	7.63381	4.40685	1.28898	0	0	0	0	0	0.178783	0.252844	0.536336	0.644603	0.799511	0.644603	0.357563	0	1.9248	4.63132	2.15189	4.06994	1.44107	0.644603	0.565355	0	0.536336	4.74946	10.9949	9.75708	5.04696	2.79613	2.40394	3.21963	3.17981	6.14881	10.3534	6.58595	4.80269	3.23446	8.14741	6.08722	8.36556	5.63526	3.41161	12.6631	8.43205	3.7278	3.67625	4.78601	7.08387	9.04388	5.31825	0.893847	9.5869	16.0495	10.9507	4.01117	5.18276	9.87445	5.53375	2.27441	1.89975	1.01128	3.68058	2.5394	5.80351	2.82458	5.92191	6.69005	6.42177	5.6857	7.76147	7.6887	0.565337	1.08736	1.8401	2.72689	2.32287	3.16488	4.12049	5.1462	4.07791	5.84405	3.96322	8.52175	11.6238	3.95121	4.10896	8.97192	8.21577	1.39603	3.1193	5.30032	3.2929	7.2991	11.8135	8.75707	5.83624	7.22162	6.81987	1.51664	3.44866	11.6538	15.5517	19.5183	17.7193	10.8907	5.37448	19.0459	18.2087	13.7291	8.98911	7.03701	3.89873	7.98341	8.54762	6.69918	5.74614	1.86587	2.68575	3.82037	6.07921	0.737114	3.55761	6.14104	5.02163	3.21976	0.893847	5.49058	5.6857	11.7176	13.0023	8.80658	7.24117	8.91127	10.6401	9.24644	4.4605	5.73788	6.70168	8.27626	7.49995	7.66045	6.86563	6.99473	10.1204	11.3287	13.3681	15.5293	15.3936	16.1837	16.1125	13.3411	5.58187	2.97282	3.85364	5.3006	5.19822	5.04696	6.31057	2.85817	7.14972	8.03201	2.79041	10.4841	10.7203	3.57114	2.65587	4.31981	5.42138	5.19807	9.84317	1.61852	8.86407	10.8122	10.8122	5.93266	7.01933	14.2997	13.9843	6.9474	14.7161	11.1338	9.22312	5.02173	2.48225	2.18123	5.50495	3.68058	3.29295	2.15178	3.89862	4.90688	6.84535	9.25168	4.47478	3.25895	3.91908	3.21973	3.84527	7.46637	6.32278	11.5324	2.57678	2.50774	3.50811	2.23907
3.17947	2.15155	2.82417	1.61838	2.15908	2.50752	1.07247	0.799394	3.42977	2.27405	0.737021	0.505633	0.715029	2.42995	2.67945	6.41833	10.6832	3.91445	0.399739	0.399717	3.76554	3.81589	1.19906	0.799394	4.47065	2.90757	4.23011	2.32953	4.40636	0.565279	1.53739	1.44095	2.17372	2.65559	1.97375	2.42998	1.82243	2.88001	2.08377	0.505597	1.44091	0.91147	3.85316	7.17715	9.03934	4.69215	4.96726	6.29968	8.76296	8.73467	4.70882	2.42995	1.01112	0	0	0	0	0	0.399717	0.252821	0.911445	0.962621	0.962621	0.737045	0.799394	0	2.79012	3.93061	2.6855	4.34481	1.13045	0	0	0.399717	0.565279	4.79209	12.8073	9.3548	1.64763	7.16849	3.68042	5.98728	2.68547	7.8683	8.22414	3.11889	0.644546	11.4442	7.97876	5.45577	7.20117	0.799394	2.65559	11.9806	9.70537	5.93173	4.70878	1.79601	3.43456	2.95641	2.82417	3.05706	12.8168	14.7829	6.29484	2.6855	8.77883	9.77481	3.21938	3.16459	1.53749	1.26385	3.68021	0.357529	5.68205	2.72661	7.26388	4.86778	4.50272	2.82435	5.89981	6.92854	1.61836	1.79598	2.99401	5.88125	5.83545	5.04619	4.55868	5.14572	2.55788	8.28811	2.79012	11.031	10.0214	2.26011	5.45276	8.1694	3.91469	4.74897	3.78665	9.02901	1.04223	10.6044	10.5454	4.80225	3.11899	4.93215	9.94919	2.88001	2.88555	4.2861	3.83267	7.08277	11.464	5.7043	13.7703	17.6762	8.57579	9.7939	3.66311	5.63474	6.77081	7.47405	4.75919	11.9138	4.95765	3.58849	2.67954	4.66825	5.20653	0.91147	4.93205	3.0361	3.08305	4.6818	6.78237	9.91242	10.6389	7.29844	8.1142	6.06602	5.10568	6.52765	9.31194	5.6627	1.44091	8.46607	8.31067	4.63789	3.29278	3.11886	3.17969	9.06035	11.6116	11.7578	10.5935	6.30999	3.72756	4.80231	3.55739	4.03818	2.88001	4.25626	6.14047	4.79903	3.21944	1.36116	2.90751	3.3358	7.95296	0.357529	10.4404	10.0169	2.67954	4.47065	5.19141	2.57655	1.28893	5.9211	11.6017	3.25863	12.9003	10.023	6.15068	1.26391	5.24283	16.3487	11.9785	16.1242	14.8542	9.40446	5.53597	2.15164	1.52699	4.85119	4.18105	3.11886	3.55725	3.21944	5.87581	4.06972	8.87381	3.67609	1.07247	4.65127	2.28803	3.0361	8.90487	4.739	13.2062	10.8263	4.70878	5.35036	6.18136	3.72756
2.77273	2.53878	2.90725	1.51634	1.30107	2.9073	2.17355	1.68587	3.89786	3.44799	0.399697	0.536232	0.911378	2.03714	1.99765	7.63022	9.91589	2.57616	0.644447	1.26373	2.65535	2.28783	1.44081	2.15142	5.26644	3.04112	3.28261	1.26375	4.38796	0.357494	2.57616	1.64758	2.03722	2.82394	1.44081	1.93269	1.39576	1.79581	3.05677	1.13038	1.47366	1.92443	2.92908	8.77807	8.8045	3.99057	6.09624	6.0547	9.27452	8.65548	3.54345	2.1808	0.799322	0	0	0	0	0	0.399681	0.252795	1.04214	1.04214	0.911378	1.04214	0.758305	1.44083	3.1186	1.53725	2.9073	2.55755	0.399681	0	0	0.399681	0.536232	4.25589	12.5371	9.79915	4.63056	5.88055	2.32251	5.10803	1.30107	6.79774	7.91297	2.23853	5.87802	12.9868	1.64751	2.03717	4.68144	4.3116	5.29952	11.6709	8.8045	5.98672	5.18185	3.29238	1.60832	0.893651	2.25988	5.3469	13.5118	11.8072	3.04112	4.19977	10.0526	10.0144	1.64751	2.65535	2.17355	5.00494	7.08019	5.21837	5.92857	3.99041	6.79774	1.07237	1.59833	0.71496	6.21118	5.45491	3.38752	2.40348	3.43422	4.5719	7.17652	8.48179	3.52113	3.76538	5.06762	8.72678	1.04219	11.3515	7.68924	3.61453	5.4896	5.63423	3.19418	6.22887	5.97364	10.2039	5.06762	12.8203	9.2829	4.85095	3.36883	6.27162	8.92317	3.58814	2.25988	1.01108	4.29689	8.71993	11.7561	7.3426	16.1089	18.6571	2.70294	8.96992	4.28199	5.14194	5.68155	4.10805	6.25423	11.1683	2.9937	5.83504	6.05744	6.25418	5.94467	6.7262	6.98895	4.01042	3.61466	5.97357	6.02602	6.60586	13.88	7.44381	3.11867	2.17355	2.88529	5.41139	7.30823	3.39227	5.10826	8.73399	6.47865	1.52685	0.962486	2.03725	2.38346	3.61451	1.44085	2.8798	5.4898	6.97333	3.78219	0.736952	1.44083	1.93278	6.32186	5.66235	4.54754	2.23853	3.23387	3.29243	3.03589	5.20607	7.46684	1.93278	11.2158	10.298	3.46653	4.70839	4.43107	1.97358	4.40615	7.16794	9.92362	2.79559	12.2024	11.8266	8.56213	4.62717	5.46653	11.7032	6.36146	10.6738	8.91633	4.3408	1.59833	1.51642	3.58814	5.29935	4.0692	4.1042	2.68523	2.38346	6.02607	1.08715	5.50389	5.37339	1.08717	5.34973	2.08359	5.63423	9.51243	2.48177	13.8268	6.13986	7.80407	1.52685	4.06915	8.37146
4.07677	2.90705	3.29202	2.48795	3.81527	3.43392	2.09113	2.42964	4.47352	5.48912	1.64741	1.25094	0.644421	1.04205	2.55743	9.20035	7.98091	0.799252	3.04087	5.70342	6.2109	3.79447	0.893595	3.11833	5.07346	3.41065	1.4407	1.8221	2.32222	0.565178	2.77819	1.44066	1.47357	3.29202	2.32231	1.82214	0.357462	1.7868	3.64052	1.9734	1.83958	3.52082	5.14475	7.399	5.10758	5.24216	6.3088	4.63692	8.2359	8.16769	4.06879	2.53855	0.178733	0.252772	0.178733	0	0	0	0.178733	0.252772	1.14427	2.88503	2.15867	2.48786	2.5574	6.26128	4.93144	2.57593	2.86292	1.42957	0.178733	0	0	0.178733	0.399662	3.92992	10.0151	8.36323	3.81949	0.893618	8.05296	7.25429	3.1184	6.29358	6.71362	6.99959	14.0231	10.2646	3.39197	2.27365	3.93012	7.78564	8.17758	7.97511	4.63002	4.86677	1.92426	0.565196	0.962401	0.736887	3.78602	6.78119	11.5894	6.5336	8.12993	10.299	11.3026	8.56305	1.52671	3.27746	0.565178	8.64939	7.82343	9.50352	4.80116	5.7992	3.55661	1.61808	1.79567	2.23833	5.14149	3.19404	6.26128	5.18155	4.40579	0.357462	8.89295	9.98907	7.53926	6.3088	10.3931	6.7625	3.61421	10.3089	4.41635	6.04643	6.44662	1.61806	5.48912	1.92426	9.15496	7.94187	8.3427	13.3993	8.16769	2.94511	7.82339	10.0839	0.736887	7.30797	7.04632	3.66221	2.34957	7.31404	11.5567	9.42893	17.9812	21.5577	7.56005	7.6704	5.97311	5.8775	6.86625	8.90204	11.3349	7.63185	2.97198	1.76876	4.25551	3.04085	9.92324	14.7176	11.887	6.92763	2.78977	2.34957	7.32076	9.41594	9.42706	5.39343	4.82759	5.38748	6.94552	6.09578	4.75818	0.565196	5.19661	4.37315	2.9071	4.16533	1.68572	1.28862	0.64439	1.99751	4.04554	10.5219	10.3464	7.71312	5.34939	6.29391	9.00046	9.77515	8.13186	5.24211	0.758278	6.12648	4.45942	4.28531	2.55732	5.53499	10.5043	3.75221	9.24042	11.1128	1.47353	4.70795	2.40314	6.4685	8.86537	7.72129	6.3903	2.55743	7.82339	11.8143	16.94	16.7984	6.44924	5.97311	7.40775	7.84723	7.55973	0.357462	4.31122	6.71393	5.34657	4.11925	6.94546	7.28858	6.29391	6.04926	2.88514	2.48786	1.68572	1.30099	5.19661	4.31478	2.32913	7.71297	2.68498	10.3359	8.02185	3.86084	7.51644	4.45931	4.89602	16.2663
5.41928	5.41059	5.2446	3.96195	3.1637	0.50549	1.13018	1.60802	2.08319	5.06664	1.78658	0.962349	1.30083	1.89915	3.92963	8.41226	4.80066	0.893478	4.86939	6.46786	4.10744	3.85208	3.04046	4.24017	4.40516	2.4876	0.56512	2.18038	1.7687	3.12326	2.03686	1.64717	1.93231	2.18038	1.28857	1.93244	1.28857	0.714827	2.79505	2.14359	2.08332	3.59198	3.94987	3.52029	2.87937	5.07316	3.0719	3.0562	7.16645	6.56166	4.79735	2.32882	2.55716	4.10744	3.84398	1.60802	0	0	0	0.178716	1.28848	3.17858	0.536133	2.82356	7.94128	6.47778	4.24017	5.38692	1.69492	0.178716	0	0	0	0	0	4.03705	8.04988	5.75492	3.36823	6.08979	8.25582	4.25534	6.45074	8.70559	0.893478	10.1359	7.67174	1.7955	4.99454	6.05372	6.21786	3.91356	3.92963	0.178716	6.36778	8.18261	6.69699	4.34378	2.15103	2.68471	4.4588	6.1923	6.1795	6.80841	11.62	10.7052	9.0253	4.69083	3.25771	3.78566	2.67879	12.1259	4.64996	12.3225	1.97322	6.56179	1.97319	2.70244	1.13018	4.50116	1.75955	4.69083	4.17632	2.67888	1.92406	5.83382	9.03178	9.11339	6.37973	8.41592	13.886	2.94482	4.93066	7.88584	4.00968	6.35269	1.83931	7.59631	7.97654	5.63309	10.8962	2.70244	8.4288	11.2151	11.8133	14.9554	13.5681	4.14967	4.03705	2.60041	9.63126	5.34886	0.962302	9.07769	13.9104	5.82294	14.417	17.3924	14.0221	11.5247	7.53036	6.2607	6.86572	8.22237	8.41637	4.9661	5.18995	3.67939	6.78055	4.78417	10.7783	4.79768	5.8418	4.86612	3.39164	3.67932	4.55739	5.66128	4.29596	4.13804	9.08134	11.2908	7.59631	1.19872	5.45424	9.59655	7.23636	2.67888	4.80093	6.41941	3.0719	1.68557	3.72651	2.99316	1.97319	7.35797	5.43974	8.34025	3.16358	12.2437	13.3467	7.63124	6.27042	3.39634	2.5572	6.4166	2.3964	7.14695	5.27748	1.30083	10.2856	6.9381	12.775	13.4182	3.94987	6.0639	2.60041	10.5033	5.7688	1.13018	4.99439	1.61793	6.05354	1.78652	8.66328	15.6963	11.6739	1.28857	2.94482	2.6787	6.11828	8.19577	10.1483	7.30733	4.10729	3.55625	10.7288	8.97542	7.60467	4.66706	6.992	4.56782	2.94482	5.5939	5.1687	1.6472	5.8796	1.44054	9.41341	7.66988	1.7955	3.21836	3.60956	0.962302	8.53146	15.0786
2.38279	4.28448	4.16438	2.15082	0.357393	1.52642	1.14411	2.09072	2.38279	3.91704	0.565068	0.736744	2.57543	1.52647	3.2181	6.79584	3.92916	0.893399	5.92955	6.04778	0.911121	5.02236	4.40476	4.47255	3.913	1.64705	0.962214	1.68531	2.1729	2.94462	2.60014	1.44042	3.03497	0.178698	3.08187	3.2818	1.86498	0.644265	1.69476	2.03659	1.61775	1.69476	0.565086	2.03665	3.50654	3.55603	2.60007	3.1783	6.86466	5.38644	4.81667	1.19855	4.06806	4.41208	5.18039	3.59146	0	0	0	0.399568	1.14405	1.78641	1.99712	5.19554	6.97117	2.32181	7.34671	5.10351	0.714758	0	0	0	0	0	0	3.56926	7.39543	3.94134	3.67467	9.50979	8.99832	1.64711	8.09541	11.6366	4.95264	10.1348	2.63665	6.00624	5.97207	7.82189	3.67467	1.28837	3.92916	3.81856	6.05562	2.78923	2.94462	4.94307	1.86498	3.05067	3.59146	7.05139	1.28837	7.9187	6.59228	4.06821	2.79492	1.53689	2.55691	3.29145	5.92955	13.4024	2.6546	11.9763	1.99712	5.26195	4.91739	2.88448	2.65458	5.09729	1.04184	3.6615	0.644265	0.399568	4.35408	7.19846	6.33715	8.28508	4.16051	12.0553	11.874	0.505437	4.66653	5.34823	2.9284	3.46543	3.781	9.32181	3.27697	11.2934	10.1046	0.911103	6.91692	5.7544	6.7962	9.74653	6.58511	5.66054	1.04184	7.23776	11.8042	4.81692	3.85172	12.3713	14.8013	1.75939	11.7347	8.90685	6.07651	3.35368	0.536081	1.78636	1.14411	3.46543	2.86237	4.60164	5.59328	2.38274	5.41856	9.52753	10.4949	5.76813	8.80219	6.05573	2.34912	1.30071	2.73147	2.73147	3.40991	8.43369	11.0327	8.60297	3.16338	6.76118	10.2551	11.6643	9.4109	5.10682	11.1218	10.0564	8.64781	0.893399	3.59146	3.50644	1.96492	7.83204	10.2509	5.20488	11.027	11.0119	3.94946	9.77281	10.2026	2.20931	6.44771	1.14411	6.81669	5.2169	6.37916	3.33464	9.59997	1.99712	12.566	7.71952	5.20461	5.56502	5.42732	10.2773	1.25069	3.08182	7.10444	3.63981	8.50139	7.078	6.68426	14.3792	14.1204	0.565086	2.27321	0.962214	2.39615	7.84572	6.1178	5.52526	5.04745	5.19551	12.6336	7.66893	4.29559	10.9175	9.51794	5.48806	3.11772	5.8789	1.36065	5.5905	3.72602	7.15491	6.56118	1.14405	1.53682	2.82326	4.60187	5.48806	10.1348	11.9095
1.59781	2.52521	3.29115	4.639	2.63626	0.893305	0.799059	1.30062	1.64688	3.66112	1.36058	2.20911	3.63945	3.11751	3.96109	5.26442	3.40955	0.893335	5.04692	5.35953	3.71304	6.17844	6.06291	5.35671	4.45802	2.32851	2.03646	2.5567	3.05566	1.08673	1.12991	1.44032	1.26325	2.63642	1.19842	3.05561	2.90619	1.42916	0.178681	2.15794	1.19849	3.91283	4.6799	4.35392	3.38637	2.09053	3.78493	5.19517	6.31172	3.78476	4.23938	2.79467	3.75109	2.23767	4.95212	4.06758	0	0	0	0.399526	0.911011	0.758064	2.15794	6.2492	7.08423	7.6522	7.24976	3.19295	0	0	0	0	0	0	0	2.3958	6.21647	5.06902	3.21777	8.07343	8.71669	10.5062	12.2168	10.0368	6.4689	8.64695	6.80704	5.80041	5.41824	3.84305	0.893335	1.69459	2.6543	4.30977	5.66825	0.911036	2.90619	3.42814	4.40455	7.42457	6.13017	5.3595	2.85653	8.72172	3.19295	0	2.85653	6.52484	8.56098	9.14599	10.7935	9.88894	4.31	10.8887	3.5557	5.57866	3.54208	4.22835	7.21754	8.40544	7.15024	7.80133	5.02213	3.71304	5.10305	6.12466	4.46853	7.81319	10.1646	10.7835	5.7346	6.6957	4.90427	2.87864	1.64688	3.54233	5.37135	6.12466	7.82118	13.3746	6.93435	1.64685	6.04714	3.16297	3.75118	1.61761	10.9775	5.43835	8.43279	7.14568	5.46444	1.99689	6.29714	13.8816	10.0106	2.94434	13.2047	8.68995	2.97128	3.02939	0.644197	2.20911	5.28866	6.02403	2.67836	5.3151	4.81632	5.81402	1.99685	8.09456	7.75703	6.23925	6.02371	2.97109	0.962115	3.58679	6.8162	7.86306	7.75732	6.53167	7.86103	16.7015	22.8749	22.7893	16.3422	9.38556	10.1538	7.88078	6.66708	5.7018	9.91988	1.01063	6.6859	8.06818	14.1439	16.0844	14.8263	9.76304	9.83135	10.3059	0.536029	12.3445	12.4352	4.35392	10.3256	9.77244	8.73266	4.31738	7.29495	4.95243	3.25708	9.98189	8.35155	2.87875	6.26937	1.76823	5.34767	6.84124	7.31871	5.2647	7.9885	5.41833	5.54741	4.50029	7.54759	11.0068	9.34553	7.66246	6.80942	4.8	3.5557	5.49893	2.08278	4.9553	5.59294	8.34052	10.0686	5.54764	9.91417	12.7021	5.56443	4.35363	2.52528	2.15061	6.8644	3.7513	5.02213	7.86279	2.17996	3.78485	2.97128	3.44683	5.74858	14.018	13.7407	6.05499
2.14297	0.505312	3.29082	6.38784	5.5922	0.39949	0.798975	1.44014	2.32132	4.91644	1.97262	2.34866	3.63911	3.92849	3.8138	3.25677	2.15033	1.08663	3.03961	3.25683	3.66099	6.38784	6.8406	4.75645	3.96069	2.32827	2.03625	2.4287	2.48059	1.52612	1.12981	1.39517	3.12218	2.5377	2.67794	3.67815	1.99674	1.42902	1.64671	2.15774	4.31304	4.23912	4.66587	4.46833	3.07099	1.99676	3.03976	4.89406	4.13685	1.26311	2.86183	3.11719	1.97262	0.73662	4.46813	3.07083	0	0	0	0.178664	0.564976	0.757984	2.15774	3.25683	6.29648	7.11002	4.51061	1.42902	0	0	0	0	0	0	0	1.07186	3.72541	6.23865	6.80607	4.00835	6.66685	10.78	11.0748	5.24014	5.98389	4.97097	6.37822	5.49865	5.01843	2.14297	0.644171	0.910944	1.14383	3.38591	3.91222	0.910944	4.47169	0.962028	7.38991	7.42382	5.79174	2.17988	5.42628	7.32618	1.42902	0	6.36563	8.86359	8.61779	9.20555	9.75086	3.35303	8.52711	7.83033	3.67824	6.24863	1.53652	4.22791	7.99553	8.55811	7.07917	8.7034	5.94186	3.76359	3.92446	4.15971	2.17248	5.56423	10.3955	7.35628	4.34235	6.72303	5.14277	0.798975	4.25387	4.19777	3.67826	1.0106	10.464	11.5105	2.88402	1.89848	5.04647	1.97264	4.13685	2.38228	13.606	2.17248	13.5308	6.56006	2.4287	1.60756	9.96082	10.9477	3.21258	4.33874	15.6587	8.33972	5.91785	3.02913	0.893226	5.73409	6.178	5.4872	4.92935	5.81314	4.13691	5.54721	6.44645	3.19266	4.41122	4.25407	3.83028	1.75905	2.67794	7.32618	7.83038	8.36028	6.90461	2.17252	9.56465	18.9589	23.304	21.9895	15.5623	9.2856	9.32026	10.4611	3.15761	5.57831	5.46394	1.01055	10.2946	12.1735	14.0799	16.0399	15.7794	11.8149	2.94405	8.40991	5.92841	12.579	17.1547	5.10268	8.42686	9.54234	6.9543	4.31692	5.83228	6.09343	8.36737	10.7755	4.64887	4.41112	4.71973	3.78443	2.77141	4.75645	7.03929	4.92954	5.97099	6.04424	0.564958	2.09025	8.14203	6.08839	2.92783	7.66979	6.9543	6.40753	3.67824	3.05532	0.505339	0.893248	4.54562	8.00526	4.13685	5.54709	10.86	8.23113	0.714619	1.07186	1.82143	6.13696	7.87999	8.98291	9.7459	4.95511	1.68499	3.7845	3.46484	3.8138	8.83032	18.4964	11.2056	6.52389
4.92903	3.51915	1.12971	5.73359	6.04609	0.736555	0.505267	0.798871	3.19238	5.43739	2.59934	2.85601	3.94023	3.81339	1.26302	1.30037	2.52485	1.44004	0.910846	2.53748	2.88377	4.35286	5.94908	2.53734	1.26302	1.86451	0.798905	0.736555	1.53646	1.52598	2.55611	1.14379	4.7824	1.52604	3.66047	3.67347	1.07177	1.12971	1.68484	2.90566	5.43739	2.28654	0.535929	2.90566	2.94379	2.15019	1.64656	1.86451	3.94835	2.88377	1.7948	2.23727	0.178648	0.252652	3.91594	3.21717	0	0	0	0	0	0	2.57471	2.42846	3.89578	2.65394	0.893169	0	0	0	0	0	0	0	0	0.178648	1.26304	6.60929	7.19645	1.08655	2.65385	3.56826	2.402	4.40352	5.35854	1.64656	3.96035	5.26369	3.67797	4.56933	1.83871	0.252652	4.11725	2.14278	1.86446	2.48037	5.29637	4.07077	8.65067	2.48025	1.61731	4.45713	6.86735	4.95125	0	0	7.55199	8.47707	3.03934	5.89875	6.46554	6.05131	11.3545	3.21719	3.75042	6.80552	4.51362	4.10574	7.20086	6.69652	3.11692	7.78761	4.79889	1.79482	2.49949	3.57278	3.28091	3.92817	2.02028	6.05392	7.35527	1.14379	5.26349	1.04155	7.63827	3.85073	1.53638	4.11725	10.3411	7.17251	3.23201	5.39095	4.33843	1.01046	3.03412	2.95448	13.3411	6.55959	13.6397	1.64656	2.39537	3.36677	7.93805	9.34922	8.37261	5.21544	14.1166	5.35857	7.31059	3.03418	3.79267	7.58709	2.32795	3.28088	6.52339	6.41422	5.96762	3.98833	10.1245	2.42836	5.17907	6.1367	4.07095	1.19826	4.45708	10.7517	7.73559	1.44002	10.2285	16.4247	13.4874	9.42751	7.5129	9.57846	10.3989	6.70372	5.94134	10.2118	7.38917	1.26306	6.16737	8.86131	11.4766	10.5384	3.92817	3.31942	7.70927	10.5341	2.86156	6.92406	8.00451	11.3347	15.6794	7.04287	1.97247	0.736555	1.64662	3.96035	6.98505	12.6021	14.6857	3.58608	6.04357	6.3106	1.79482	6.05131	3.2904	6.3579	7.573	3.35273	0.399455	5.20315	2.48025	4.00798	6.64481	3.29053	3.11682	4.04362	5.07122	6.17733	3.67364	4.84828	4.29448	3.72508	3.57278	4.8416	6.44619	9.58311	6.79408	1.07177	2.90561	0.910864	5.31436	8.72914	2.57471	12.0569	9.59245	5.70064	3.94027	2.09006	2.09006	0.893147	11.4369	18.783	2.77117	10.492
5.70006	4.99213	4.06643	3.67744	4.04298	1.08642	0.505214	0.357254	4.1589	4.95073	3.04949	3.6384	3.93981	3.21689	1.26289	1.60724	2.52459	1.64645	1.83843	3.08068	3.57243	1.92314	5.69991	3.54109	1.26289	1.75878	1.47267	1.08642	1.69416	1.08642	3.27555	1.19813	3.84196	2.34817	1.89811	3.67308	1.47267	1.12959	0.39943	3.55455	3.98774	1.78567	1.19808	4.47082	2.94348	4.14747	1.89811	2.90536	3.75018	4.31228	2.42813	2.47999	0.644015	1.04144	3.43182	4.45661	0	0	0	0	0	0	3.56788	4.02339	3.77966	4.16277	1.99629	0	0	0	0	0	0	0	0	0.399413	2.48641	7.78083	4.30855	1.43984	1.60724	3.56788	1.14361	6.28997	4.23817	4.91549	6.04294	5.57724	4.66487	4.79841	1.83851	3.03902	5.26293	1.59733	1.43984	2.55594	4.84757	5.77672	8.89648	1.3002	1.61714	6.05328	6.41355	2.59906	0	0	6.55856	8.23118	6.04545	9.30498	5.79871	11.3534	12.7875	1.52588	6.65818	7.03097	3.92773	4.89302	7.63747	6.69582	4.71872	10.2495	5.04238	1.96415	2.1721	3.05476	3.43197	3.03393	2.02007	6.28749	4.89295	1.99631	5.02987	5.0455	9.89395	3.43197	4.5445	5.26293	9.62185	4.42811	4.9635	7.18712	3.8421	4.03513	1.86426	1.61712	9.46731	6.71006	8.47629	1.14361	1.07165	4.84752	2.57456	8.86039	10.647	4.17811	9.76909	3.92773	5.23892	2.17945	3.98791	6.11535	2.32771	4.84109	5.53175	5.96699	5.52885	4.68855	8.30443	8.163	6.93252	6.58031	4.23831	3.35224	6.1969	13.3308	8.14218	6.51299	18.9904	17.4279	12.2196	2.1721	5.91695	10.2275	9.03295	6.22755	5.40795	9.30498	5.52313	5.19351	7.70869	8.94367	7.93746	4.64775	3.03393	3.31907	6.52264	11.2529	2.34821	6.20705	5.29008	7.31855	7.74069	9.185	4.07425	1.3002	2.14996	6.04294	8.86712	16.1123	11.5453	8.10001	6.2575	4.96988	1.43989	4.63415	7.7868	7.16327	8.64474	7.13689	1.14361	4.45661	3.21683	1.86426	4.63423	3.29018	1.79461	4.40321	4.86726	4.81165	3.67325	4.79533	4.46747	3.98786	4.5827	3.28053	8.34372	8.69112	4.35262	1.92314	1.64639	3.61209	8.55814	5.62222	3.56788	9.91712	4.7086	5.88479	3.07039	0.961876	1.08644	2.40174	14.223	18.34	8.2688	7.53467
5.31334	4.54427	4.81439	3.21657	2.52433	4.03499	5.4279	4.31203	5.75168	5.4508	3.76235	3.5138	3.5138	2.52433	2.59883	2.14979	4.4882	5.0202	3.44551	2.42792	2.6832	2.77648	4.25267	4.06608	1.12952	2.9052	3.16187	3.03366	4.06628	4.30834	3.0336	0.910687	2.68318	3.84998	3.17695	3.11624	1.69396	1.64633	3.04932	3.58539	1.93122	1.6463	1.6463	3.5183	3.56775	5.17794	1.26279	3.65976	0.961756	3.71142	3.04922	2.79347	1.2501	0.961756	3.31861	4.67785	0.178613	0.252603	0.178613	0	0	0	3.79173	4.35202	0.961756	3.55423	4.30834	5.03906	4.56518	3.1919	1.43974	1.79447	3.07012	2.59891	0.736412	3.39437	6.28961	5.40732	2.48628	3.11634	1.12952	2.52433	3.53198	4.62348	3.61195	7.65319	6.08645	2.32066	4.06608	4.17377	2.28622	4.71831	6.24953	5.45108	3.67723	1.68459	2.17191	8.28133	6.20651	4.11658	6.41325	6.93191	4.56844	0.643958	1.97208	5.85491	9.97816	9.55555	8.10899	8.84697	1.52574	13.4316	11.359	4.07404	8.13953	6.37617	3.43157	4.40267	5.91612	4.96306	6.04241	11.6026	5.74623	2.65343	2.14237	3.67276	5.34301	8.17791	9.3045	7.45524	3.08041	2.3816	4.6779	5.62993	9.14209	5.41618	8.71335	8.17773	7.58564	1.36	5.98224	6.61748	4.4134	6.16842	1.69401	1.36005	7.78212	5.49711	10.3691	7.18891	3.19177	4.95029	7.31558	8.19101	12.31	8.66374	6.93416	0.564799	5.01692	4.31203	3.46391	1.47254	2.59883	4.37032	7.19968	8.05531	6.3862	6.75832	12.1939	11.6756	4.54418	2.42799	6.41325	9.24302	6.81357	10.3907	9.44562	9.72915	16.518	14.803	15.4058	11.3901	7.97596	8.40228	6.92304	7.16279	7.25162	5.9401	2.6832	4.10486	6.98814	7.75039	5.59082	3.61192	3.28027	3.81694	4.1965	9.20259	4.3119	3.74977	6.59874	7.64928	7.94663	8.04744	2.71857	10.5021	13.0008	11.4352	10.5959	13.3331	1.28782	11.5805	4.31549	3.76246	4.70505	6.52227	9.40618	5.92675	7.3941	7.64286	2.65343	8.01662	6.28719	3.60749	2.32071	4.55476	8.01868	7.83621	4.84729	4.31196	4.81464	8.81413	11.633	11.9134	8.79835	4.13569	7.0414	3.21657	2.42799	2.65334	2.70089	6.25695	6.16586	3.7116	6.30443	5.17785	9.47499	10.9144	6.34923	3.03353	0.961756	8.72747	16.4749	11.2236	11.0495	1.68459
4.59928	4.54384	1.35986	4.86288	1.51514	5.03849	5.4158	5.36888	7.1508	7.18779	4.99106	3.0489	3.98698	2.52408	3.0489	1.64618	6.34847	5.01975	3.67686	1.79427	2.15703	2.95376	1.6461	4.06565	2.71819	2.96987	2.82167	2.92675	4.06592	4.06592	2.23674	0.910602	1.76752	3.43136	3.27512	1.86398	1.69378	2.32048	3.28958	2.59867	0.535774	1.43963	1.43963	0.89294	3.84141	3.77898	2.03542	2.90475	0.736319	1.9959	3.51344	3.03321	1.08624	0.535774	3.81635	3.92688	0.399336	0.252581	0.399336	0	0	0	3.28942	3.85767	0.535774	1.68444	4.06592	5.03862	4.78125	4.27834	2.88281	3.67671	3.38476	4.40943	1.29995	6.91525	7.2851	3.08012	3.03855	2.96987	2.71819	1.82074	3.6726	1.64615	5.1683	6.60044	4.10457	0.961704	3.06965	2.87733	2.28601	3.74518	4.89232	5.53093	3.51815	1.86398	4.63326	8.68933	1.93115	7.58488	6.52898	5.1776	2.34778	0.178596	4.07347	9.16994	10.1294	8.00624	6.75749	5.26193	2.55538	12.2462	7.18779	5.16832	6.6641	5.23793	3.8495	3.50442	3.65938	3.23106	6.25632	11.133	5.74565	2.4278	2.94285	7.59913	7.45863	8.3647	9.11634	6.28918	3.08012	1.61684	4.02263	2.71819	6.05213	6.22625	9.68385	8.01587	4.11621	2.32726	5.98162	5.41546	6.16521	7.1464	1.53603	1.35993	10.2446	10.8836	9.97745	9.90319	9.07171	3.51344	12.1069	10.736	11.3303	9.45944	4.78789	5.54478	5.62106	4.7977	4.02276	4.35156	2.59857	4.66402	7.19902	7.90658	5.53093	7.58516	11.6631	10.0645	3.08012	4.23737	6.68078	9.12812	5.65481	2.49876	8.09131	6.94051	4.13535	13.187	14.4087	10.5013	7.78584	7.96927	7.1621	7.17088	7.14687	3.94723	3.43123	3.12097	5.67982	9.07548	7.33628	3.61159	3.27998	3.8166	2.32741	4.36979	8.56186	3.7494	7.01206	8.62522	7.58526	4.4702	7.46678	14.0189	13.1498	10.7789	9.7849	8.42889	5.43577	8.48921	1.83808	2.90495	5.02916	6.66425	6.83801	1.68434	9.03257	4.56798	6.84019	9.59469	5.94772	6.13467	1.86398	5.72109	7.63644	9.91551	5.70731	4.47011	5.40698	10.8349	11.964	11.8312	9.56931	10.0639	6.04429	1.5256	2.17907	1.60695	4.70435	6.91303	0.64389	3.65964	4.64698	2.90481	13.5064	11.1337	10.8347	5.73186	2.67691	14.6852	15.6448	2.28586	8.96931	10.9724
3.06937	4.36938	4.04205	6.63758	5.04435	7.83471	6.33326	6.61639	7.87609	7.0755	5.31211	2.53636	3.65906	2.52379	2.59833	2.2365	6.28821	1.08611	3.53111	1.43941	2.65283	2.20784	1.93094	3.98662	4.46601	1.29987	1.35974	2.2365	2.55514	0.3993	2.17873	0.564689	0.8928	0.505071	1.5149	0.178578	1.53579	2.14931	1.99572	0.910492	1.04115	1.29987	2.52387	2.77017	1.61666	1.35979	3.95876	3.21106	1.79412	1.76724	3.46307	2.92629	1.26253	1.61668	3.61107	3.40763	0.3993	0.252554	0.3993	0	0	0	2.47929	4.00643	2.08161	1.47229	1.64595	1.35979	2.7297	4.8234	5.06602	3.58906	2.87701	4.75409	3.57142	6.91233	5.6873	5.31219	2.82126	3.11561	3.98667	0.798561	2.20784	4.5433	6.30817	2.99077	1.2875	0.643833	3.43086	2.32712	0.910511	1.75821	0.798595	2.17873	2.40107	2.08925	6.8601	5.87499	5.3683	7.93501	1.59681	0	0.178578	2.14936	6.47261	8.51213	6.54237	4.70393	4.68716	3.58469	4.23696	11.9685	4.59857	4.70728	3.81601	3.92654	3.46307	2.38114	3.0539	3.33242	5.85359	10.1478	4.45536	0.714279	3.84088	8.85748	6.91233	2.82123	3.27946	1.83791	3.43086	1.64601	3.7786	5.19229	5.06611	6.28573	9.63193	5.13707	1.93085	6.93952	7.80877	4.86259	7.82649	7.00893	3.21608	5.49605	12.9474	11.5796	3.27946	10.7702	10.9382	2.53649	15.0599	7.94478	7.58411	4.46601	2.40107	8.15312	5.16462	3.76163	3.60674	7.07337	5.00024	2.90449	4.66351	3.3843	2.32026	5.6873	1.7941	4.40179	4.62617	1.61668	8.16115	13.18	12.0479	9.62444	7.78503	7.13513	7.537	8.2293	8.2669	4.99086	1.59688	4.06529	4.35118	2.88265	2.6768	5.73959	5.04097	6.22549	3.92654	6.16723	6.66348	7.54949	9.88391	7.73287	5.19214	2.5552	11.0692	7.49327	5.87515	5.0691	1.08613	5.10027	12.9474	12.688	3.03823	3.16117	3.67635	4.63285	6.16468	6.76827	2.03531	3.33242	3.81199	3.84915	2.90449	0.798595	8.19867	3.74913	10.6682	5.75057	4.33668	8.93569	5.58984	8.33579	5.94709	7.92134	4.3838	1.89758	4.8657	7.16976	4.28162	5.54459	9.38161	11.5887	4.06529	0.798595	0.643833	0.910492	7.4368	5.33583	5.67896	2.40119	1.47226	7.79264	11.7681	7.6251	12.3475	4.99062	6.93952	15.9033	9.03177	11.3291	4.68723	15.7826
4.06493	2.55499	4.0417	6.24772	5.74478	7.46782	6.67951	6.17454	6.637	4.73367	4.81304	2.53614	2.90423	3.5308	1.47217	2.3201	5.33536	0.736204	3.5308	2.17854	3.35101	1.93077	2.20764	3.51281	4.9489	1.14324	3.81567	2.14924	4.62218	1.14318	2.42721	0.56464	0.643776	0.505027	1.51477	0.399265	1.53565	1.39431	1.75806	1.35962	0.252532	1.14324	3.23047	2.65268	1.61652	2.82101	4.16123	2.87685	2.76985	3.27918	3.21564	2.67643	2.15653	1.61654	2.63454	3.15583	0.178563	0.252532	0.178563	0	0	0	1.29972	4.74363	4.06493	1.28745	1.43931	1.97151	2.32696	4.28126	6.13357	1.60665	4.3508	3.23051	4.92658	3.65874	4.16123	4.48689	1.35967	5.7746	3.58438	2.78698	1.93077	4.96805	5.85308	1.64584	0.798491	0.892722	4.89115	2.32691	2.63454	1.08602	0.798525	2.42721	3.15583	2.79269	6.36697	2.4855	6.38427	5.18556	0.714216	0	0.399265	4.14594	7.5835	5.19162	6.5418	7.3412	4.29231	3.21077	4.93934	12.9289	3.61076	4.70686	2.32685	3.67603	3.21564	1.61654	2.47919	3.46289	5.4058	9.18159	3.21564	1.59667	4.78013	7.38989	5.66457	3.31767	3.7823	1.35962	2.95307	1.75813	3.58889	5.33558	4.20678	7.94409	11.8246	5.13662	4.67654	10.2771	7.80809	3.92639	9.03779	5.57216	3.67617	6.93901	12.7374	7.11019	5.78819	11.9662	8.75322	6.30762	14.8368	2.86022	9.28	2.17126	2.14912	8.39967	5.41447	4.99018	2.70017	5.34433	3.85717	2.40085	4.86209	1.51485	5.1764	4.16123	4.06884	1.61652	4.62576	9.10068	12.1558	13.2552	11.635	9.52094	7.87964	7.76221	6.91431	8.17563	8.72532	7.47602	2.94232	4.06493	6.8275	3.57111	2.7928	6.70728	4.79661	5.48385	3.67603	4.22535	4.45515	8.76589	9.93869	10.4203	7.74797	3.03274	11.5394	9.01737	5.24013	2.72945	4.00608	7.58972	13.577	9.65192	2.03513	1.97153	0.399282	4.1726	2.40085	6.76768	2.03513	4.09994	3.44454	2.68244	0.643776	0.798525	5.48385	3.7488	11.3133	2.59818	6.99941	10.0058	5.67873	8.33507	5.9782	4.71707	3.67606	0.399265	5.80991	3.42591	2.92618	5.98079	9.0329	7.83385	1.12917	0.798525	1.89741	1.35962	10.8326	2.68242	8.61257	2.47919	1.47213	10.6714	7.38989	10.6842	11.1949	1.08604	11.1949	12.4959	2.8824	10.9583	5.34137	14.8436
4.82251	4.84547	3.67578	6.67147	6.31447	5.69743	6.14336	6.14336	3.23017	2.47881	5.09291	2.90393	3.03235	3.61038	0.178544	0.79844	4.45455	1.4392	2.55465	4.10338	4.63544	2.20741	2.27125	3.12009	4.54237	2.03492	2.82068	3.67583	5.56318	1.69335	3.1555	1.78487	1.78487	1.24961	2.8208	2.14901	1.42806	1.29958	2.03484	1.0859	0.643708	1.61635	2.1563	1.26233	2.32665	2.1563	4.13415	4.79633	5.52638	5.70565	4.16087	3.39308	3.57071	2.71752	2.52339	2.39398	0	0	0.178544	0.564598	0.64374	0.357084	1.47197	4.94838	4.29176	0.504974	1.12905	1.39417	0.757476	2.03481	5.38182	1.76699	4.55279	1.28725	4.91316	3.11501	4.46877	5.01508	5.2004	6.69266	2.32665	4.07231	1.60648	5.20014	4.59768	0.252505	0.399223	0.798406	4.63195	3.51258	3.74409	1.60648	0.736108	2.03484	4.1455	3.79027	5.06184	2.01922	5.41393	2.67615	0	0.357084	3.74409	9.03194	10.0735	7.25525	8.33235	8.30429	3.03764	1.6933	4.703	12.8849	4.00568	4.20612	0.961383	3.23013	4.45468	5.41419	5.91415	5.9141	5.70565	6.55787	2.82082	4.22509	4.45455	5.92446	5.04311	4.04106	4.25103	1.5965	2.5233	2.25722	2.34705	1.53557	5.01826	9.57429	12.195	2.90393	8.62969	9.96182	3.16056	3.90978	8.75056	4.20612	3.31732	5.17583	9.35007	6.21196	11.4505	14.6705	9.21938	10.0232	14.7487	8.08892	12.2136	7.56864	7.73139	9.76474	8.50887	8.36208	5.80955	5.17594	1.99534	5.09291	3.81527	2.47881	8.72407	5.06828	8.48138	1.99536	7.10531	17.3055	14.6227	7.36615	4.30668	3.4624	4.8388	6.9315	6.14336	8.02728	8.71556	7.31503	1.83756	4.1455	7.88041	3.8484	0.399223	6.92912	5.85246	5.01805	4.90034	4.56684	4.54256	3.81527	2.76963	6.31437	10.0736	12.2874	12.4805	7.19672	2.79251	10.2764	14.5027	10.8432	7.49173	7.66257	9.42258	8.53634	7.19265	7.58297	5.67813	4.86477	0.399223	4.94838	6.14074	7.73744	7.45876	6.66243	7.38514	3.67583	7.39967	7.30016	8.8245	7.70484	1.19751	4.59768	1.53557	0.910334	3.12009	1.83764	6.23455	7.66471	8.42132	6.37399	4.11487	3.584	2.52339	1.64563	2.20741	7.64635	8.46497	3.44417	7.31278	4.45461	7.87478	8.07706	5.92477	11.6684	6.61255	2.76963	9.58697	10.5355	1.24961	13.0553	18.7266	14.5829
3.67551	4.94818	5.61896	10.8572	8.24173	5.57411	5.77377	5.77377	3.9376	1.29947	6.0835	3.65803	3.76057	2.63403	0.399187	1.47184	3.40675	3.44375	1.52502	4.45776	4.45422	3.89307	3.78157	3.11982	3.16028	2.03474	1.83739	4.2359	4.02122	1.69321	4.41131	3.04777	3.04777	3.76057	2.63415	2.55448	1.00983	1.52496	2.48501	0.736061	0.892549	2.9525	0.757409	2.38047	1.53543	1.26218	3.3172	4.67588	5.29302	5.38736	3.5882	3.07894	3.76064	2.71728	2.08112	1.07105	0	0	0.399187	0.910236	0.736061	0.798336	2.8762	4.46476	2.78644	1.51447	1.12895	0.178528	0.757409	1.04085	3.91332	1.76683	3.35036	1.78466	4.6621	4.79569	5.9134	4.5526	5.23619	4.54211	1.53543	2.72887	3.58805	6.4416	3.61006	0.252483	0.178528	0.357053	2.49782	3.36468	2.79226	2.65208	0.961299	1.0409	4.86108	5.29279	3.06851	2.2571	3.77741	1.93031	0	0.798336	7.39062	11.334	9.41832	7.15937	7.50793	6.24652	2.1562	0.910254	3.95758	11.6891	5.1754	3.4621	0.535571	2.08112	3.92563	5.58544	5.92425	6.25416	4.845	2.55442	4.48602	4.04092	2.69965	4.67564	5.04267	5.04267	4.4965	2.57298	2.52308	4.15656	1.52502	5.01761	5.93739	8.76757	9.88848	1.39404	11.8058	6.17322	3.16028	3.65822	6.83537	3.4621	4.81211	3.42525	5.62732	5.79281	13.0765	13.9147	7.68829	9.43616	13.3104	8.08821	11.6532	7.63351	7.63351	8.34837	9.43616	8.2042	6.4248	7.46616	4.70259	5.09246	3.31703	4.20575	11.7457	4.86453	11.3018	3.35036	9.23027	17.4883	12.1449	6.68058	6.05778	7.18515	7.87385	6.93089	7.00941	8.56449	8.27773	4.74295	1.83739	3.90929	7.15907	4.28406	4.16036	5.79528	7.23065	4.54198	6.51899	4.17576	5.54292	1.83739	2.65217	2.14875	8.99032	12.2423	9.57216	3.61023	8.08976	14.3582	14.6935	10.5002	3.11474	6.61231	9.52555	8.87633	7.05175	7.30605	7.29952	1.83748	0.178528	7.38847	9.86063	7.77685	7.58236	6.68997	7.68214	5.34328	1.9304	7.63333	7.64959	3.81084	0.535571	1.69315	1.97115	0.910254	3.11982	2.32646	4.67588	7.88009	8.3985	6.51926	2.20721	2.39387	5.8894	3.27371	8.60196	9.23027	4.2359	6.03955	2.2571	8.03589	9.72618	4.1946	10.6252	8.10349	1.12899	2.65217	2.82046	8.34837	14.4796	18.2785	18.1362	11.5247
1.43889	2.03445	5.44765	11.2456	8.82286	5.19037	3.40656	4.34979	6.5759	3.51648	7.02636	5.56214	5.03601	3.60544	2.27097	0.910144	2.31932	4.49603	2.82017	3.44339	2.8759	4.45364	4.8116	2.32615	2.34661	1.43891	4.42516	3.70927	1.79344	2.20701	5.31017	4.81176	3.92514	4.77872	1.28709	2.52288	1.4278	1.5962	2.57271	1.12888	1.99504	2.95219	0.9612	2.79185	1.69305	3.78126	3.42973	3.78143	2.95235	1.8372	0.910144	2.17789	2.8759	0.798253	0	0	0	0	0.399146	0.910144	0.564496	0.643584	3.28786	4.03244	2.01872	1.78448	1.19728	0.252443	0.399146	1.24938	3.11442	0.735993	2.53538	2.47834	4.20531	5.31007	6.42144	0.961247	1.52488	0.535519	0.735969	2.94145	5.69621	6.12404	2.53538	0.252461	0.178511	0.535519	0.735993	0.178511	1.0857	2.55413	0.892515	1.0857	6.44096	5.42163	0.798253	2.31938	2.38023	1.19728	0.535519	2.32621	9.28557	10.7662	6.51832	4.45735	3.03708	2.31938	3.92529	4.54179	4.88991	9.80498	5.55917	2.55416	1.99507	1.28709	1.64537	2.50392	1.7846	4.11409	1.26207	0.252443	4.8116	0.910169	1.52481	3.98509	5.5846	5.34261	2.96827	4.48558	2.72867	5.92332	0.399146	7.84134	5.51947	6.60423	6.82548	3.15489	10.3466	8.12003	8.68732	6.42188	4.51026	1.83731	4.19409	1.8372	3.0371	3.94535	10.2398	9.62826	2.20694	7.43396	8.7665	3.60544	6.99064	1.14284	1.19728	5.87273	8.48523	2.78614	5.01399	6.65376	5.01709	5.52817	7.28834	10.5728	11.2013	3.63599	16.5005	10.6589	7.47386	11.3367	8.68181	5.58491	6.8985	9.97685	8.40462	3.81454	5.09193	5.54216	2.03456	3.03708	4.00488	3.28786	7.05065	3.5655	4.36772	3.57007	4.99831	7.75003	6.93697	1.68364	5.97612	6.25337	3.72225	6.99953	5.54216	1.24938	3.51195	8.85627	14.173	11.6894	4.8116	7.07279	8.06585	3.03177	1.75754	3.18992	0.399168	4.96659	9.11175	5.72953	5.83555	8.44883	8.02919	3.42973	2.79201	0.643584	4.8379	7.41521	5.03601	6.13171	5.19005	1.60618	1.43895	2.63391	3.33117	2.57288	4.06393	5.03601	3.02651	1.3939	3.67512	5.70461	2.69939	1.69305	4.9506	4.30951	10.6598	6.93676	7.41505	6.53986	3.27823	9.76271	7.34963	8.84192	11.6879	2.50394	4.11415	3.78134	4.70241	8.53461	22.4316	18.1298	2.67563	8.36032
1.64516	2.48453	4.20494	7.6378	6.92958	5.18983	3.4616	5.38633	5.48194	3.7768	6.38181	6.17204	5.03553	3.75995	2.48462	1.83704	2.5539	4.24983	3.7472	2.76878	2.39331	4.20494	5.3096	0.910059	2.14834	1.9948	5.17438	4.95017	1.96267	1.93003	4.48515	4.81129	3.11423	3.83905	1.28695	2.52264	2.25659	1.59605	2.57249	1.12877	2.14836	1.61589	0.7359	2.08826	1.97076	4.62385	3.84741	3.78103	2.95205	0.910059	1.35909	3.42459	2.39331	0.356984	0	0	0	0	0.178494	0.564439	0.564439	0.178494	2.7859	4.03208	2.01854	1.28689	1.43873	0.25242	1.14274	1.86285	2.88118	1.29922	2.53516	3.21439	3.46143	4.81118	7.16638	2.31911	1.39384	0.961112	0.961112	4.77829	6.35226	3.84732	1.53506	0.252434	0.39911	1.19718	0.643558	0.643527	2.72248	1.43875	2.5539	3.70894	8.60031	3.63566	1.78432	2.50368	1.61591	0.535467	1.19718	3.60939	9.28476	10.0446	7.70269	5.18969	2.38007	2.69909	4.06745	4.59662	4.2239	7.15769	5.55868	1.4388	1.89677	1.28695	2.14834	2.31916	1.78441	4.33823	1.26195	0.757222	3.31639	0.910078	3.21439	3.51145	6.31261	4.6204	0.735919	5.30967	2.32606	7.66217	1.14274	9.3112	6.44283	5.91224	4.34912	2.39992	4.81131	7.91009	7.77537	6.41145	4.82115	4.8634	2.32606	0.564439	2.27073	4.19379	7.38286	7.90182	1.9948	7.9195	5.28582	5.27098	3.60503	0.39911	1.43873	8.33168	8.72162	1.78432	5.68461	3.7472	2.72834	4.25004	7.39794	10.9612	6.53479	12.1002	19.7371	10.039	5.35413	5.01353	8.3319	6.77219	6.48651	10.4308	6.35226	1.35909	5.09148	7.53316	2.38007	4.28323	4.7418	2.7859	8.04008	2.57249	2.65166	3.25374	4.99783	7.52107	4.86036	2.50368	8.68611	7.80695	4.63074	9.69093	5.54168	1.64516	4.99783	12.8399	13.4903	5.85102	1.35909	6.59651	7.82281	1.86285	0.643558	2.25659	0.535467	9.11077	10.3222	5.67379	6.21022	6.11084	2.03424	3.27808	2.98944	3.9085	3.27805	7.62158	6.74198	6.8546	5.18959	1.79325	1.79327	3.39212	3.03163	2.57261	3.52962	7.64394	6.0357	1.89668	5.61788	5.38633	3.03157	3.15967	0.735919	3.4062	7.41657	5.69562	8.15689	5.54168	5.18959	9.76186	4.88926	11.9617	8.06514	5.25897	2.98944	5.65414	4.66145	10.6789	23.0327	13.1419	7.90967	10.4205
7.53081	6.85431	7.44962	9.24265	8.29776	7.00532	4.67457	5.61732	3.58269	2.69887	4.24939	4.46343	4.95925	3.7888	2.69882	4.13252	4.10184	4.66084	4.23455	2.85881	1.60587	4.15912	4.64376	3.03136	4.89868	5.2587	4.48471	3.91216	3.34954	3.92453	1.99468	2.87546	3.02614	3.11385	1.86273	3.11397	4.86315	4.74161	3.89207	2.47801	1.64505	0.252394	1.08551	0.643459	1.35895	4.15912	2.67512	0.564363	1.97058	3.21409	1.00948	4.40999	1.89648	0	0	0	0	0	1.07074	3.04701	5.41216	6.85661	6.61281	4.92434	2.55374	2.17025	1.81953	0.504778	1.81948	1.59589	2.52232	1.19712	3.40575	1.51402	3.63539	5.35056	6.98929	2.47786	0.961014	2.03406	2.32579	4.85964	4.7413	3.07799	2.81978	5.3801	4.96581	1.19712	0.178476	1.04054	2.88088	1.81948	2.96788	6.77155	8.08738	2.6513	3.21417	3.80982	3.0678	3.7088	4.38151	6.75071	9.01989	9.26226	7.67559	2.6513	5.34176	6.58417	5.03837	4.06321	3.56505	5.35343	4.7413	0.643459	0.757196	1.64508	2.14072	1.29908	0.399069	3.67422	1.645	1.42752	3.65694	1.43864	5.25843	6.75301	5.16182	2.32576	4.96581	3.7469	2.47786	5.23444	8.01267	9.93365	5.29128	4.2901	2.94088	2.14072	1.00955	2.17761	7.13112	14.3791	16.8534	11.0636	6.59375	4.14414	3.27293	5.42344	8.76146	4.99735	2.39319	8.0181	2.20651	7.30998	6.13083	7.28054	6.85661	6.63371	6.65968	4.4637	2.94088	5.25572	4.64393	2.25636	5.65104	10.7308	13.1988	14.1433	15.135	6.92682	4.45647	1.5349	4.91126	5.03806	3.40566	9.26226	6.67832	3.20922	8.162	9.82206	5.01641	6.38137	8.30701	5.17419	5.92218	3.07806	1.04054	6.17142	6.40808	1.52451	1.89661	1.39363	8.59236	10.7292	9.65091	9.43826	2.87535	5.38582	6.57463	10.6905	7.46202	8.22472	6.16408	5.48126	6.82417	1.43858	1.35902	2.42605	2.31893	10.2065	8.53264	1.99465	4.30867	1.59598	1.28684	2.1702	4.79453	11.8603	14.9362	14.1531	11.0416	11.2962	8.29776	3.3825	1.39363	2.81959	0.961014	1.47141	2.7858	8.74729	6.67832	4.54059	5.17383	2.71651	3.9365	2.20651	4.13259	1.99468	3.04687	7.19001	10.165	2.37984	6.43972	6.82417	6.66937	11.0713	3.03127	8.85966	7.19001	4.84362	0.71387	12.1879	20.9325	9.13343	10.1871	12.2419
7.48858	6.65928	8.02721	9.72723	8.29692	6.78718	5.61691	5.82552	3.91998	2.31875	2.55341	2.17	5.88714	6.289	3.77595	4.54027	4.45604	4.09757	3.60433	3.05183	1.299	4.40961	2.71613	3.92403	5.56062	5.17362	2.81948	1.0405	3.17421	4.06666	4.56452	2.87518	3.63503	2.5032	2.31871	2.96757	4.54043	4.67408	3.46093	2.39959	1.43852	1.76605	1.24902	1.14252	0.909883	3.40536	2.92434	1.53476	1.53484	4.85921	0	5.16118	1.64482	0	0	0	0	0	2.39284	4.68404	6.45876	7.07112	6.41021	4.15897	2.14799	2.49685	1.51397	2.5221	1.81931	0.713801	2.5221	2.2063	3.60433	2.5221	3.02582	4.64348	5.35291	1.29896	1.68306	2.48405	3.0777	3.2138	2.08785	3.94407	4.48429	6.0814	7.79157	2.2063	0.399033	1.04045	1.43849	3.6696	5.91113	6.03737	4.71425	3.34906	2.42592	3.95617	3.06748	4.11304	4.30832	7.87487	7.15644	8.08667	6.70342	2.2063	6.26166	7.10397	4.92392	4.06278	3.56467	3.92401	3.03091	0.892203	1.26169	1.75711	1.59581	0.735776	0.178459	2.92434	1.43847	1.42738	5.91105	1.299	6.91681	9.7836	4.23426	3.15906	5.54078	3.07775	4.20413	3.95612	9.16322	7.02459	2.59667	2.78536	2.14052	1.59581	1.00944	2.85856	11.2963	18.599	16.3623	12.1232	7.63653	5.01267	3.21393	11.0961	12.2751	4.28986	5.74675	6.51656	1.7929	10.1862	8.54836	7.27978	6.78258	2.95148	4.00394	6.04509	3.83831	5.05971	7.8511	7.10161	5.8149	10.3309	13.2512	8.64746	5.09671	7.48849	3.78023	2.53467	3.65661	3.82591	0.178459	7.15635	10.2831	7.14543	9.70663	8.86751	4.8105	5.52668	7.91632	6.45876	0.735758	2.81946	4.03915	8.13257	3.58234	1.99439	1.99447	1.89631	4.89818	9.18011	9.26023	5.4203	2.87509	6.40758	6.06843	5.09979	5.25518	8.15576	7.6792	3.46088	5.33815	2.17727	1.35888	3.58666	6.12998	8.08667	6.55237	5.65021	3.89167	2.94061	3.04659	4.46303	11.445	11.9751	15.0316	13.5001	9.90062	11.9585	7.54449	8.10009	1.14252	2.32549	1.68306	2.87509	3.91998	7.8511	4.56452	6.53803	3.42393	3.93608	3.06748	3.58666	3.60881	2.20636	2.17	8.91441	8.26144	6.59524	6.67772	1.47127	8.86756	5.97736	6.04757	8.85882	7.85135	6.78697	0.713801	15.9247	18.2737	9.13263	9.2265	14.6178
5.52619	8.15505	8.63589	6.94562	3.25277	1.08531	4.80983	4.5951	3.07743	1.89624	2.3185	2.15517	5.96343	6.96118	3.31546	4.07002	4.39847	2.90229	2.42559	2.39925	1.19684	4.5951	1.92939	3.52845	3.90741	1.89614	2.16984	3.44224	3.03602	3.03595	5.87057	4.10097	3.03593	3.50154	3.50154	3.15887	3.11848	3.07748	1.24891	0.504689	1.14242	1.83652	1.75695	2.49663	1.00935	1.81915	3.93577	3.93577	2.52193	4.15459	2.67478	4.86204	1.19684	0	0	0.535316	1.19689	1.64476	4.01922	5.79254	4.07002	1.6447	1.43839	0.643345	1.12845	2.42561	1.24891	4.03095	1.28653	0	2.52188	3.28665	3.78814	6.53272	4.30794	3.11338	2.78511	1.08529	1.26159	3.38648	4.23376	2.53444	0.252349	3.92357	3.22831	6.29866	7.75693	2.72757	0.56428	0.56428	2.65091	6.0859	7.31724	2.42561	2.65082	3.18874	0.178443	1.7659	1.26162	2.55321	2.14033	7.00367	3.85441	6.0158	6.0807	4.80994	5.84919	4.85878	0.797956	1.42726	1.12841	2.28393	2.08003	1.12841	1.14242	0.909803	1.04041	1.14248	0.735711	2.39925	1.43832	1.97019	5.6719	1.51383	8.46751	10.248	5.23346	5.4312	3.98361	3.67362	5.52604	5.29034	5.09627	2.98859	0.909821	2.63278	2.50299	3.21365	3.4238	6.16004	13.4072	13.3806	4.10117	9.41206	5.58254	2.48383	2.55318	15.4614	12.0435	6.65835	9.66928	5.34076	5.33768	11.5475	8.22274	0.56428	3.25277	6.75871	1.43839	8.16986	4.46264	6.43634	15.3267	13.8641	9.33378	7.1929	2.42571	3.78814	0.892147	5.18816	5.51742	2.20611	2.16984	5.02485	6.57597	8.41833	11.9586	8.56014	8.64628	6.5542	1.89624	1.5956	4.79344	4.70373	1.8366	4.23392	7.06807	7.54759	0.909821	3.11328	2.39273	2.88037	0.252349	1.52424	2.49663	2.71599	6.07552	7.57851	5.23664	4.62268	6.80719	5.74645	6.37016	2.67478	6.43859	2.53444	1.04041	3.11834	6.59467	9.41853	9.85603	7.9858	1.75695	4.79342	4.19252	5.02466	13.8551	5.82494	3.27701	2.15517	5.44593	7.57851	1.6447	9.41691	3.11326	0.960877	5.62489	8.8791	7.80505	5.69416	1.19689	7.4145	1.61544	3.6736	4.33348	4.33702	2.81921	6.85522	8.2999	8.59087	3.11326	11.102	5.18814	4.19252	8.01083	3.90741	9.33829	5.29029	4.33348	7.18834	5.73537	16.4505	14.7248	9.86986	8.89431	14.2982
8.51063	8.77692	7.82019	4.86171	1.5955	1.1423	4.17313	3.77944	4.06975	4.28912	5.12366	5.73493	5.89148	4.70323	2.31821	4.10053	5.4103	3.03554	2.14746	2.399	0.643309	4.39803	3.22797	2.6325	3.1884	3.11293	2.16958	3.70769	4.42329	5.41926	5.70186	5.26895	4.15817	5.7267	4.88761	4.06588	3.51476	4.15809	3.80871	2.63262	2.50271	1.4271	1.68281	2.90209	2.39248	1.78363	2.967	5.35205	5.69356	0.178424	2.90214	3.03561	0.535259	0	0	1.52408	3.93535	4.5326	3.22801	5.33712	2.47716	0.398955	0.713663	0.643277	0.735615	2.28368	1.6445	4.69986	0.735615	0.178424	2.67436	3.70751	5.16019	9.22474	4.23347	3.21324	0.892075	2.50273	1.4382	2.14746	5.17238	2.8188	0.398955	3.92316	3.21322	5.6243	4.89724	1.69222	1.19671	4.50807	7.68387	8.42117	5.38425	2.32511	4.53939	3.11303	1.92094	0.535259	1.81899	1.97	2.42536	6.07999	2.90199	3.55049	5.84877	7.22678	6.28301	2.31826	2.42536	0.756929	4.4552	4.23347	2.25579	0.892053	0.797906	2.14757	2.14757	1.68281	1.69222	2.03348	2.15486	2.94004	3.90702	2.81891	10.3285	7.93801	5.55654	6.16195	3.27666	2.25579	4.84219	2.53431	2.34548	3.74575	2.88006	5.18769	6.72332	8.02581	6.65789	13.2481	11.8766	5.73477	7.77839	6.59409	5.17241	3.32955	10.7572	18.072	8.24459	7.28444	13.147	2.90204	10.8566	10.9013	5.0335	3.58612	7.64519	4.46583	7.96731	9.05152	1.994	12.564	15.8616	10.9571	8.08357	4.7001	6.31018	6.76959	5.30763	5.55654	3.1884	4.59485	8.09121	9.87555	11.9226	15.4316	15.698	11.1421	8.32685	6.57263	2.32515	4.11212	5.25393	4.10074	7.70008	8.65472	7.74628	5.01164	0.960775	1.86218	2.2838	0.909725	2.34552	4.75011	5.40179	5.49421	6.22285	6.52242	4.56363	7.13551	7.63523	8.90732	4.00301	3.20829	7.18102	2.92392	7.85385	6.57528	1.19671	15.3934	15.5798	6.40898	4.50446	5.67131	2.31821	1.47099	12.5675	8.25951	5.08952	5.06167	3.90717	3.75846	2.15486	11.6774	11.6609	9.27972	9.18474	9.02278	7.91685	3.84592	5.8244	6.04651	1.86218	2.92392	6.03621	3.40488	5.16019	7.53037	6.8613	3.95541	6.05414	11.1213	2.59616	6.43559	2.17685	7.83385	6.63184	3.70769	7.16401	2.72155	14.9964	14.5413	9.56791	10.2826	9.51483	9.93064
5.18111	0.735569	0.178409	0	1.52394	3.03535	1.47086	2.63238	3.67303	2.72131	3.56801	4.28865	4.28133	3.77917	3.60337	5.93335	5.18111	2.39217	2.17666	2.42512	0.909626	3.11268	3.77917	2.87441	1.96981	3.28601	3.4044	0.909626	1.92911	3.45995	4.62179	4.99547	3.3812	2.87991	1.78356	1.19666	0.535212	1.61513	3.32925	3.91089	4.46544	2.87433	0.504591	1.83617	0.797836	4.06159	4.79272	3.03019	4.03801	3.21287	0.891951	0.797802	0	0	0	2.87428	6.18178	3.70736	2.20568	4.62166	4.23297	0.909645	1.51354	0.178409	1.0851	2.20568	1.99385	4.03017	0.73555	0.73555	3.03006	3.60765	4.7296	10.3277	6.03568	3.74127	1.42698	1.96981	2.7904	3.213	4.24782	2.31801	1.64442	4.54935	5.05803	0.178409	0	0	4.06924	7.89825	7.55256	5.45637	2.90188	2.37894	4.06534	0.398937	2.32484	0.564152	1.43805	0.39892	2.15467	5.33961	3.32916	2.39227	3.92302	4.53913	2.48344	2.81858	2.69784	5.56739	6.92405	4.28875	2.3249	1.78352	3.89058	3.42314	2.16942	0.96069	1.43811	1.4709	2.55269	4.33618	6.22228	9.39749	10.2434	2.14732	5.72596	5.83188	2.28348	1.04021	2.85775	2.50249	2.98793	5.96236	6.22228	7.0998	6.21977	4.50767	10.6009	16.592	5.01116	9.8824	12.42	12.1064	12.3354	14.4518	18.6955	14.8406	4.03822	7.04008	13.3239	7.89852	14.4514	6.24984	4.30343	8.11538	3.15826	7.52991	11.9665	2.68013	9.2838	12.0313	8.90654	11.3402	13.0184	13.1736	13.6398	8.40027	9.68653	6.92405	7.54239	9.5803	10.291	8.57332	5.37803	6.2798	8.0093	7.50296	6.92418	4.63196	1.524	3.91888	6.73901	7.91616	7.14373	5.03644	3.11278	0.535212	1.53441	1.89587	2.63238	4.79269	7.0226	6.36917	2.78472	1.28628	3.36227	4.39762	6.06656	5.97544	4.71302	10.6539	3.40458	6.20724	2.31801	7.80343	9.0662	8.90685	7.62839	15.9205	14.6676	8.25155	6.07456	3.15311	1.53433	3.31498	7.69904	10.7206	7.52549	3.65559	2.15475	3.92302	7.36063	15.2565	5.52486	14.7468	9.88196	2.53395	1.39318	6.60052	6.30963	2.15467	0.735569	3.21296	1.04021	5.0113	1.59529	10.1612	10.0706	3.92302	7.57703	7.65045	2.07973	2.13991	7.19152	8.02498	1.19661	3.80837	3.17316	8.61615	20.1406	9.02522	1.04016	10.0888	12.8353	7.89838
2.39192	0	0	0	2.28324	3.66818	1.75636	1.61497	2.55246	1.78328	2.7209	4.03759	2.87951	3.56769	4.13064	5.30663	2.76719	1.99362	2.55243	1.99362	1.04005	1.52379	1.96154	2.0332	2.23418	2.93948	2.67385	1.76537	1.3583	0.643195	2.39192	3.58528	1.64422	0.356779	0	0	0	0.178391	0.735501	1.47076	3.54981	4.22128	0.756782	1.79222	2.57099	2.5957	4.64186	4.64186	2.98774	2.81826	1.39296	0.504538	0	0	0	4.06101	6.71248	1.26121	4.09974	1.68241	5.42959	3.02449	1.29847	1.14208	0.356779	1.28614	0.891857	2.96629	1.59513	1.28614	3.06614	3.17282	2.14713	7.75468	7.10131	2.23418	0.398879	0.504538	0.797764	0.398901	2.20546	2.69754	1.61499	5.03567	5.69233	0.398879	0	0	5.94055	8.40087	4.46487	1.79224	1.52386	1.79224	1.53417	2.15456	1.64427	1.14208	1.14208	0.356779	1.92881	4.67203	2.71508	1.7834	1.86185	0.90956	1.04005	5.49292	1.35837	9.03769	4.79199	1.29847	3.53636	4.14195	3.56324	2.49591	2.7209	0.398901	0.504573	0.398901	2.81826	5.88753	7.51653	8.12952	3.42731	3.74503	5.06379	4.09974	2.03306	1.99365	4.2882	2.08715	5.86883	5.18663	6.36828	5.18059	2.47668	2.4831	15.0562	14.3991	3.58094	8.50715	9.17676	10.9761	12.0145	11.8293	11.4882	5.69251	3.6073	7.40174	8.26352	6.68485	9.68557	0.504573	7.24882	4.39741	7.90514	10.148	5.16241	3.9103	12.1046	7.70638	2.0332	8.502	12.237	11.346	8.58862	3.18797	9.12916	4.15734	4.53873	4.50725	5.34803	3.98259	4.4079	6.30187	12.6563	8.95384	2.85191	1.99373	1.04011	1.52386	2.72107	2.63215	1.29851	0.398901	0.252274	1.69185	1.9937	1.92894	3.39019	5.51593	5.53871	2.53386	3.53636	3.1176	5.73912	5.97215	4.15336	4.16877	5.81275	6.06593	2.7209	3.17282	4.69899	7.41233	4.06882	3.21265	6.21918	9.57885	10.3266	9.33103	6.27949	2.76719	6.74962	6.46612	5.49324	9.13083	8.74313	3.66818	0.356779	3.92252	9.02435	7.85202	10.399	15.4892	5.16244	1.3583	2.37871	5.80433	3.45942	2.34509	4.2807	1.24855	6.01408	6.80526	8.5954	5.94096	14.2727	2.34509	6.94342	4.39716	1.96964	3.84523	5.61466	2.55246	6.74962	1.28614	8.08175	9.56459	19.8909	3.21262	6.36828	7.00203	10.2603	6.01441
2.53359	4.80822	5.28258	5.28258	4.37898	2.59536	2.72066	2.48287	2.72652	3.34747	1.89541	4.2209	4.39677	4.247	3.40381	3.77416	1.47057	1.64404	2.32439	1.7562	1.28603	0.713462	1.43781	1.5237	1.75627	2.32444	2.20526	1.9204	1.28603	0.178374	2.32439	3.70646	1.28603	0	0	0	0	0	0	0.398843	2.48287	4.57619	3.20739	0.643128	3.4223	3.40374	0.756756	1.9935	1.68234	1.19637	1.4267	1.47061	0.713462	0	0.713462	4.49263	5.53799	1.43781	3.5628	0.356745	4.9437	4.56235	1.2611	1.53403	0.252265	0.960469	0.178374	2.08686	2.59536	1.9204	3.06587	3.17254	0.252252	4.30608	6.01354	4.15685	1.19642	1.5237	2.07932	1.86166	0.39886	2.25508	1.12801	5.40879	6.03689	0.398843	0.178374	1.43781	7.29951	8.1743	4.14158	1.61483	1.24842	0.356745	1.14203	0.252265	0.891824	1.29835	0.891779	0.356745	3.38044	4.67167	1.08487	0.535108	0.564061	1.53411	2.67961	5.33859	3.02948	9.65449	3.45911	1.59499	4.00186	4.03723	2.67368	2.85164	2.39171	0	0.713462	2.08693	4.09947	6.43856	7.42839	6.43609	0.891824	5.32975	3.11713	2.81801	2.77262	2.5522	3.77416	3.56732	6.67458	5.48958	6.3554	3.06587	1.39284	1.89541	13.9851	12.163	11.7414	10.8582	7.9126	7.39305	7.35078	4.48217	6.18812	3.45911	4.03723	6.94281	5.90845	4.84084	3.18764	10.2669	9.13712	3.1525	12.8048	7.84936	0.504493	6.70026	11.2735	3.98212	6.60889	6.80453	4.00205	2.67368	0.713462	3.98212	7.52612	0.643128	3.58064	4.23226	3.77838	2.69729	7.02106	6.16053	13.3481	9.96479	2.17624	0	0	0	0	0.356745	1.9935	3.91013	4.28055	4.96296	6.63021	8.15193	9.17582	6.8321	1.53411	3.03478	4.11097	1.28603	4.94687	7.35061	6.10678	2.53346	4.78193	6.24117	4.23215	7.48276	12.8225	9.8805	3.02961	0.960504	2.63176	2.67368	9.13712	7.54502	6.03452	7.8178	8.32623	6.62999	4.00202	5.72486	10.2783	7.48276	4.95663	6.99428	8.18941	1.92047	11.0364	6.74905	2.767	2.9231	3.45911	4.73864	2.42467	1.26109	4.33534	4.02961	4.69855	5.18616	9.6656	6.34824	13.278	2.72079	7.74391	5.15888	2.98744	3.45916	5.82277	2.1469	7.42628	6.04211	10.5415	12.0143	18.6378	3.92226	9.89552	2.16897	6.40448	2.9231
7.63243	6.79719	5.18593	3.77818	2.87361	3.15728	6.2055	6.13702	5.74374	6.28071	4.88581	3.63298	5.09693	6.35484	3.91778	2.67344	1.07003	0.756649	1.86144	2.31736	1.89524	1.08479	1.92857	2.3916	2.55207	2.42453	2.3174	1.96118	0.909389	0.356713	1.64389	3.60664	1.99327	0.178358	0	0	0	0	0	0.178358	1.26099	3.60236	5.09401	4.06825	3.38954	3.74437	1.29827	1.68219	2.08675	1.28598	0.564011	0.8917	1.00882	0	1.14187	3.36133	4.45356	4.28754	2.37827	0.563993	2.55197	4.80769	3.50894	1.12791	0.178358	0.713399	1.00882	1.78306	3.74022	3.22682	3.9339	4.88565	1.86144	2.7146	4.74826	5.622	1.92023	1.78297	1.79191	2.42453	2.13931	0.756649	0.535061	6.03636	5.91835	0.178358	0.909389	4.30578	9.09394	7.23684	4.68141	2.94982	3.04498	2.34462	1.61467	2.16878	0.563993	0.756649	0.563993	0.398808	4.59293	2.92269	1.61469	1.43764	3.21205	3.28526	2.93903	1.92847	5.78713	6.79455	2.67938	2.76676	2.87347	2.37821	2.64965	1.75612	0.8917	1.47048	4.33143	5.48932	5.06305	6.51292	8.51276	6.62947	3.60664	5.41706	0.891723	4.09913	5.47761	2.55197	2.64956	4.36402	6.1266	7.12619	4.96239	0.8917	2.23365	1.68211	8.87461	11.1083	14.3332	10.4774	7.53407	6.36739	3.42218	1.26098	5.82226	6.11889	2.7146	5.71353	7.20475	5.95802	13.5186	14.0891	7.81712	13.0791	12.2013	3.91778	0.252229	6.46463	8.84684	7.04511	5.84662	0.756649	4.3786	7.48432	7.17876	3.03458	4.99407	6.55143	7.35014	4.92116	2.55207	2.13931	5.52358	12.1364	12.6072	6.41619	1.29823	0	0	0	0	1.47044	6.24063	7.93544	6.46488	5.68872	10.086	9.51024	5.91866	3.17226	5.93178	4.53786	0.504449	3.81151	4.74836	4.81748	8.30141	11.9532	11.5428	13.1642	10.4235	13.1697	12.6378	5.80358	7.30526	0.713399	5.06305	7.92535	5.78734	6.62963	4.30222	8.17941	9.72968	11.6114	10.3899	11.9485	14.488	8.09772	6.36713	8.67963	5.52053	10.074	11.7927	7.37755	5.06305	4.0681	5.49195	4.37841	2.23365	0.713399	0.909389	1.59491	4.09913	8.84869	1.99333	9.10436	3.54918	5.916	4.63064	3.422	1.75605	6.10616	6.22808	5.80331	5.30568	11.2311	15.5782	15.9893	15.3394	5.16149	13.0279	5.36172	3.54918	1.08478
3.71867	1.96906	4.98411	4.4069	4.79085	8.56257	6.58872	3.85236	3.42638	5.73222	6.90353	4.64048	4.96187	5.72373	2.14649	2.55178	1.61452	0.735284	1.43749	2.64926	2.53297	1.19614	0.398783	0.398766	0.960283	1.14175	1.83545	1.64374	1.14181	1.78287	2.76647	3.07564	1.83545	0.252203	0	0	0	0	0	0	0	0.713324	2.52046	3.04983	3.11155	2.90066	0.535005	0	0.735266	1.19619	1.64381	1.28584	0.17834	0.891651	0.398766	2.37801	3.75678	3.75678	2.50152	1.53373	0	2.16858	3.88897	1.39257	0.797493	0.398783	2.03248	1.19614	2.71431	2.324	3.21176	6.1794	3.9092	1.53373	2.81749	5.69081	4.64035	1.42643	1.68193	0.504422	2.67316	1.69142	1.24818	6.21723	5.41936	0.642972	2.52046	7.44379	8.75489	4.85604	4.61988	3.71867	4.59267	5.90724	3.58427	2.52042	0.563934	0.891629	0.891606	1.26084	3.78594	2.5205	0.756609	5.17912	4.65735	3.15206	3.02902	2.63137	5.4397	5.69913	3.32797	2.81758	3.15704	1.39264	2.03251	2.07892	2.28272	5.36121	7.40835	4.1562	3.04983	7.82417	9.01828	4.98409	7.58841	4.3089	4.00111	5.15775	7.3045	3.21165	2.1465	5.39908	6.58856	6.40324	1.28578	1.89514	3.51293	2.23341	4.11022	4.1562	4.83329	1.81809	1.83554	4.98422	5.25168	3.45857	4.57541	9.42637	3.45849	3.02902	3.21178	12.4219	15.5068	6.17959	18.4951	15.5433	5.53704	0.398766	0.563952	3.56221	7.67412	4.80718	5.15788	11.8412	14.1022	10.8199	4.98411	4.42097	2.4243	7.75263	8.2616	6.2376	3.42642	3.77778	7.82435	9.58129	5.06251	1.81813	0.356676	0	0	0	0	2.87317	8.63064	4.80716	7.42696	3.60192	9.61946	8.88448	11.4181	11.9522	4.14094	9.12861	13.4826	11.3427	7.64792	9.18903	12.1325	9.81471	0.735266	6.05129	6.11341	8.67361	3.95341	4.79085	7.92452	1.68201	6.01238	12.7919	0.891606	10.4817	7.56008	1.08468	12.5618	13.3103	11.1656	13.6165	10.6545	2.3172	7.40808	7.29184	9.90186	12.1425	7.69639	2.93872	1.75593	7.44379	4.61988	3.02364	1.81809	1.47033	3.38918	8.90346	10.1092	10.3532	10.3369	3.67145	8.23314	4.64048	2.71431	5.06235	5.64646	7.99469	0.713324	3.95341	9.06616	17.126	16.4738	11.8422	7.3829	8.02168	15.5143	3.07564	3.8441	7.5395
7.08971	4.48096	5.1696	2.92228	3.77738	7.22247	2.48217	2.08628	1.12769	2.9004	3.03391	3.03384	4.15561	3.78561	2.07874	3.38422	2.37775	0.909194	1.76472	2.64902	2.90035	0.756502	0.398747	0.797456	1.29802	2.15364	2.26845	1.5336	0.89155	1.79156	2.67886	2.3442	1.08458	0.178324	0	0	0	0	0	0	0	0	2.07864	1.47016	2.01662	1.28567	0	0	0.178324	0.252194	0.178324	0.398731	1.29798	0.960234	1.03966	0.398747	0.642946	1.83529	3.40279	1.78262	0.735201	0.398731	4.67031	2.23322	1.64358	0.252194	2.17563	1.59454	2.17563	0.756502	0.735201	6.41482	4.90713	0.960199	1.79156	4.28659	5.55636	2.55156	0.797423	1.51274	1.47016	2.07864	1.28567	6.05076	4.78692	0.642915	4.49137	8.39415	6.27684	2.94913	4.49137	3.71824	2.64916	7.06551	4.88463	2.94913	0.891573	0	2.2824	1.79154	1.83529	1.03966	3.34653	6.52839	2.49496	1.39252	2.76622	4.28672	6.65417	7.0191	3.78561	3.45814	3.45826	3.38422	3.15667	1.75578	1.64366	7.01908	4.62975	3.75628	3.45814	9.40749	6.29924	1.26071	8.16442	2.87292	2.78325	9.25456	6.12543	3.67115	2.14636	5.17866	7.06332	3.60596	1.69122	1.53368	5.16948	3.58395	2.5515	0.713261	2.52019	2.39765	4.72736	3.65405	2.16839	0.642946	2.76615	8.33512	9.49023	0.25218	1.08457	13.5104	13.3621	13.4768	16.619	6.97684	0.89155	1.28567	0.504378	0.891527	4.30853	8.11309	9.28937	10.3948	6.85068	6.29924	9.24959	1.6045	3.20649	9.39277	4.6705	6.57855	3.95319	4.71079	6.92978	4.01654	0.178324	0	0	0	0	0	0	3.78561	8.88153	3.17165	8.14164	2.67293	8.09434	10.3762	8.39634	4.71079	11.5622	16.2345	11.5848	9.39311	5.03077	6.40507	7.78562	4.12901	8.35192	6.50228	4.69725	3.36068	0.356644	2.78895	5.88536	3.63228	7.23778	13.131	5.51375	16.0075	7.48288	8.32387	14.1118	10.2859	5.40746	5.16047	1.03971	3.53505	4.80674	6.94121	6.45644	5.511	1.78271	2.5515	5.16049	5.34891	1.39245	2.81721	0.909194	1.26075	8.21731	10.0719	5.30486	11.992	11.4693	5.39861	11.4167	5.82107	5.16948	8.20414	8.45469	6.52839	6.54746	1.12769	14.7391	13.4943	10.2564	6.63287	2.67286	10.5154	14.289	0.960199	5.81031	5.18483
7.73694	2.31667	3.28411	0.178307	2.94882	5.30403	1.26061	2.32349	1.26061	3.60556	3.02831	3.90442	2.63075	4.15537	2.78315	3.37915	2.85613	2.67267	2.78296	2.28216	3.02306	0.642848	0.178307	0.79734	0.713192	3.02306	2.71961	1.52306	1.64344	2.14609	1.81775	0.79734	0	0	0	0	0	0	0	0	0	0	1.99267	1.69111	2.20441	0.79734	0	0	0	0.35661	0.642889	1.08448	1.64344	0.909128	1.69104	0.534906	0	1.59437	3.37915	2.51999	0.35661	0.534906	4.77983	2.26821	1.64344	1.64352	1.6142	1.14153	2.07842	1.06972	1.64348	6.306	4.5571	0.398689	0.534906	2.20441	4.50502	4.30459	2.42384	1.28553	0.398712	2.69626	2.69631	6.11709	3.75589	0.642848	6.79254	9.01818	4.56061	4.40232	6.78121	4.85523	1.99271	7.67038	4.27867	2.81692	0.56385	1.3924	3.45784	1.79139	0.713192	1.14153	5.52168	6.98942	3.83521	4.2008	3.11612	0.398689	5.51891	8.09321	3.98054	5.28622	2.28216	3.28411	3.36033	1.47006	1.64352	7.13494	1.53344	4.03567	5.33654	8.52464	4.30078	1.78256	7.52325	2.20441	1.91975	10.6121	4.44863	3.95274	2.47566	4.83885	7.29673	2.85613	3.21112	2.26837	5.37466	4.30807	2.37758	4.15547	4.46299	4.15527	6.21353	1.3923	3.51247	4.77354	1.9279	6.4361	9.61745	2.52011	3.82284	10.417	7.62381	12.3921	10.4098	1.3923	1.00859	0.79734	0.642848	1.92802	4.23053	9.85153	12.7849	11.7355	4.49119	12.6019	11.8487	5.73662	5.56726	10.7189	2.87815	4.78976	4.40246	4.99267	3.88823	1.03955	1.43727	2.14617	1.64348	0.35661	0	0	0.35661	3.28411	7.31166	5.67892	7.72097	4.53639	1.76465	1.43724	0.79734	0.735151	15.1566	14.8231	3.95291	7.95631	6.23621	5.61201	8.50321	7.31202	5.68974	2.31679	7.89377	5.92997	1.68172	3.02831	5.15676	4.02784	1.89481	10.1806	9.95485	18.8364	5.37466	11.4721	15.0185	10.8383	3.50776	1.9279	1.99267	2.42371	0.909128	1.53354	2.17554	1.12754	3.93277	5.52188	5.33669	4.1095	2.67276	4.46285	2.42387	1.00859	10.2313	9.4374	3.03364	13.96	8.98397	7.69466	9.21868	8.98397	5.56705	11.0582	7.77285	3.57924	6.51093	6.85667	18.3385	9.99171	6.5469	5.55582	2.39739	13.9548	10.8942	4.06299	6.73495	5.61201
1.43711	4.30792	5.71133	3.24997	3.56111	3.78488	0.735059	1.03946	0.642791	3.18599	1.39225	5.3802	3.02811	2.26813	3.57894	3.50745	1.75544	3.83468	4.40543	2.08587	2.67234	1.03946	0.8914	1.60419	0.960048	3.75555	2.63051	1.69089	2.72523	2.32335	1.12748	0.356575	0	0	0	0	0	0	0	0	0	0	0.891377	1.53338	0.960048	0.39867	0.563793	0.178289	0.356575	1.06961	1.52298	1.91956	0.960048	0.642791	1.26046	0.891355	0	0.797268	2.67234	2.64851	1.00843	0.909018	4.49051	2.63051	1.64334	2.39731	1.24783	1.14149	1.7912	0.797268	2.48169	5.95833	3.26934	0.178289	0.39867	1.29777	3.32703	5.1198	5.51855	3.65334	3.90423	4.77305	4.77305	5.58065	1.99252	1.69089	9.2528	9.35178	5.6893	8.6712	7.67198	3.15117	5.03596	7.42489	1.81758	3.22557	1.89461	2.5942	3.38357	1.83502	1.39225	2.13848	8.09249	8.20266	4.39487	4.00015	3.21079	4.62538	6.16503	6.03926	1.46991	5.11963	0.756356	2.32329	3.67042	4.10906	5.91372	6.04199	1.08436	2.53226	5.78481	5.66982	4.6696	5.44126	7.23407	2.93789	3.26949	10.0228	5.23205	4.57413	3.26949	5.78758	7.84373	3.83481	4.06281	4.78625	5.16864	3.27419	0.563775	1.96042	1.68154	5.78481	6.90354	2.31651	0.534854	4.70979	6.84937	5.62002	4.27835	5.91638	7.31127	6.21815	4.53611	11.9675	6.08069	1.64328	2.28208	1.42602	2.81669	4.61871	7.69425	13.0596	13.8204	5.5297	8.64102	18.6172	13.6471	9.1866	8.2537	5.82002	2.32329	1.96851	4.34437	4.30056	2.20426	2.50082	9.15466	12.1233	11.0303	4.81562	0.356575	2.34375	5.51288	4.53614	2.03199	6.30574	5.6116	3.21079	1.39225	0.797268	1.03951	1.28548	12.6009	12.4344	10.8714	8.9424	5.90566	5.86583	9.64092	10.8085	4.91919	2.59413	3.56111	7.37451	1.64334	1.69089	5.30356	7.01773	7.01798	7.1736	11.2119	16.0046	10.56	14.1726	15.5723	10.7194	1.51245	4.21909	7.54147	5.53566	2.51976	1.64332	2.55109	3.40213	7.54744	7.12369	6.97117	4.63918	2.4754	2.96462	1.43708	0	7.96131	8.67122	8.59102	12.9672	4.41973	7.55759	6.20317	11.2645	2.93789	10.275	7.62932	7.20199	3.15101	14.2303	14.361	7.53087	7.08179	4.99215	10.7982	18.2463	5.88182	6.40384	6.60321	7.12346
5.81934	4.19999	6.2377	7.0679	5.2852	3.02772	1.96023	1.79105	1.91929	3.77622	4.19971	3.0279	6.76388	5.18335	2.59387	3.28347	0.398612	4.02706	5.2852	2.42324	1.99229	0.734984	1.08425	0.79723	1.5124	2.78242	2.47503	2.67206	2.87759	0.908927	0	0	0	0	0	0	0	0	0	0	0	0	0	0	0.642723	1.24771	1.78221	1.69079	0.959961	1.08425	0.959914	0.5042	1.26036	1.64317	1.29765	0.734984	0	2.16772	5.68873	5.11934	3.56098	3.11042	3.37849	1.92752	1.43699	1.68139	3.3879	2.28187	1.14139	0.563717	3.70432	5.33255	2.0317	0	0	0	0.356541	1.46978	3.74265	3.80971	4.16599	3.90793	3.6051	2.87213	0.356541	3.269	9.57257	7.6446	6.46147	7.37375	1.64308	2.87218	7.38008	5.42598	2.67806	3.60506	2.96449	1.69079	1.19568	1.08425	1.61391	4.30376	9.22533	5.4057	1.53324	3.2106	6.5885	8.19249	4.8152	1.99229	4.8931	3.94009	1.52277	0.891291	3.11533	8.00124	7.82146	6.0752	4.09713	3.11026	4.54585	4.67914	3.65302	4.55653	3.56086	0.797185	3.21039	8.53931	5.4057	2.85557	3.34572	7.71949	7.95479	3.0643	2.0318	1.68139	0.908927	3.0643	5.66684	6.17731	4.30754	7.34634	4.6554	5.02009	8.15308	8.23038	3.5786	1.9683	2.4234	3.2692	4.97906	1.61391	8.01862	7.13797	1.2976	2.56928	1.12737	1.75519	3.269	3.80538	6.1947	9.5726	10.4854	17.8077	21.2184	17.6254	8.32171	3.82211	3.15586	0	2.49424	2.16777	0.959914	0.356541	0.356541	6.91863	12.2627	7.4246	11.5002	7.76539	3.73841	8.43789	8.55244	6.39117	4.7855	1.91938	1.52284	1.43693	0.252105	1.43693	1.03935	1.92765	7.51972	7.54038	1.8174	4.41957	5.68865	3.6049	3.56086	5.91283	8.75847	3.27405	3.77639	5.15576	1.75528	3.91993	8.69695	8.92752	5.86511	2.94841	9.20559	18.0367	21.4819	18.3782	11.5176	2.94825	8.94852	14.3602	13.164	9.3658	4.3619	3.37863	3.21056	5.80859	8.00895	3.83428	3.49809	1.2976	3.3266	5.55216	6.91003	4.45139	4.53546	6.65243	11.0363	6.20255	2.26793	1.68139	9.3889	4.91883	6.30491	5.9578	3.40201	5.78699	14.1379	12.7628	6.21234	5.78699	8.26571	6.46181	17.57	17.845	5.92883	6.20236	8.67382	8.9051
7.58485	1.81723	2.71884	8.59794	7.5232	2.87733	2.25357	2.23235	3.40147	2.56905	5.76471	2.26758	3.77586	5.90441	1.28523	2.56905	1.29748	3.66971	5.19177	3.53369	1.53301	0.908842	1.79087	1.75503	0.398576	1.29748	3.11505	4.03454	2.32284	0.178255	0	0	0	0	0	0	0	0	0	0	0	0	0	0	0.642666	2.03152	1.35732	2.14547	0.642698	0.642666	0.534751	0.891227	1.46959	1.12722	0.398593	0.178255	0	4.15022	6.85238	3.50691	3.28335	2.78232	0.734934	1.43685	1.92745	2.55059	3.21017	1.35732	1.35727	1.26024	3.90735	4.53502	1.89414	0	0	0	0	0	1.64294	0.398593	1.59392	0.959862	1.14127	0.712985	0	4.28484	8.50779	6.25443	8.73836	6.21179	1.89424	2.32288	7.13295	2.921	3.85035	2.16752	1.81726	1.29748	0.959862	2.25357	3.17043	4.72554	7.53972	1.89414	2.51931	2.89939	6.79989	7.40259	3.18551	2.71884	4.33245	1.99217	2.31601	1.52268	1.99213	10.5158	7.45274	4.85374	4.55932	4.30321	2.26758	3.42465	1.03931	0.891227	0.891182	1.64303	5.82689	8.29466	5.33208	1.75503	2.76515	8.0315	5.99131	1.86041	2.28152	0.959862	3.04838	4.67878	3.9035	5.30261	2.0316	4.80478	3.70418	7.61167	4.30708	0.252096	4.5038	4.15042	1.59392	2.78218	2.67182	3.90735	8.59794	5.4168	0.797114	1.81726	2.28163	1.52268	2.37689	4.53524	8.50985	10.9469	11.0952	12.268	10.535	6.00974	1.96004	0.797114	3.06382	0.642666	0.398576	1.96004	2.78788	0	0.797114	8.7858	11.3209	3.15554	12.7021	6.69582	7.06061	9.21957	3.31213	8.01789	6.07426	0.756249	1.26029	0.908861	0.398593	1.12726	3.06382	2.16752	5.41394	10.9852	9.55927	8.39318	10.9687	6.49947	4.05794	6.99635	9.12236	1.14121	0.959827	1.99213	2.50034	7.18083	9.01407	4.32885	3.56043	2.93725	8.23522	12.4169	11.8092	6.02801	0.398593	6.21698	9.42208	12.2873	7.78894	14.2592	1.39191	2.92115	3.95166	4.62448	6.52583	4.34332	2.71884	2.15281	5.09399	5.37909	4.30341	8.01792	3.80911	6.93822	5.64675	6.27443	2.16752	6.77914	4.34332	6.43185	9.41696	2.92115	3.83394	10.4637	15.9074	8.94718	3.82154	1.92735	5.86455	6.41504	17.6193	15.0799	7.69251	3.63081	7.77074	6.54519
7.02237	2.01567	1.51202	8.9995	8.50705	2.519	2.01567	2.519	3.52442	2.01567	5.52815	3.52442	2.01567	5.52815	1.51202	2.01567	1.51202	3.52442	5.0283	4.02636	1.51202	1.51202	1.00815	2.519	0.504112	0.504112	3.52442	4.52767	2.01567	0	0	0	0	0	0	0	0	0	0	0	0	0	0	0	0.504112	2.519	1.00815	2.01567	0.504112	0.504112	0	0	1.00815	1.00815	0	0	0	5.0283	7.02237	1.00815	0.504112	0.504112	1.00815	0.504112	0	1.00815	2.01567	1.00815	1.51202	1.51202	3.52442	4.02636	2.01567	0	0	0	0	0	1.51202	0	1.51202	0	0	0	0	4.52767	8.01333	5.52815	8.9995	5.52815	0	1.51202	7.02237	2.01567	4.02636	2.01567	1.00815	2.01567	1.00815	2.519	4.02636	5.0283	6.52526	0.504112	2.01567	0.504112	6.02716	6.52526	0.504112	4.52767	4.52767	2.01567	2.01567	1.00815	1.00815	10.9553	8.01333	4.52767	4.52767	4.52767	1.51202	3.02194	0	0	2.01567	0.504112	7.02237	8.50705	5.0283	1.51202	3.02194	7.02237	4.02636	1.51202	3.02194	0	3.02194	3.02194	0	5.52815	1.00815	3.52442	3.52442	4.02636	1.51202	2.01567	4.52767	0.504112	3.52442	4.02636	2.01567	4.52767	8.01333	5.0283	1.00815	0	0	0	0	0.504112	4.52767	4.52767	1.00815	5.0283	3.52442	0	0	1.00815	3.02194	0	0.504112	1.00815	3.52442	0	1.00815	8.9995	10.4685	3.52442	11.4404	4.52767	8.50705	8.50705	3.02194	8.9995	5.52815	0.504112	0	0	0	0	4.02636	2.519	5.0283	12.4056	6.52526	0.504112	12.4056	7.51842	4.52767	7.51842	8.01333	0.504112	0.504112	0.504112	2.519	8.50705	7.51842	1.00815	3.02194	5.0283	6.52526	1.51202	0	4.02636	2.519	6.02716	7.02237	8.9995	6.02716	17.1163	0.504112	0.504112	3.02194	3.52442	5.52815	4.52767	2.519	2.01567	5.52815	5.52815	1.51202	9.49061	4.52767	9.49061	3.52442	8.9995	2.01567	8.50705	3.02194	7.51842	8.9995	0.504112	4.02636	11.4404	14.7865	8.50705	4.02636	0	2.519	3.52442	16.6547	13.8399	8.01333	2.519	7.02237	1.00815
3.84145	6.19323	4.52744	7.51971	9.00198	3.93881	3.24877	3.55983	4.30245	2.03121	4.53415	3.82081	1.28492	4.85274	2.695	1.42547	1.28492	3.669	4.91711	4.40373	1.83423	1.92698	0.79696	3.02162	1.14105	1.53279	3.42399	4.44646	1.78159	0	0	0	0	0	0	0	0	0	0	0	0	0	0	0	0.398499	2.15239	1.61344	1.35701	0.563575	0.563575	0.252047	1.79052	3.16998	3.40092	1.0692	0	0	5.02777	6.77784	1.12704	1.68089	0.959676	1.28492	1.14105	1.64271	1.64268	1.03906	1.26	0.642542	2.1671	3.66902	3.7541	1.78159	0	0	0	0	0	1.19534	0.756103	1.19534	0	0	0	1.42547	5.61768	6.54609	4.88181	9.0683	5.80695	2.53141	3.84154	6.13208	1.75469	3.20951	3.22429	1.29726	1.53271	1.03911	3.42404	5.81778	7.30192	6.27579	1.53271	3.74154	4.06124	6.65023	5.32518	1.79052	5.78268	4.15328	2.32243	3.20964	6.52487	7.30853	10.4342	7.52799	5.33105	4.5272	3.95077	1.7905	2.87125	0.642542	0.642573	1.7905	2.81572	6.95487	7.62013	3.99842	2.16713	3.84961	7.53413	3.84961	1.68081	2.3428	1.91881	3.55974	2.56855	2.5932	4.66766	0.252047	1.92698	3.54644	2.53141	9.6086	8.88384	3.66916	1.86	2.87677	4.53415	1.53271	5.81771	8.23517	4.37504	0.642542	1.61344	2.14512	1.42547	0.17822	2.14505	6.37212	4.27306	2.64749	5.009	2.96347	0.356437	1.46934	2.76462	3.20955	2.07753	2.01556	2.17436	3.16981	0	1.91874	7.89772	8.33958	8.17333	10.4342	3.10938	7.7692	7.7772	2.67138	7.66678	6.12185	1.29723	0	0	0.712847	1.43659	3.58188	1.68081	4.85599	11.959	7.47638	7.29999	13.5813	7.99914	5.92722	9.55726	9.29731	4.21746	1.96773	1.79052	1.99175	6.82599	8.70857	4.53418	5.75281	6.74111	5.51628	0.398499	1.68089	5.34582	5.53342	6.41127	9.27417	10.6814	9.65743	16.5412	0.563557	1.26002	3.07359	3.99842	6.41113	4.69788	1.68081	3.54644	7.86049	6.39177	3.8332	10.4341	2.145	10.2578	0.398516	9.8315	1.52233	8.93347	0.908685	8.62503	6.45242	1.19539	2.25314	11.959	14.5571	8.79465	3.93881	0.908666	1.99175	3.95084	15.429	13.9578	7.13159	4.19853	5.33105	6.68782
4.69413	6.05996	5.57811	4.4567	10.1074	6.03901	2.54988	3.04226	3.04752	3.77493	3.56396	3.58156	0.959592	3.74115	2.31541	1.43647	1.42535	3.60353	3.91834	5.2265	3.06296	2.81536	0.398464	3.80804	1.59347	0.959592	2.17417	4.37465	2.25294	0.356406	0	0	0	0	0	0	0	0	0	0	0.712784	1.43647	1.35694	0.563525	0.178205	1.19524	1.24724	0.959592	0.563525	0.398464	1.81675	4.09561	4.0957	5.51017	3.37724	0	0	5.15387	6.40082	0.712784	1.99163	2.87109	1.6133	1.78148	1.89371	1.83415	1.19524	1.43643	1.14089	2.81536	3.71576	3.04226	1.19524	0	0	0	0	0	0.5346	0.756037	0.5346	0	0	1.42535	5.50734	7.26934	3.38197	3.18448	8.62421	5.92661	5.09279	6.62397	5.34549	2.94728	3.42384	5.00556	2.96335	1.14089	3.43764	4.32771	7.5212	8.4071	3.99823	5.93443	6.57419	6.82567	6.75447	1.59354	6.10093	6.5861	3.34444	2.54985	3.37734	6.56708	6.15472	7.45079	3.84927	6.7427	4.83612	2.15221	1.69009	2.07725	2.31536	2.56845	4.02579	6.29529	8.53645	5.86025	1.59354	3.65161	6.21256	8.18173	2.78139	1.14089	3.37734	5.18145	5.95559	3.43764	5.7524	3.90643	2.38954	4.85575	4.88162	6.90702	8.70782	5.86291	4.53375	3.56396	0.398464	5.2505	2.37622	8.29236	8.77812	2.72393	0.178205	3.60356	2.67121	3.50578	0.734709	5.34535	7.5439	1.79037	6.00787	4.47792	1.6425	1.29711	5.68659	9.28359	9.2572	5.72792	2.871	3.77059	2.08488	0.356406	2.871	4.78704	6.49797	9.64274	6.33483	0.5346	5.53276	6.36171	1.61328	6.15442	7.17227	1.64248	0	0	1.14089	2.51856	2.31541	1.79037	5.18139	11.2216	8.67079	10.4336	12.9626	5.32494	3.20927	8.54344	8.86011	3.1091	4.88138	3.57724	1.85989	5.37165	7.84395	7.14623	4.78374	4.44972	6.35462	8.15946	6.67796	6.91621	6.56471	7.65016	13.2426	7.61762	15.1752	14.7089	1.83415	4.12632	2.03105	5.61714	6.84361	2.78709	4.19837	8.18954	8.85507	2.20322	5.16605	9.36047	4.28386	5.43841	10.6408	8.46575	8.70062	4.93903	9.24697	8.72916	1.25993	3.833	3.40063	13.1584	13.9103	8.49457	3.84111	2.94728	2.07735	2.87113	14.0768	11.9429	4.83607	6.03901	5.65358	14.099
8.47008	1.08376	4.18652	3.45564	9.00026	7.33646	0.959458	3.03159	3.53257	4.66703	4.88119	4.74385	3.02647	4.01346	2.49941	1.85972	1.99142	3.2089	2.14459	5.1807	5.08275	2.14465	2.67679	2.89811	2.71198	0.356371	0.890898	4.2723	4.81288	1.81653	0	0	0	0	0	0	0	0	0	0	1.14077	1.29698	1.42521	1.08373	0.178187	0.642418	0.712715	1.12684	1.35682	1.78125	3.32503	2.72366	1.52205	4.5437	5.33003	0	0.178187	5.15333	5.2738	2.1521	0.73466	1.25976	2.54965	2.08476	1.00791	0.890898	2.38919	1.46903	1.83388	3.31069	3.664	2.08467	0.56345	0	0	0	0	0	0	0	0	0	0	4.83563	10.09	7.46901	3.93823	1.43628	6.74197	4.62622	4.78677	4.35996	3.02647	2.87088	2.56823	4.10666	2.20294	3.78269	3.66833	3.4003	7.29191	6.35364	1.79017	9.63028	7.43748	4.852	3.37703	5.43784	7.50803	1.99137	1.52212	2.03084	3.02629	4.10672	5.283	6.07202	3.0317	7.26639	4.12585	0.712715	2.42213	1.069	3.4187	4.28331	5.88119	7.56801	8.5555	5.02715	6.54243	2.49941	9.87446	7.6248	1.14077	0.398423	4.21647	2.98421	5.1747	5.61692	7.23234	5.68625	6.52856	4.78684	3.90585	7.19749	7.54332	5.96837	5.08275	3.5769	6.21212	8.03637	6.84332	12.4405	11.5026	0.398423	0.959505	3.20887	1.64242	3.53232	1.96736	6.00719	3.95011	7.31981	5.68604	1.28467	1.069	4.01346	9.25429	4.97988	2.7178	5.955	6.23468	3.20898	0.712715	0.503961	2.25271	3.43733	4.06439	2.85422	1.03886	3.04719	3.2723	4.90335	3.11385	6.75354	7.77572	1.069	0.178187	1.61315	4.3273	7.86316	7.39389	7.56805	6.58562	7.01375	3.06264	5.1655	6.39059	6.79079	5.18102	8.22617	10.5032	3.62952	3.66851	9.78352	13.1601	16.026	14.7851	8.01535	0.251985	7.77619	11.2197	7.54332	2.7178	4.05638	5.41471	7.71572	8.14302	9.80059	19.2053	11.3487	3.45564	2.85422	2.91987	6.69326	3.99765	5.18102	8.54844	8.24149	1.42521	5.47261	6.10045	3.03149	3.10894	6.25219	9.0142	5.34478	10.6395	5.88364	12.6507	3.9182	3.90179	3.11385	3.88564	15.8917	14.2046	7.96645	2.91987	1.25976	3.75347	8.68049	11.1409	5.61655	3.37703	3.32515	8.505	6.67702
7.14483	3.27198	2.89801	4.03284	5.27333	7.51762	3.65071	3.91779	5.43764	4.40273	3.41857	2.93593	2.78667	5.1164	6.45092	6.30156	4.91599	2.87607	0.712646	3.9055	7.05946	1.03882	4.05602	1.81636	3.26716	0.75585	1.0689	0.642361	4.2829	4.82878	2.37576	0.534497	0	0	0	0	0	0	0	0	0.908411	1.79002	1.35668	1.12669	0.356337	0.563416	0.890804	0.734585	0.534497	2.48004	3.74049	3.42313	2.51807	4.45584	5.32956	0	0.251963	4.78282	3.22338	3.99748	3.56326	0.908429	3.74049	4.28304	4.28304	3.66816	3.91769	2.72346	1.99123	3.42303	3.84853	1.19501	0.17817	0.17817	0	0	0	0	0	0	0	0	0	8.58496	11.6806	4.78307	5.22858	1.42507	4.61206	3.56326	1.79	1.53228	1.25962	0.734567	0.890759	4.28281	1.89324	4.05602	6.07139	4.26818	6.50847	3.55874	4.88052	11.7803	8.84471	6.03809	3.07273	10.0208	5.05757	2.16649	5.08867	4.5539	5.05757	3.99746	6.34104	9.1852	3.38131	5.28229	2.2525	1.83371	2.56783	1.8164	4.70666	4.95082	4.18613	6.74846	4.28294	4.95082	9.54656	3.97758	13.0009	7.23349	2.422	1.25969	3.07273	2.37576	2.08455	4.22744	2.16653	2.42198	2.32185	7.77912	12.4013	5.76227	2.13706	5.68536	3.55883	4.06382	6.15069	4.44521	2.14447	12.8588	13.0282	0.890759	0.17817	1.43619	2.67069	1.78113	1.68034	4.2829	5.68566	5.60787	1.00781	0.890804	1.59316	5.28224	6.74141	8.16544	11.1808	8.18241	3.75316	0.534497	0	0.356337	1.12672	1.64225	1.35668	0.17817	2.32173	3.11357	1.59316	3.20373	6.25179	8.14823	5.3443	0	0.398387	5.81616	11.5333	11.7438	8.0511	7.76142	9.56773	7.86253	2.69421	1.51144	5.09181	6.78777	5.15315	7.26572	8.69896	0.712646	3.84853	4.10636	10.9127	11.4167	6.98445	5.08867	6.59883	8.83414	3.84037	13.4785	7.99713	7.43696	9.09456	8.01416	8.27256	15.4441	11.4324	3.27198	3.66802	1.53236	4.7233	4.94124	1.78113	2.87597	5.09158	1.95911	3.774	4.44521	3.1085	1.91821	3.66368	7.779	7.58167	14.0214	4.14845	12.0207	6.59178	6.11248	3.57652	2.17375	2.4219	17.3658	14.4518	6.9057	3.2818	9.22049	12.7248	12.0905	4.12552	3.02093	3.66802	5.95444	5.22867	3.27201
5.95376	3.99688	1.99096	1.03872	2.94629	6.27327	5.79659	3.20825	1.68027	1.83363	1.53222	0.908344	0.959319	2.3955	3.94951	5.09136	4.69635	2.89769	0.959273	2.81449	8.74919	0.90832	6.45719	2.34191	3.80691	1.19488	0.356302	1.12662	0.890726	4.44843	4.27506	1.19488	0	0	0	0	0	0	0	0	0.178153	0.734517	1.00772	0.734517	0.178153	0	0	0	0.178153	1.43603	3.02588	4.70619	3.04136	4.93756	3.84813	0	0.178153	4.5324	0.90832	2.34191	4.95031	1.3912	4.78562	2.93566	3.55861	3.34349	4.18571	2.54905	1.08355	2.81449	3.65033	0.642294	0.251954	0.398346	0	0	0	0	0	0	0	0	0	10.846	11.6084	1.29673	4.802	2.89755	3.0257	3.45481	0.734517	1.78983	2.23106	0.563341	1.35649	4.03221	1.35649	4.65231	8.14717	4.10587	4.69607	0.890665	6.51254	11.9833	8.55542	4.39158	8.89383	11.2223	1.78096	3.94925	5.57351	3.3996	5.48562	5.39344	4.88964	10.6032	3.90509	3.74004	1.68959	1.78985	3.22307	3.55849	5.02596	2.20251	4.802	7.44217	1.64199	10.436	8.55372	6.664	13.9652	8.50654	2.03045	2.78627	1.3912	2.17352	3.20342	1.0688	2.38886	4.32996	3.49576	14.1288	9.41666	9.01054	3.31005	8.0133	4.32996	5.43402	6.19824	5.90128	6.64097	11.5839	11.394	0.959273	0.755824	0.90832	0.563364	0.755824	1.52182	2.71744	2.32164	0.534445	1.68016	0.178153	2.07663	4.76918	4.78588	6.95019	3.28144	0.734517	0.178153	0	0	0	0	0	0	0.796653	1.89304	3.16859	1.0688	2.93566	4.63568	4.35912	1.99099	0	0.503863	9.7857	12.9129	4.83495	4.63539	1.593	4.83463	2.31473	7.40035	1.9181	4.61158	1.25949	2.94644	4.85097	4.69271	2.96233	4.97907	9.29413	13.7248	7.05875	1.19488	3.3995	11.8387	9.8278	10.2227	15.794	3.71481	5.72609	12.1665	6.34754	8.07109	8.40829	0.734517	4.30467	6.17295	1.43606	4.37336	3.42267	1.24688	2.16632	6.50536	1.61281	3.26682	5.24595	3.0466	3.38567	6.52686	2.78627	9.63337	8.13985	7.23057	13.0451	1.81618	8.40823	2.3955	1.61283	2.47337	17.7978	13.477	5.32315	4.1518	9.79833	8.67003	5.61577	4.45893	1.53212	6.67564	8.25263	1.68027	6.70359
4.62141	3.35714	2.07645	0.642268	1.89288	4.62141	6.67513	5.57301	1.39098	1.14045	1.24676	0.890609	1.28431	1.64187	1.68009	2.31455	3.03073	3.99655	1.99078	3.11297	9.42859	0.503846	8.15592	2.72294	5.26047	2.54887	2.08415	1.19483	1.53198	2.14399	5.02853	2.23086	0	0	0	0	0	0	0	0	0	0	0	0	0	0	0	0	0	0	0	4.6654	3.20796	4.6519	3.1483	0	0	3.58018	2.08415	0.712508	3.66729	1.08344	4.45498	2.27999	0.39831	1.29661	3.76913	3.54476	0.39831	2.54879	3.28104	2.89745	3.14846	2.64635	1.25942	0.178136	0	0	0	0	0	0	1.4248	11.185	10.3415	2.16607	4.76875	3.02543	2.32129	4.77532	3.73977	4.3911	4.5701	1.06869	1.91783	3.06178	0.796581	5.32854	8.14646	4.2967	4.05914	2.47965	7.72966	11.4576	8.38907	1.03861	11.8275	10.9931	1.43591	5.34327	5.55892	3.37593	5.08758	5.17323	6.10617	10.084	3.99655	2.03016	2.03019	0.908235	3.42252	5.64301	5.35512	3.28116	6.02637	7.99526	4.90198	11.4575	4.58722	8.343	13.1737	8.75195	2.07645	3.4545	1.75392	4.16265	1.39098	4.87958	4.72255	6.96964	6.07046	12.5904	5.95064	10.4045	3.80249	7.60641	4.45853	3.30976	3.9489	2.08408	1.25942	9.87174	9.26975	0.39831	0.251928	0.39831	0	0	0	0	0.959186	2.32135	2.15146	1.53198	1.68001	2.78602	1.76295	2.78602	0	0	0	0	0	0.178136	3.56259	7.29656	7.86103	5.52525	3.02035	1.08342	2.9192	3.20311	1.60281	0.908235	0.39831	1.06869	4.15139	11.4248	10.4742	3.97689	5.68435	1.25942	5.68427	1.75392	9.48859	4.10557	3.57583	2.85339	2.15137	3.30992	5.6068	6.47362	4.93735	6.42533	12.3516	8.53473	1.43585	7.5656	15.601	3.42241	15.1744	13.2609	1.99078	4.05914	10.8074	11.0224	11.1786	7.8214	6.4083	3.91703	5.8792	1.85912	4.83425	4.45859	4.3911	4.69253	7.86078	4.97527	0	5.3316	5.11542	1.78083	6.88407	4.14765	7.29624	3.24723	8.93447	10.2456	6.89564	8.50424	3.55814	0.890609	7.98186	19.0173	10.3416	2.51762	6.64721	10.6381	4.30042	1.59292	6.06512	0.39831	9.55271	9.21847	3.24717	5.91101
3.91658	2.59167	1.2842	1.39093	2.47305	4.62117	7.97152	9.00737	4.55588	2.47294	3.73523	4.06283	3.56226	3.01993	2.16592	2.66994	3.62814	5.50749	2.87516	4.21491	9.25739	1.67994	9.21758	1.2965	5.08713	3.57555	2.47305	2.6758	0.64218	1.99067	4.09356	2.76868	0	0	0	0	0	0	0	0	0	0	0	0	0	0	0	0	0	0	0	4.0315	3.90035	4.1471	3.94856	0	0	1.60267	2.49847	2.47294	1.52153	4.01206	3.38504	1.52148	0.17812	0.734379	2.6758	4.80127	3.42211	1.29653	3.90458	4.28183	3.45437	3.99636	4.85346	3.32388	1.0686	0	0	0	0.534346	1.85901	4.45824	9.78403	7.1689	3.59756	4.5697	1.99063	1.91767	5.51598	5.41272	1.85895	5.61449	1.25929	2.31426	3.04081	1.75377	3.03038	7.28287	6.50665	3.97646	6.583	9.87733	10.1733	7.44716	2.3883	11.6012	9.12397	2.89715	6.19713	3.32379	1.7895	4.45831	4.45831	7.23147	8.67709	0.398292	3.45437	4.32919	4.16229	5.08729	7.2296	6.34668	5.90021	8.01216	4.30004	7.3232	8.50145	5.02833	11.2741	11.3975	5.82251	3.55774	2.54867	4.16625	3.39901	1.9259	6.56152	4.18505	4.80129	3.76892	8.96968	2.16592	10.0348	3.49522	5.90002	4.14729	1.25929	2.91879	3.30947	2.93503	11.2485	6.9038	0.17812	0.251906	0.17812	0	0	0	0	2.81402	4.79801	3.20781	2.86969	3.14819	2.27991	1.25929	1.24665	0	0	0	0.17812	1.08335	3.32388	9.53605	10.091	9.11765	6.11866	3.90038	2.34149	1.61253	1.28426	3.41761	3.20781	1.64176	1.68928	6.03617	10.7939	7.78289	5.32834	10.4883	13.7177	9.75795	2.56723	7.33377	10.1987	6.39564	6.9487	2.03006	2.08389	2.54856	5.96606	9.91453	7.76529	5.66169	10.0907	3.30963	14.3479	12.8278	7.86194	15.5572	7.80664	2.47305	4.80129	2.51745	12.6511	13.8508	8.87371	7.45775	4.66519	2.08389	4.18496	5.6062	5.69216	4.44414	3.50877	6.59948	7.39705	4.15088	3.66281	5.3282	3.9366	4.27442	5.16387	0.642212	5.1517	4.2743	6.78583	10.4737	4.14729	5.95271	8.87873	14.6601	16.2274	3.28075	7.63236	11.2863	9.46048	2.93503	4.80127	1.43574	9.19786	13.6314	8.70566	6.75129	9.21796
2.71069	1.25916	0.398233	0.959	1.68916	2.52972	5.60561	8.95514	8.25792	2.08374	4.15044	1.43563	4.74144	5.33047	2.14357	0.734301	2.13623	5.83805	4.27024	5.22657	8.34141	1.67977	8.61935	6.72751	4.16199	1.91746	1.03836	2.38805	2.71069	2.4982	2.89679	2.14357	0.356199	0	0	0	0	0	0	0	0	0	0	0	0	0	0	0	0	0	0	3.02485	4.53121	3.75167	3.84704	0	0	0	1.59255	3.04576	3.90417	3.15283	1.35616	0.53429	0	0	0.53429	2.85282	5.19949	3.10733	0.890437	1.59255	1.19454	2.16565	4.66475	6.56332	3.54407	0	0	0.71237	3.91618	7.06144	6.34602	4.87857	5.17834	2.86947	2.56684	1.25913	2.02977	4.4008	5.19949	4.55215	3.99578	1.39078	3.55746	3.91617	2.47279	0.908078	5.2713	7.371	2.76278	8.87248	9.0354	7.64569	2.8137	8.91912	10.769	4.09313	4.26654	4.78432	0.178101	1.14029	1.91746	1.78044	8.01107	8.17705	3.71361	1.99046	7.16815	6.19644	4.10474	6.2492	6.11039	7.12722	3.45401	6.40708	7.47152	2.49818	7.76443	11.9352	9.36192	3.99592	3.90399	2.54832	2.31411	0.71237	4.37213	6.75035	0.503748	4.28125	3.60145	9.54929	4.61028	10.7196	3.35665	3.90417	4.28129	1.76251	1.14029	5.96546	9.92565	9.77849	3.54407	0.178101	0.251879	0.178101	0	0	0	0.178101	5.08962	4.27385	3.80584	1.06849	2.42104	3.43553	2.27955	0	0	1.24652	3.76853	5.43555	5.61417	5.89952	6.89633	3.80175	5.19949	6.4094	4.44355	2.66966	8.55328	12.4651	12.9133	10.5792	6.52055	5.55808	9.41399	14.7542	14.8855	15.1342	14.4633	11.7151	10.566	13.292	15.3385	11.5951	6.3851	10.8542	3.73484	1.89261	3.03021	2.23043	1.29636	3.1073	1.43559	9.41384	3.39873	13.6458	6.3386	14.5481	10.2733	3.42181	7.60323	8.61965	10.0897	9.44788	5.5071	4.18452	7.08095	4.26654	3.35665	4.6511	4.62052	3.91607	1.75359	2.62785	3.66658	7.63743	6.77335	0.642113	4.30317	3.28048	4.78123	3.93618	4.73142	3.2466	2.6755	2.81373	3.15283	8.80313	10.9099	15.4726	11.8914	4.7744	8.77524	12.8267	5.95233	1.68916	5.17834	3.39855	9.7269	18.7293	12.2481	4.84972	6.39502	9.27829
2.89649	0.563131	1.24641	1.99028	2.47886	0.251844	4.16523	5.87755	7.85457	3.57918	3.88345	2.67527	3.64898	6.04273	2.77954	0.890336	0.907998	4.55501	3.73451	4.53081	6.54118	1.12615	4.3969	5.25911	3.89978	1.43551	2.15077	3.10705	2.20169	2.14338	1.28395	1.59241	0.796357	0	0	0	0	0	0	0	0	0	0	0	0	0	0	0	0	0	0	1.4244	3.71339	3.6621	2.16546	0	0	0	0.712308	1.28401	1.12619	0.356168	0	0	0	0	0	0.796357	3.50345	4.78388	2.14343	2.31382	1.29625	3.78057	2.64551	6.58157	5.71564	0	0	1.59241	6.51974	7.10675	3.89978	0.796357	3.92787	2.42076	1.67954	1.78024	3.06092	3.66194	0.796357	1.43551	0.563131	1.95818	3.94787	2.66936	0.503704	1.78024	4.93891	7.02081	1.61222	8.48898	7.53264	5.11381	3.06092	10.9364	5.83754	0.890359	4.05415	2.59117	2.01393	0.796391	3.70049	2.42073	9.0463	7.96202	3.02979	2.72212	8.38674	5.85889	3.81793	7.13063	5.33013	4.61008	7.26861	11.0682	4.21428	4.4854	5.40018	8.38494	5.94897	2.71639	2.02962	3.16742	1.19444	1.92552	5.51492	6.35747	3.28007	3.3562	7.47272	10.216	8.63098	12.1092	2.6456	2.77968	6.45482	3.73865	4.97691	6.00407	7.33895	4.28088	1.12615	0.398198	0.251857	0.398198	0	0	0	0.398198	6.29084	2.91823	5.16261	0.907998	1.52124	4.16149	1.9173	0	0	2.78523	5.95164	5.42063	4.65084	2.76253	1.99028	4.53095	4.82649	6.89351	0.712308	5.74849	9.3953	11.101	9.00592	10.5364	5.88037	6.06877	11.1281	17.178	13.9898	6.76852	3.27046	5.19904	18.5972	20.5485	8.04158	1.29625	1.4244	10.1968	8.57391	3.9757	1.06839	2.54817	5.85918	3.94799	1.89234	6.76816	0.907979	10.0706	6.19609	10.5479	4.87821	3.34207	6.39429	3.66642	12.8529	13.1161	2.56661	7.03408	9.41302	4.44677	2.5295	3.15246	3.50794	2.07587	1.59247	1.28401	2.38784	6.89343	7.63676	2.01393	2.91823	3.73874	3.38437	5.4348	4.62011	5.89877	5.05211	4.66429	9.38064	5.56038	9.55008	15.1703	4.2736	4.4854	9.5678	8.31869	4.97691	6.36735	2.1435	1.89244	13.9004	18.2722	7.26453	2.32074	5.44637	7.03408
2.86879	0.356133	1.39044	0.64203	3.22159	3.55692	4.10398	3.75088	7.14073	5.79386	3.14708	3.35585	3.35585	6.27529	3.14708	0.755412	0.178068	3.39789	2.5291	3.94738	4.9129	1.25889	1.68886	3.83829	4.49912	3.5568	1.9171	3.41642	1.25892	1.14001	1.4681	2.16529	2.14325	0.890273	0.356133	0.50366	0.356133	0	0	0	0	0	0	0	0	0	0	0	0	0	0	0	0.398157	0.251835	0.398157	0	0	0	0	0	0	0	0	0	0	0	1.42426	3.71305	3.8301	3.18203	2.17249	2.02938	1.19432	3.84631	3.20682	6.61868	5.51434	0	0	1.78006	6.59742	6.208	6.22822	4.55475	4.49548	4.16479	1.64121	1.59224	3.81753	3.57881	1.19438	0.890303	0.890273	2.64524	2.42048	1.64132	2.14331	0.563073	5.34123	4.28034	3.0452	7.41574	7.82214	3.27009	6.89502	10.6553	3.37464	3.01903	4.13447	2.32048	3.02436	2.07578	3.66156	2.66901	8.91037	7.29346	3.2019	3.04515	7.47194	5.1499	4.39995	8.06718	4.2987	0.251817	10.7133	10.2624	4.27304	4.77348	4.9257	8.86893	5.96405	1.99005	0.178068	3.14708	0.712239	3.7001	7.5627	4.32792	4.93839	3.02427	8.28791	9.46876	9.6287	12.0027	1.2839	1.19438	7.51331	4.39646	7.60147	5.11329	2.89625	1.29612	0.398157	0.398157	0.251835	0.398157	0	0	0	0.641989	5.79386	2.67503	5.50587	1.92545	2.01386	3.03992	0.796275	0.178068	1.96608	6.05518	7.51142	3.0608	2.66901	2.64536	3.34191	3.07104	2.32045	4.38923	6.2105	7.08858	5.75867	7.43257	7.60383	6.51907	6.73795	14.6206	16.3039	14.2543	6.02657	9.656	16.3099	18.7411	21.5447	17.1616	6.84063	8.35664	9.27667	4.26945	10.3434	5.22254	2.16525	3.18221	6.3939	6.84557	5.61312	4.84868	0.398179	6.6725	4.44265	5.802	7.14123	8.27905	1.78012	5.85322	12.9069	11.0996	4.10398	7.99417	8.39871	3.55668	0.796319	1.75318	2.91792	2.07578	5.8985	7.26408	7.38057	7.96924	5.802	2.42048	1.25892	2.5291	6.61868	6.75615	5.37358	5.75867	4.38927	0.755412	8.63725	5.68238	11.1877	12.2123	5.05173	10.2183	7.64219	3.0606	7.64407	6.05503	5.3384	5.5571	14.1956	15.8816	7.14073	1.83276	2.02952	15.5365
3.06033	0.890209	1.12593	2.16504	3.39777	4.55087	4.06127	2.4975	7.16616	5.04795	6.06744	5.37305	5.33789	7.37109	4.22449	1.19421	0.71217	3.45287	2.66878	4.55064	3.91498	1.51043	1.81515	3.06048	4.91265	5.68167	0.958766	4.48453	1.46795	0.563022	1.13997	3.02936	4.84837	4.47414	1.12597	0.356099	0.71217	0.356099	0	0	0	0	0	0	0	0	0	0	0	0	0	0	0.178051	0.251808	0.178051	0	0	0	0	0	0	0	0	0	0	0.178051	3.43457	5.51397	4.27283	2.14308	1.35572	2.16504	1.78881	3.37906	4.64995	6.20993	3.10645	0	0	2.38738	4.30196	3.14697	5.87401	4.16464	6.06227	5.24601	1.95781	0.356099	3.14681	3.03964	1.12597	0.356099	1.06819	1.89198	2.39411	3.84615	2.85202	4.78296	4.14935	1.75309	5.78008	8.14283	8.57223	1.35577	9.39336	9.31818	1.78881	5.87642	5.72285	3.11164	3.10655	4.3998	4.22465	4.38884	6.94604	6.29718	5.55931	4.9477	5.11283	3.73793	6.56132	9.68473	3.42079	2.38738	10.5974	6.52322	4.47408	1.43519	5.29652	11.2295	5.87642	2.51639	1.59217	2.56612	0.178051	6.4921	7.3204	1.52094	5.95049	2.14304	6.4921	7.46937	8.68635	8.93712	2.2299	6.36627	5.92164	2.56624	8.14283	5.15262	2.02928	0.734095	0.178051	0.178051	0.251808	0.178051	0	0	0	1.19421	4.39957	1.28377	4.45642	1.77999	2.26511	1.78883	0.356099	1.08291	6.26988	8.83893	4.87736	2.0292	5.44532	4.12278	3.60061	3.975	1.42412	3.06048	6.7716	3.9471	1.2837	4.14943	3.77162	6.24753	17.683	19.2545	16.0526	6.39569	8.77096	18.8463	23.254	22.1584	18.0317	10.0508	8.56501	12.7253	3.15195	5.55931	9.69888	4.61922	5.52814	7.28023	6.67226	3.37433	5.77743	7.28023	1.25885	4.97595	2.38738	5.52265	7.65795	3.738	8.87526	11.6733	10.4028	4.58505	4.12272	4.89967	7.29281	6.02604	2.64509	1.53133	1.68863	6.20741	7.13168	4.37108	4.32399	4.26534	1.13997	3.26995	1.5921	1.06819	9.50017	7.43821	3.26513	4.44243	5.71482	8.85956	12.9518	12.8233	14.2266	8.57245	10.7715	9.39352	2.15044	3.38373	4.6497	5.50548	9.52603	8.54917	12.1231	10.6145	3.77984	4.53003	11.3574	21.3719
4.39561	2.52879	2.47187	3.22092	2.16488	2.02913	2.87389	3.20631	6.90948	3.34108	6.53685	3.11117	3.30784	6.97884	5.72769	2.85176	2.15025	3.03933	2.39373	4.77914	3.52929	0.958632	2.49724	2.22971	1.46776	5.0537	3.42059	3.66085	0.890071	1.0828	1.25868	2.27867	2.71563	6.12336	5.29623	2.42017	1.46781	1.12582	0	0	0	0	0	0	0	0	0	0	0	0	0	0	0	0	0	0	0	0	0	0	0	0	0	0	0	0.251768	3.60006	5.39852	0.890101	1.61173	1.13987	1.75284	2.27867	2.3939	3.60029	2.85176	0.712101	0	0	4.76601	6.03338	5.57282	3.91469	1.24604	5.18532	4.7825	2.96054	2.47187	3.39738	3.80041	3.20622	2.14274	0.641906	1.75293	3.26965	1.67915	4.16399	5.71394	2.49726	5.02262	6.0334	7.44373	6.67369	4.93744	10.5289	6.64316	2.47824	8.71541	4.97559	1.8323	0.562988	3.75025	3.42059	7.05405	4.77914	3.37873	5.1614	5.96327	4.45268	3.07045	9.54568	10.4712	0.890071	8.37529	11.2112	3.20628	4.72961	2.76751	6.57734	10.2871	4.68987	8.78606	6.35594	3.50241	0.178034	6.39226	6.4434	5.72791	4.97561	1.91682	4.83148	5.61211	6.83968	2.47172	6.53717	9.77501	5.51072	7.19135	5.25747	2.16483	0.178034	0	0	0	0	0	0	0	0	1.64089	4.19412	1.641	4.55366	1.75284	0.251786	0.178034	0	1.39017	7.39546	5.1123	5.4823	6.28935	5.17638	2.59041	0.712101	2.76732	3.45251	1.64092	4.02952	4.22406	5.79311	10.4718	15.1973	16.5872	13.1734	5.61181	1.43502	10.0451	15.7015	14.6055	15.0505	6.28905	1.89178	2.81262	5.25747	13.9598	12.1507	4.14913	5.54737	8.00854	6.50141	5.3402	1.24604	11.4511	8.61641	11.8767	6.06673	6.73645	3.50259	4.05317	9.94668	15.9834	15.2708	8.50143	2.08297	1.89191	0.712101	3.37413	10.6134	11.2311	4.877	3.11117	2.64485	6.39233	1.39027	4.95356	5.34024	2.47187	4.63248	2.54745	3.07045	5.05076	9.63325	3.69939	6.38271	8.6732	7.63451	17.8648	12.6297	10.7384	9.69976	4.26863	15.9692	6.88012	4.5398	3.56053	4.66303	7.36866	8.83287	3.50259	6.91841	7.33021	0.356064	3.60006	16.823	19.3265
4.32309	1.92487	1.83222	2.34013	1.43491	1.03792	2.31978	2.41989	5.80037	3.39701	6.29597	5.52713	2.31985	4.89872	5.61125	2.16466	2.71534	2.02889	1.53096	4.91152	3.27881	0.398061	1.43493	1.92487	1.6116	1.98954	4.10284	0.562931	1.98945	0.35603	1.29575	2.94406	3.1662	2.41989	5.5044	3.56021	1.8148	1.77956	0	0	0	0	0	0	0	0	0	0	0	0	0	0	0	0	0	0	0	0	0	0	0	0	0	0	0	0.178017	2.20084	5.40675	2.76139	0.178017	1.28352	2.69189	3.80404	2.14994	1.03792	0.534036	0	0	0	6.53628	6.81598	4.98455	5.6113	0.95858	3.89809	3.02342	1.43495	1.75275	2.54711	2.38692	3.27881	4.05254	1.12572	2.66826	0.562913	1.83213	2.96009	5.16979	3.02348	5.39804	4.6892	5.36602	3.91422	7.41156	9.99554	4.79839	3.45225	8.46215	1.96548	4.58417	1.96548	5.77061	2.66826	8.12781	4.02917	0.907647	2.31985	3.34092	3.27898	4.22383	10.1764	8.78476	5.57208	11.6412	8.25406	3.39701	6.64258	2.49702	5.50431	6.64258	6.7427	9.76012	11.109	7.37806	0.796083	4.61833	4.56706	2.67423	2.08269	1.42384	3.27893	3.84541	3.43403	3.42009	7.44496	3.97412	6.29588	8.64194	3.91422	0.889992	0	0	0	0	0	0	0	0	0	1.64075	4.77214	1.64077	4.93384	3.05974	0	0	0	0.890015	6.4524	5.27794	5.27794	2.51599	2.07506	2.17188	0.398044	3.3549	2.89537	1.43493	5.27772	8.8804	8.15085	11.991	13.1084	8.00388	2.77847	4.56706	1.67897	11.8956	15.0731	9.99554	11.9119	3.73721	1.9655	3.94627	1.12572	5.00021	8.52749	7.64218	4.68939	3.81662	2.98137	3.91422	0.562931	13.525	6.8388	11.8313	11.1777	5.16074	5.22122	8.44789	11.7096	12.1198	7.53616	2.81248	3.30755	2.02889	2.96009	0.641808	15.3309	13.6719	5.81118	6.39412	3.42013	2.9171	4.44145	1.29578	6.5932	1.59179	2.77847	2.27847	1.7796	4.62181	7.67633	0.178017	9.70338	1.9655	15.4876	17.677	6.89308	7.319	6.20356	8.62593	17.1495	5.38936	3.66496	6.50067	5.18513	4.64905	4.10284	1.28345	5.61125	7.52562	0.641839	3.73721	13.3222	15.2803
3.34049	1.29567	0.503465	1.51	1.43476	0.907567	1.98928	1.28334	4.23815	4.30076	3.54219	6.91746	5.79201	4.47289	4.8468	1.95726	2.31964	1.68821	1.64069	5.4438	1.68816	0.907567	1.25843	0.562881	1.76152	1.76152	2.81215	2.87335	3.04405	1.64069	1.91639	2.27827	3.37339	2.2007	2.52817	4.13294	3.01791	1.59165	0	0	0	0	0	0	0	0	0	0	0	0	0	0	0	0	0	0	0	0	0	0	0	0	0	0	0	0	0.795979	4.45163	3.76629	1.43476	1.4675	2.49045	5.33926	3.50628	0	0	0	0	0	6.42274	7.31836	3.71153	6.05281	1.08262	3.35461	2.54689	1.83206	2.14248	3.66455	3.20554	2.86773	4.76517	1.06789	3.27852	0.398026	1.83197	1.68821	5.00287	4.02882	5.17538	5.39757	6.87892	2.51569	9.73386	9.08605	2.26435	5.12367	7.75981	1.39	5.00287	3.73697	5.96188	3.50628	7.46922	4.38764	1.25845	1.24581	1.7883	1.67874	3.39671	8.18949	6.642	6.89921	11.9309	5.39757	3.99354	6.14489	3.10556	5.14801	4.52165	7.50849	4.39482	11.6196	8.18949	0.398009	2.86773	3.92601	2.27839	0.958496	3.89793	4.27899	3.22037	1.67874	4.21211	7.85094	5.63881	6.84505	7.60073	3.4336	0.503465	2.54697	2.62638	1.24581	0	0	0	0	1.24581	2.78403	2.27839	4.41261	2.52817	5.29503	3.64726	0	0	0	0	3.66021	2.78391	1.35539	0.889959	1.59165	2.01298	2.16443	3.37339	0.73387	1.68816	9.40864	10.9079	6.39128	9.15825	5.36555	6.26804	5.66922	8.20102	5.16042	10.3997	13.9538	9.90754	10.3997	4.56666	2.5654	2.85124	8.82619	9.55884	4.36986	6.45178	4.64849	3.84507	2.54687	2.76683	1.76162	9.17824	7.56626	11.2092	12.4912	6.29563	7.67597	8.4834	8.51051	6.29542	1.85771	2.89511	4.6484	2.41961	4.44112	3.55555	16.3452	12.5243	7.26734	7.80149	4.27146	1.64069	4.54936	3.39671	6.28793	3.30726	2.26435	1.75253	2.87324	2.76683	5.29511	6.67032	7.66561	4.9525	16.0094	14.6622	5.65794	8.26439	5.07751	12.3184	16.4119	3.26891	0.889914	4.05608	1.13959	1.00685	0.533989	2.37345	7.89792	6.73507	1.91639	5.04653	9.15657	11.1701
3.77004	1.25836	1.85757	0.562804	2.27803	1.43463	1.78812	1.08249	2.14952	6.39047	4.52819	7.31794	9.53706	8.87216	6.34182	4.99939	4.68851	5.08647	5.66039	6.09347	2.67372	1.25832	3.14559	1.64052	2.0285	1.85752	1.52036	2.66788	2.47114	1.7793	3.26856	2.08228	2.47114	4.3694	3.27834	3.89737	4.09041	0.562804	0.177982	0	0	0	0	0	0	0	0	0	0	0	0	0	0	0.177982	0.251711	0.177982	0	0	0	0.533933	1.68803	1.9245	1.06777	0	0	0	0.355961	2.86747	4.84636	3.97335	2.31248	2.07476	5.89542	5.24099	0.533933	0	0	0	0	5.89537	6.1544	4.49334	6.16712	1.68803	2.86743	2.08235	2.95966	3.02819	4.95198	4.22289	3.41958	6.21505	2.85094	3.26854	1.06777	2.31934	0.907453	4.79746	4.47236	6.38332	9.38995	8.71833	3.26854	12.5374	6.88955	1.85752	7.42904	7.33464	3.74928	5.66863	6.74617	2.98089	3.80331	5.17481	5.27675	3.05915	0.755093	3.30691	6.05229	6.11396	6.36368	4.41215	5.92708	9.93719	5.50334	3.32131	2.70888	4.62094	6.55898	7.75931	6.12158	1.81449	9.69681	5.2767	0.907453	1.43463	2.76093	2.93277	3.26372	2.69137	1.28327	4.52118	3.15064	3.66425	6.78977	7.75931	6.91674	6.70667	1.96512	2.22894	3.20036	3.04369	2.31929	0	0	0	0	2.02842	1.83178	1.50985	3.10526	4.08666	4.4547	3.39628	0.355961	0	0	0.355961	2.27803	3.77004	0.503385	1.67857	1.03767	1.64052	3.74921	1.96512	1.13953	3.74917	10.4957	9.88191	4.3003	5.32704	10.723	11.954	5.56847	5.94555	5.18414	7.31137	9.07669	12.5565	12.0395	7.62231	3.10533	7.06998	8.71843	4.69184	5.02446	8.49697	4.2637	0.889865	3.24444	6.4224	7.87988	1.64052	8.42995	12.0435	6.28234	4.45136	3.4517	7.75299	8.69712	3.41958	0.907453	3.59473	5.44323	5.35048	5.32717	4.76487	13.6026	10.0059	10.5606	9.69701	6.02137	3.57275	3.73656	6.73219	3.06955	3.89734	1.67857	0.889843	2.02844	2.78362	2.52804	7.61637	2.41943	11.6236	15.4988	12.7428	6.28234	7.46844	3.59478	15.1106	14.7907	2.49019	2.14952	2.81183	2.94349	1.81449	3.94564	2.02842	10.0104	2.5279	2.76086	6.89849	5.02118	9.86984
4.18137	2.87279	0.889787	0.889787	2.70864	2.24993	1.25823	0.35593	0.733747	7.08222	7.16279	0.907373	2.77783	5.27652	6.01833	5.00212	3.27806	3.55487	4.29281	2.98063	4.00852	3.10506	2.78338	1.06768	0.958276	1.13937	0.397932	0	0	0.177967	2.81161	2.98063	3.11017	3.77825	5.11981	4.61721	1.59134	2.27795	1.96495	0.35593	0	0	0	0	0	0	0	0	0	0	0	0	0	1.08239	1.38973	1.24557	0.177967	0	0.711832	3.73625	6.39018	6.44361	4.98319	1.42344	0	0	0	0.711832	3.62495	6.11325	4.10161	0.889787	4.89735	5.26734	1.81433	0.958311	0.35593	0	0	6.40208	5.43119	5.3965	5.27624	1.89108	2.17127	1.52022	1.98898	1.28316	4.45077	3.74888	4.27816	6.59392	6.76849	3.2684	2.33947	2.51524	2.8946	3.49212	6.44361	13.0676	12.7421	4.6881	9.05561	10.3157	3.5592	5.32659	7.82971	6.19184	4.02825	5.39679	3.77825	5.15921	5.19566	1.96495	5.21956	3.99277	2.66765	7.68034	8.83477	5.39676	5.51141	4.32195	6.28179	8.38129	5.5453	2.26391	2.91643	4.78085	7.29824	9.73249	7.36792	5.85514	8.85543	5.31765	1.59134	0	0.795826	3.5056	3.92525	4.22265	4.58311	6.22703	3.02264	1.25823	1.98895	3.88097	4.32562	3.49212	0	3.27789	2.51515	3.27789	2.64373	0	0	1.42344	2.27795	1.78798	1.64029	1.52022	1.13943	2.4773	2.81169	2.5649	0.503341	0	0.177967	1.78796	3.20008	1.98889	2.02834	1.52022	1.98895	4.49309	2.64386	1.81433	7.33411	8.54517	5.55653	8.39604	8.69656	5.65989	4.44033	3.76569	3.73632	6.55613	12.1105	13.0824	8.13356	8.84328	9.96841	8.68745	2.9594	2.31909	4.82329	2.07458	4.45442	3.91323	5.57071	7.1371	6.36313	3.20495	3.04346	8.25177	8.82784	2.27795	9.77137	12.7771	9.69619	11.9061	6.91588	2.16402	3.57244	5.32657	5.51137	2.81158	1.25818	3.81555	6.94277	8.31884	13.1182	8.9675	2.86722	3.99277	2.48997	4.47197	1.67842	3.39599	1.64029	0.754987	1.38966	2.81158	2.24993	4.0553	8.62545	15.7431	13.3088	10.332	6.92725	3.49212	6.40227	13.7442	8.61818	3.39606	1.76128	3.11017	1.03758	5.33541	2.77783	10.4254	8.68229	1.96493	1.6785	6.19179	1.89108	7.51739
1.98872	2.94308	3.41884	1.75201	2.49605	2.08189	0.711763	0.889649	0.754961	7.51039	7.25878	1.25808	2.2	2.14173	1.43442	1.77899	1.24545	0.177949	1.38951	0.177949	1.98872	2.98035	1.42331	1.89101	2.85041	1.81411	0.795743	0	0	0	1.06758	2.07439	2.17119	1.53047	1.53047	1.53047	2.52742	2.14923	3.43259	0.795743	0	0	0	0	0	0	0	0	0	0	0	0	0	2.07426	1.19359	2.14911	0.397891	0	1.59118	6.1228	6.20639	5.12234	6.72158	3.17991	0	0	0	0	1.46707	5.40468	5.40468	1.2953	3.91271	4.05098	1.60113	1.43437	0.795743	0	0	6.40141	5.43062	4.90963	5.51069	1.59118	1.43434	1.64015	0.795788	0.958178	3.45087	1.64019	1.83154	3.73587	5.6785	3.71058	1.42331	1.00657	3.73166	3.73589	6.83621	10.0873	4.35416	5.29346	10.3367	6.87689	3.05876	4.26292	6.73309	5.39597	1.91591	1.77899	3.77765	9.20054	3.57214	2.31209	3.66341	3.45094	2.81144	8.30663	6.28609	2.08198	4.7374	3.62469	6.19122	7.7834	7.1208	5.65904	2.14923	2.49608	3.55887	3.55885	5.24299	4.79669	10.6483	6.76757	1.38951	0.397891	0.533835	2.49605	3.21944	2.66732	1.96476	4.05877	0.251667	1.24545	0.355895	1.38961	2.08198	1.06758	0.397891	3.14498	2.3926	3.16498	2.77739	0	0	3.17991	2.38614	2.07439	3.19977	3.89683	4.26661	2.08189	0.397913	2.07426	0.355895	0	0.397891	3.02226	2.24971	0.795743	1.06758	1.13925	4.13172	3.55885	3.41877	4.05877	9.86167	5.21935	3.43275	1.64019	6.91528	6.87689	7.90199	8.30686	5.17394	9.61825	13.4398	10.5749	10.7787	10.8733	6.20639	5.33769	5.32295	5.33794	6.90623	5.42785	4.70084	3.88047	8.69551	5.85457	7.43401	8.07002	8.99921	10.2176	6.02796	8.42795	13.3174	3.55885	14.1412	13.6669	3.59839	2.54611	3.2631	5.56715	2.64348	2.31893	5.17385	4.49603	2.71434	3.54118	8.99885	2.86699	8.23771	3.02757	5.52484	1.13925	1.43434	3.59836	2.52742	1.35501	2.67325	0.533835	2.1638	0.889709	10.2425	14.5139	9.77474	8.03504	5.75485	1.13932	10.0403	8.66884	3.20468	6.67747	3.99233	2.41902	2.95895	5.71947	4.52031	14.9512	5.8546	5.39607	3.57209	4.43976	4.90963	10.0857
2.31864	2.47045	3.7101	3.992	3.76911	3.26295	1.43425	3.66313	4.19198	9.4246	8.27249	3.91257	7.27558	11.0716	10.9732	7.70522	4.66034	2.64333	2.22832	0.355861	0.533783	0.562646	2.71978	2.62537	2.85014	0.503244	1.91572	1.42317	0	0	0	0	0	0	0	0	3.554	2.71393	4.56501	4.70049	1.60098	0.177932	0.562664	0.641535	0.355861	0	0	0	0	0	0	0	0.355861	1.89072	1.13921	1.75185	0.562664	0.754881	2.47673	6.69542	4.9092	2.33902	6.76712	7.49769	6.91491	5.46487	3.50058	1.46697	0.889593	3.76898	5.00095	2.31868	2.22832	3.92453	4.14293	3.91248	2.0817	0	0	4.93152	5.80844	4.44294	5.15822	1.46697	1.91572	1.98857	1.25801	1.68756	3.37681	2.86675	2.14165	2.71983	4.47116	5.44188	5.2755	2.93202	4.15792	0.397872	7.84789	5.56945	5.92572	9.18	10.6645	4.29553	1.81394	3.90845	6.22326	4.68698	0.177932	2.8941	6.24332	8.63081	3.03762	3.20437	2.14159	1.43423	3.59378	6.81277	4.64661	0.889593	4.53726	2.47673	6.57595	8.98605	6.49742	4.8223	7.3265	9.87966	12.0997	12.7177	10.6974	9.77434	11.3489	6.02985	1.03738	0.397855	0	0.795672	1.81394	3.26281	0.958091	3.43228	4.47116	5.65881	4.84508	2.1998	0.562646	0.177932	0.397855	2.47673	3.02205	2.69061	1.6875	3.89643	4.66034	2.85014	0.733587	1.43425	5.32262	4.29198	5.46468	4.38593	0.733605	1.59104	0	0	0.958091	4.36799	4.98224	5.99899	5.05101	1.38946	3.89628	3.73131	3.02199	5.15819	10.3358	4.44296	6.32522	5.24252	5.73011	14.8604	16.3296	16.371	14.7086	9.59821	7.08978	3.81482	8.12443	11.3227	9.96704	8.30627	4.38595	6.34498	9.04221	2.71978	6.7811	7.25628	5.71077	4.64661	4.01945	0.88957	1.83127	6.53591	14.2351	13.0494	4.80603	14.449	16.034	9.33338	1.35487	3.20439	2.0817	5.4646	2.77715	5.04485	10.5278	3.26777	6.61378	4.52702	4.08926	3.02735	7.01483	4.02747	6.3251	1.53031	1.53023	3.74805	3.81465	3.59819	4.36818	4.14274	0.533783	6.78775	10.2535	12.5292	9.9406	7.36622	4.51991	4.32112	11.9503	5.00095	0.533783	7.29647	5.55261	1.28291	2.97996	7.20706	11.3716	12.6436	2.71406	9.87175	9.15348	9.49428	5.94666	8.41442
5.7889	2.54576	2.48925	5.15769	4.82183	3.16458	3.81426	6.65751	4.55085	10.0793	9.17222	4.43907	9.08202	10.9612	11.9758	9.13579	5.01009	4.14618	3.45021	0.795589	0.397836	0.562589	1.6874	2.5271	2.22822	2.5144	1.77864	3.17929	0	0	0	0	0	0	0	0	2.56414	5.9248	3.99181	7.04733	3.57573	0.397814	0.907107	0.733537	0.795589	0	0	0	0	0	0	0	0.795589	0.641436	1.29505	0.641478	0.562612	0.754815	2.94236	5.95632	4.65961	1.43415	4.61591	6.98352	7.13511	5.9984	4.98171	2.58868	1.08208	2.26324	3.5977	3.5977	0.889507	3.05817	4.14256	5.67733	3.74766	0	0	2.58868	4.80556	3.49122	3.99159	1.2828	1.77864	1.67803	1.2579	1.53018	2.64309	3.03745	2.22822	2.31854	3.73526	5.02261	5.32229	6.97423	7.46353	6.40019	8.30505	2.62498	6.55428	8.85312	9.25367	2.78271	4.62922	4.27679	5.5549	3.54036	1.6398	5.44116	6.05001	5.56612	4.44945	3.02176	1.38934	1.85681	4.45309	4.05027	3.89584	0.641478	4.29501	2.94236	8.95946	10.1033	2.54572	3.49122	8.27572	10.4229	12.1625	12.505	10.2337	10.0132	7.66224	2.84986	1.03727	0.177915	0	0.355827	1.12512	4.48108	0.533731	2.75981	7.1716	5.78927	7.67806	3.81426	0.562589	0.397814	0.177915	1.25786	2.54572	1.67803	1.68733	5.50978	4.77956	3.20406	0.397836	4.77926	6.46565	4.05048	6.554	6.8348	1.295	0.711626	0	0	1.67792	5.56608	7.72419	5.9041	7.30862	2.97966	1.63988	3.91208	0.958039	4.41045	11.0631	8.62464	6.92532	10.7311	8.15934	13.1048	16.6982	15.2876	14.0813	10.5212	4.77629	5.69935	9.84778	11.0801	9.96618	8.48142	6.26499	8.00308	5.76769	5.47834	7.20642	6.15246	2.19965	3.89584	5.01916	0.397814	0.907107	10.0915	16.1751	13.0482	14.2575	15.1968	11.9083	4.10057	3.73506	2.7599	0.958039	4.23608	5.27467	9.82739	10.1217	9.69315	9.59207	4.0582	1.25784	3.10929	1.03727	4.21029	4.47074	2.31846	3.52694	3.02167	5.0223	5.569	4.14637	9.0377	1.92367	12.6786	7.44927	10.4107	12.0584	5.33669	1.50926	7.3886	10.405	1.53018	1.19329	5.81581	5.08123	2.16338	1.78746	8.11026	10.8949	5.98013	6.67619	11.6644	9.01793	9.69677	6.24281	4.23608
6.38989	1.89035	2.49534	5.40316	3.6966	1.19318	3.94365	7.33113	5.1665	7.59433	7.04661	5.63552	7.27389	1.78727	5.94534	7.66122	5.15723	5.07458	3.4499	0.889398	0.251591	0.889398	0	0	0	3.17901	2.01192	3.17901	0	0	0	0	0	0	0	0	2.01181	6.48656	3.38083	6.59121	4.27629	0.795518	0.795518	0.503147	0.795518	0.355792	0	0	0	0	0	0.711557	2.66655	2.4183	2.19937	1.19318	1.42289	1.50921	3.03703	5.04363	3.74733	2.37213	1.63968	1.77846	3.91171	4.38511	5.26532	3.03703	1.63971	1.25772	2.02746	4.19096	2.77661	1.46669	1.77841	6.41905	4.64572	0	0	2.93138	6.55351	5.50085	5.10845	0.355792	0	0	0.53368	1.68723	2.78242	2.38543	0.641411	0.397795	0.795552	1.12497	1.43393	7.88361	8.45658	8.92957	6.03641	6.97361	3.70938	6.35082	7.20539	4.17976	7.04878	4.53638	4.29098	2.07368	2.07368	5.79652	5.52347	6.61267	8.30448	3.26716	0.733463	2.46986	3.83452	3.41791	4.71612	1.03718	4.38511	2.64273	9.1044	10.2618	3.87948	8.47854	8.24877	6.2422	3.91173	2.31147	2.4183	3.54004	0.733463	0.503173	0.795518	0	0	0	0	4.77554	1.77837	2.14117	6.02089	3.50441	8.10734	3.89553	0.53368	0.397778	0	0.355792	0.957906	0.733445	2.51418	4.61526	3.20382	4.10003	0.503173	6.38989	6.02089	0.397778	6.88624	8.25967	1.19318	0	0	0	2.86607	6.35082	7.27381	1.03723	7.18598	4.04985	0.711557	2.7823	7.10798	14.3179	15.6174	7.60466	7.07295	14.0535	11.7907	5.19366	6.66866	1.03718	7.66147	7.00272	2.14117	6.26938	7.29507	5.9561	11.489	11.4472	9.5579	5.64362	4.17976	8.8121	2.64271	3.14915	0.562537	3.49087	7.46521	5.08093	7.63499	13.0635	7.70339	15.7446	22.2071	8.22804	2.47625	1.43393	4.53638	1.95612	0.355792	3.82628	5.8153	10.8295	6.23225	14.7997	8.85206	4.3958	3.4499	2.22789	3.20376	1.63971	1.03723	4.61874	3.57106	2.86607	6.35082	4.87302	3.38081	11.2308	5.5233	15.9149	6.20463	9.78461	11.7907	2.56391	2.86615	9.36919	7.28024	2.89344	2.17054	6.28432	5.7884	3.9317	5.32453	6.67559	2.81052	5.05004	8.70889	8.36883	1.60067	5.36246	8.76327	4.15726
4.14536	3.64483	3.99088	4.49083	1.98795	1.43381	1.75136	4.99649	5.16605	3.57075	3.04202	5.63503	4.79489	1.13889	3.44965	7.43945	8.76249	6.06166	2.22769	0.641323	0.251569	0.641323	0	0	0	1.42277	2.01174	1.42277	0	0	0	0	0	0	0	0	2.01163	4.29425	3.06783	4.45221	3.77626	1.28249	0.355761	0.503102	0.355761	0.795448	0	0	0	0	0	1.59059	4.09967	2.64259	3.81358	1.43381	2.24887	1.50908	2.58821	4.04949	2.08111	2.1484	4.23533	3.27638	4.49436	5.31514	5.50866	2.58821	1.5195	0.754669	1.03709	4.43806	4.27592	1.77826	2.16299	7.15943	4.89504	0	0	5.71737	9.11212	6.90608	8.15206	0.795448	0	0	1.19308	2.71901	3.10359	2.38522	1.75136	0.533633	0.795482	2.0735	2.17024	5.65419	6.81317	7.2796	2.0735	6.973	2.48879	7.55488	7.6706	5.04944	9.0124	6.24147	3.37114	1.12487	1.12487	3.79709	4.5258	6.14367	9.38477	5.17201	1.08188	1.29477	2.67224	3.41761	6.10268	4.02614	4.38472	1.60053	7.16593	10.2609	4.97137	10.9958	7.49561	5.15699	3.02127	2.22779	2.39184	2.14101	0.641354	0.503129	0.355761	0	0	0	0	4.27592	3.27634	1.63957	2.02728	3.66222	6.15106	2.33837	0.39776	0.177882	0	0.795448	0.73338	0.957822	1.509	2.48879	3.10361	2.66632	1.12487	6.14082	6.02037	1.13883	7.62815	8.75021	0.533633	0	0	0	4.33428	6.59064	4.79478	1.25763	6.44751	4.04949	0.711495	2.08111	15.1756	20.1021	13.5103	7.26274	10.6897	14.5087	12.6846	4.36696	5.87365	7.01287	7.45632	7.73299	1.78713	6.7651	4.82736	10.3857	12.4597	11.3778	6.14115	0.88932	4.17939	8.09138	0.177882	3.59706	3.52632	3.49056	6.41882	11.0272	15.7023	10.93	1.83083	21.1602	20.5625	4.77859	1.25763	1.19308	3.33826	2.54519	2.27675	3.82595	4.33428	7.46223	5.42891	13.317	4.98081	6.14082	3.20341	4.43806	3.79709	1.95595	2.47603	6.01786	2.38522	3.35238	7.55488	2.47603	6.88793	9.85341	10.4509	16.8272	8.1086	8.76262	8.99545	0.711495	5.7283	9.36838	4.35241	4.64531	2.84934	7.6706	8.25896	5.78792	6.70293	3.55753	1.964	6.5553	5.85238	4.14536	1.2948	6.83361	10.4089	3.97129
1.08177	4.31945	7.68418	8.94361	5.67586	1.50892	1.4664	3.62293	4.4905	2.84904	4.97085	6.67456	3.89496	1.78692	1.76016	5.67564	9.38202	8.37651	3.2031	1.29463	1.25752	1.29463	0	0	0	0	1.24485	1.89008	1.4337	0.177864	0	0	0	0	0	0	1.59042	2.86556	3.10328	3.38018	2.78177	1.19295	0.75459	0.733321	0.503076	0.795364	0	0	0	0	0	3.02082	5.00842	2.70718	5.36742	4.27569	1.6394	0.25153	2.17002	3.01559	1.77802	0.957756	3.8988	4.79439	3.73407	4.26812	5.31459	3.0675	3.2617	3.35218	2.17012	3.39402	4.68518	2.66604	1.81324	7.25964	5.01776	2.66604	7.39094	11.229	8.83839	6.46381	10.0811	5.55349	3.94309	6.04845	6.5548	5.66487	6.27836	7.63585	8.55642	5.60668	2.54498	2.14809	2.52622	3.14854	6.40108	6.66751	2.81009	6.21097	7.75424	11.7342	12.787	5.86787	8.54708	6.80102	3.27599	1.42262	1.77811	2.93089	2.78188	3.44924	9.53043	5.56741	0.397701	2.87113	2.6661	2.66604	7.20185	6.7184	3.92299	1.43372	5.43962	9.59426	8.37677	9.31021	2.08089	0.562446	2.31102	2.77622	2.51383	3.14366	3.10837	1.61021	0.177864	0	0	0	1.60036	6.15042	4.45185	2.08089	1.81328	3.55272	3.37079	0.795364	0	0	0	1.00602	1.29463	0.906866	0.75459	1.92322	1.91498	1.4664	1.78694	5.56741	7.70217	8.1968	8.82976	6.81017	0.957756	2.31102	4.14134	5.40526	5.69778	4.92962	3.10316	2.37167	3.64445	6.15064	10.8294	10.207	14.8203	17.2821	13.0061	16.4521	13.6211	12.222	11.922	1.96379	4.99902	10.7351	6.24081	6.09691	4.72514	5.76568	4.29767	11.163	5.32044	2.71288	5.15624	6.29071	7.71825	7.96982	4.294	5.94179	2.08097	5.76598	10.4504	12.3576	12.6833	16.5038	20.7115	22.5306	12.8524	5.63173	7.00808	5.89178	3.57487	2.33812	4.05296	3.02082	2.71288	5.33515	3.38018	8.98425	2.80995	5.59817	6.15054	4.99597	2.01142	3.62286	3.7967	4.52511	1.13871	6.5308	7.80355	1.63934	4.92962	10.7735	16.5352	17.6691	11.078	4.35205	6.19855	12.3339	11.4082	9.00318	1.60036	8.65601	6.12013	9.22957	11.3022	10.3262	7.76182	3.70878	6.01738	4.52518	1.61021	5.02425	8.14405	5.59828	7.6215	10.4504
3.44894	3.82535	7.1411	10.0713	8.21832	3.37049	3.49878	3.17825	4.14097	6.96498	10.3837	6.41757	5.32306	3.33762	2.26241	3.94254	6.44635	10.167	5.80564	2.46916	1.25741	2.46916	0	0	0	0	2.78152	1.92305	2.87077	0.397666	0	0	0	0	0	0	0.711357	1.91481	2.91449	2.62412	1.24474	0.53353	0.754523	0.641231	0.503032	0.355692	0	0	0	0	0	4.72473	5.24005	2.51361	4.33366	4.82662	2.75878	0.754484	2.4175	2.01125	3.2757	0.889193	1.03694	4.11809	2.52613	1.76001	4.38388	2.80982	3.53915	3.49892	3.02062	1.13861	3.53904	3.24194	1.12469	6.76381	5.01732	5.94368	11.1743	10.7008	5.95444	5.32011	8.50329	7.63495	4.32274	7.18422	6.55423	5.2641	7.43608	7.85044	9.36848	8.19395	3.79636	1.25737	2.526	1.68676	5.65614	5.56711	3.14836	4.68498	7.84849	10.6201	14.3057	6.80978	5.60597	6.30724	4.77421	2.24843	1.77796	2.56332	3.10299	9.12369	10.6425	3.59649	4.14456	3.55685	2.78164	2.49465	7.91269	7.61662	2.70694	1.3888	3.55683	6.55179	7.82879	5.19221	1.08169	1.8304	3.3938	2.77598	2.51361	3.43078	3.76732	3.2661	0.397666	0	0	0	3.57441	8.1051	3.4491	4.72473	3.37049	3.55241	1.81312	0.355692	0	0	0	1.00593	2.46916	0.906786	2.1479	1.88992	1.77796	1.2823	1.43359	3.59649	6.43935	8.12821	6.80987	2.51356	1.43355	3.3938	5.01749	5.50787	4.47965	1.77791	1.98759	2.67172	1.13861	9.184	11.1732	10.8493	6.08881	9.184	14.1124	15.6316	10.5402	7.1841	10.9566	3.73368	6.43905	10.2501	6.48476	2.24843	8.8996	3.26608	6.9584	7.26131	1.91474	1.98757	7.79486	9.36829	7.52302	6.06073	4.15991	5.41344	7.6105	9.03799	10.7908	7.79523	6.0349	17.0563	20.8117	15.7527	2.52613	7.26135	7.00748	6.34932	3.76318	1.51921	4.7775	1.85612	1.08167	4.21971	3.06723	5.02355	5.29051	3.14339	6.58956	3.20295	1.00593	4.48996	3.20286	1.52951	1.63919	10.0801	5.6753	6.88432	3.03618	12.7396	14.1392	14.9444	11.4398	6.9114	11.1608	12.6324	10.6032	6.77556	7.46286	12.4474	5.75191	8.1261	10.3839	14.4228	9.67388	7.05129	5.66438	2.62412	2.37141	6.90476	8.19609	7.28683	9.03799	10.7908
5.4011	2.71236	2.52573	6.57218	9.54934	5.17039	4.3834	0.754457	0.397625	8.27513	12.1451	3.62228	5.07883	4.14035	1.92275	2.4753	4.68762	10.8157	7.00638	2.38441	1.06686	2.38441	1.06686	0	0	0	2.86497	1.59021	2.86497	0.502952	0	0	0.355658	0.502988	0.355658	0	0	0	0	0	0.711289	1.28219	1.12458	0.355658	0	0	0	0	0	0	0.177831	5.02303	5.17944	1.00583	1.42236	3.55648	5.2515	1.63913	2.3173	1.52935	3.64374	0.795212	1.85593	0.906677	2.14779	1.75995	2.95698	0.889055	2.78124	2.14039	3.661	1.59021	3.21725	3.27543	2.22716	7.06372	5.56637	9.03701	11.5323	4.38343	2.02671	3.14795	5.95615	7.2198	4.617	7.15532	4.35126	1.6391	5.21555	3.596	4.52424	7.84342	5.85867	2.16241	1.77774	2.66554	2.95698	2.38441	2.51333	2.86503	1.59012	2.86497	11.3885	8.23791	2.66545	5.89041	6.65206	3.44858	0.397625	0.711289	3.44864	11.6254	9.10933	1.91463	5.86652	2.87048	1.75084	2.24821	8.27701	6.69158	0	0	1.19272	0.906702	1.19272	0.502952	0.355658	3.82482	6.41434	6.93793	7.88115	6.03451	5.42425	4.53464	0.957585	0.711289	0	0.889085	4.0869	7.1161	2.8096	5.31358	3.52527	2.64169	0	0	0	0	0	0.795212	2.58745	1.91463	2.38441	0	0	0	0	0	0	0.889085	2.97837	3.98993	2.52591	5.04796	7.27125	5.8509	4.52452	2.94112	3.14807	3.87803	1.60007	8.94166	7.27144	7.18356	4.15954	5.64185	9.86619	7.08577	2.64184	2.78124	10.7134	3.91011	6.8836	8.06423	8.21028	10.9562	11.9289	3.55219	7.51167	5.75141	8.27569	9.38569	10.5548	8.76001	2.37117	1.19272	0.177831	3.37953	13.3891	11.2841	4.66771	5.95352	14.1373	9.19798	4.38343	2.54445	7.05058	4.76059	1.46614	3.53869	2.78124	0.957538	5.32238	0.397648	0.754457	3.41187	2.07288	3.82482	6.3484	2.80945	4.21929	2.93026	3.96995	4.32216	1.03678	0.641174	4.33299	10.7584	2.01118	8.2155	7.75236	11.7824	3.41187	9.00128	9.03701	10.4002	13.9702	3.26092	2.54445	3.93037	12.1965	12.85	5.07297	4.69784	5.27219	17.3104	11.8179	9.3949	3.79608	4.43689	5.49868	6.32883	0.795212	8.27513	11.7863	5.94073
4.4891	1.08146	3.52496	4.26697	10.9655	6.14102	3.89771	1.25712	0.177814	6.79912	10.257	4.25967	3.70763	4.13999	0.733097	1.25714	5.65479	11.5404	7.00577	1.06676	2.3842	1.06676	2.3842	0	0	0	1.46595	1.59004	1.46595	0.502908	0	0	0.795141	0.502935	0.795141	0	0	0	0	0	1.58998	1.46599	1.81273	0.795141	0	0	0	0	0	0	0.39759	4.02459	5.42655	2.01086	2.248	2.54429	5.8899	2.31033	1.83004	1.52921	2.89207	2.27588	2.08031	1.83004	2.0266	2.02657	1.75069	0.641076	3.98932	1.98724	4.36509	2.13278	3.21695	2.86476	2.84824	7.06309	4.79305	9.9112	9.71291	2.67119	1.60974	2.71796	6.43782	6.26149	6.01556	7.55824	5.50666	3.89369	3.50259	4.05571	1.52921	5.63274	6.43551	5.07838	1.77757	1.98727	1.75069	1.06676	2.07279	1.91444	0.71122	1.46595	9.96308	10.1501	0.397606	4.77663	8.06352	5.17898	0.177814	1.58998	5.00702	10.6758	6.39662	2.86476	4.94096	2.19833	1.98718	3.17751	8.51774	4.96935	0	0	0.533427	0.906611	0.533427	0.502908	0.795141	5.71517	8.92376	7.76989	7.95041	6.51011	8.07118	5.26284	0.889022	1.58998	0	1.98718	3.10735	4.20769	2.8093	3.48913	2.52551	2.89207	0	0	0	0	0	0.355624	1.46599	1.77762	1.06676	0	0	0	0	0	0	1.98718	4.90602	3.94198	3.37923	6.88529	9.70042	5.76437	5.52087	3.4163	3.73305	3.76246	3.81211	5.14578	6.73985	6.04676	4.2928	6.70051	8.84813	5.50391	4.14384	2.08031	11.1961	2.66522	6.63507	3.96964	7.67403	11.151	9.1625	6.52898	4.99453	6.21935	8.53793	9.48811	8.59519	5.32204	1.60976	0.533427	0.39759	6.88529	15.1482	10.2468	3.77501	12.5258	16.3238	6.57177	2.02657	5.56297	7.4925	1.59004	2.58722	2.89212	2.08031	2.66522	5.56297	2.41704	0.754378	4.15889	3.05625	4.76017	5.62991	2.80919	2.84824	5.71517	6.38447	3.24131	1.03669	0.733115	6.79912	9.30591	5.40061	5.07843	10.2037	9.59778	4.15889	5.86864	7.35514	9.32077	11.8723	1.6389	1.51891	4.79307	14.9876	10.4932	5.97672	4.43653	1.77753	20.4593	13.923	9.84967	3.94191	4.61656	6.26158	4.0828	1.77753	4.8255	8.31161	5.272
4.71363	2.64136	3.70726	2.64121	10.6747	7.59204	4.4465	2.56243	2.07261	6.06399	9.85974	9.92141	7.00553	1.8126	2.70618	3.27496	6.41311	12.6704	9.52685	1.91427	4.48865	5.88955	8.68853	6.90069	2.66503	0	0.397549	0.533375	0.533375	0.397549	0	0.533375	2.84794	3.41145	3.39286	1.06666	0	0	0	0	1.6768	1.25702	1.85557	0.795059	0	0	0	0	0	0	0.397549	3.64304	5.04072	2.95641	3.16226	1.5899	5.3215	5.5962	2.5129	1.98701	2.64121	2.13989	1.13827	2.86453	3.16248	1.67691	1.12432	0.711151	3.2603	1.98709	2.66494	4.26296	4.38992	3.03542	2.16194	5.54836	4.75995	8.81936	6.03294	2.64136	5.16968	5.32168	6.01496	4.43589	5.89979	5.78507	4.57848	4.29579	1.25697	3.72846	4.01663	4.274	3.69446	5.77166	4.61273	1.78627	1.03658	0.25145	0.177796	0	0	0.397549	7.20128	11.5407	5.54012	3.10201	7.38571	5.94193	1.68628	1.13827	4.77615	9.78537	9.87228	10.1691	9.14832	7.46116	7.64719	7.59244	7.59214	3.17718	0.355589	0.50289	0.355589	0.957354	3.94154	6.52865	5.50633	4.68672	9.06219	5.6542	0.562213	3.74531	9.52709	10.9195	6.14826	4.15874	11.3143	14.5795	13.2805	11.8177	11.6548	12.0018	9.77941	6.0588	0.533375	0	0	0	0	0	0	0	0	0	0	0	0	0	1.59976	4.96898	6.58759	4.23353	5.84435	5.84416	8.23072	2.14727	4.71363	7.69947	7.21886	5.19063	7.84579	4.04778	4.92803	4.64336	5.35972	5.8496	3.73258	1.257	2.31691	6.66276	10.0788	1.78627	5.47187	3.20201	3.20184	3.14734	3.14746	7.20128	1.35377	3.10703	2.67093	3.74526	3.10198	1.75948	0.397571	2.92979	8.48661	14.7087	14.422	5.56243	3.5558	16.1457	14.7444	2.64136	5.46077	6.43488	6.09457	1.19249	3.64304	3.538	2.47494	3.98894	4.99408	5.21778	2.68861	4.13956	4.65658	3.89329	3.82408	4.00481	3.5955	5.01896	6.72735	3.79535	2.75807	2.02628	6.51391	7.35458	7.16713	4.61614	12.7114	8.75844	4.64316	1.58981	6.97226	12.2919	9.18137	1.67691	2.14727	3.02485	14.7532	7.98795	9.36577	11.5412	15.1429	21.6129	9.84865	12.7912	8.52996	8.58719	9.38331	5.33034	6.38403	4.77615	4.77612	3.27496
4.38237	2.66484	2.48735	2.4166	8.77323	8.75751	5.89664	4.54372	2.51259	4.38948	7.59167	9.84049	8.58635	5.23504	3.92113	3.3506	5.01556	12.0199	12.4428	2.86421	6.33437	8.90325	8.43687	10.084	5.9414	0	0.177779	0.39753	0.39753	0.177779	0	1.19239	4.77569	3.57318	5.11732	2.38374	0	0	0	0	0.957267	1.03654	1.24426	0.355555	0	0	0	0	0	0	0.177779	3.89291	4.04715	3.69414	4.40713	2.13237	3.69432	6.3761	3.92113	2.19791	2.4166	0.397513	0.640952	2.38384	3.33647	2.49367	1.12422	0.711083	0.957302	1.88919	1.19239	5.59554	4.15449	2.77491	1.28181	3.27449	4.75946	6.02224	2.0723	3.55548	6.22058	5.1419	3.94115	2.2264	5.65093	4.29542	3.59495	2.80862	1.25686	2.64108	4.01621	3.49757	0.640983	3.55548	5.76847	3.65997	1.03649	0.251424	0.397513	0	0	0.177779	3.37858	10.2817	8.34874	1.85545	5.15378	5.23804	2.71744	0.640952	2.75779	6.90892	9.24043	10.0057	8.71583	7.38545	7.51609	7.1816	4.6563	1.42195	0.794988	0.502837	0.794988	1.67665	7.77609	6.96927	7.59965	1.3537	8.08864	6.62679	1.52892	3.01952	7.21599	11.6367	11.265	6.58697	15.9756	14.5423	13.2392	11.6945	11.6945	12.1632	13.9248	10.1512	1.19239	0	0	0	0	0	0	0	0	0	0	0	0	0	3.57303	6.78192	6.02481	4.44981	5.39978	3.01432	4.60198	7.04412	5.21726	7.50375	7.04448	9.84008	11.2368	4.2883	5.07761	4.65635	5.26506	4.38237	1.3537	0.754232	4.05493	8.65207	6.08657	1.51862	3.04022	3.59069	0.888828	2.71744	4.46728	4.94636	2.31665	0.754232	1.75942	4.3499	4.77566	2.26153	1.43298	5.16293	13.1529	15.6174	9.68946	2.2265	6.34665	16.1443	10.7231	5.33266	5.62907	4.12798	4.13919	0.533324	4.89222	5.62883	2.26165	4.21806	3.20171	4.71315	5.33264	3.17689	5.79268	1.63862	1.58974	3.66011	3.52447	1.29405	4.65616	3.94115	2.39046	5.02162	3.52428	7.35386	7.69856	14.5296	10.8893	6.74534	3.44773	3.55095	9.51336	11.7759	6.14775	2.6883	2.14707	1.03649	11.8964	4.96853	11.6775	11.9869	15.4454	15.9758	3.14714	16.9801	8.92234	10.5689	16.4674	8.48552	8.2432	6.80926	3.65999	3.49757
2.80836	1.29394	0.355521	2.22617	7.00812	8.51703	6.93481	5.42494	2.3164	0.754166	1.82961	3.39216	7.21288	9.53638	7.82298	3.41538	0.562105	10.1068	13.5528	4.56053	4.82407	9.76314	2.13954	9.82204	8.17858	0.888742	0	0	0	0	0	1.19226	4.71251	3.44741	4.13876	3.05534	0.355521	0	0	0	1.29389	1.67658	1.81225	0.732906	0.177762	0	0	0	0	1.06645	2.2263	2.80836	2.86937	5.11367	5.95123	2.13954	0.711014	4.77187	4.43504	1.98659	1.777	0.355521	0.732882	2.47447	3.10154	3.03993	1.25678	0.732906	0.640885	1.43286	4.38893	5.93822	2.24743	1.7859	0.957169	1.08117	3.83158	1.96267	1.25676	3.76123	4.18773	0.251402	1.60927	1.43288	5.00555	4.5226	1.51841	2.19769	3.41056	2.24734	1.50807	1.58959	2.51236	2.38363	4.62526	3.65528	2.19776	1.25678	0.640885	0.177762	0.251402	0.177762	1.24414	7.45924	7.67141	1.6093	2.71717	5.50507	5.07694	2.38349	0	1.19226	0.957215	1.29389	0.397472	0	0	0	0	0	0.794905	0.502793	0.397472	4.34947	10.4136	4.2915	7.38232	4.54695	5.47366	6.34597	3.65962	3.01908	1.51841	8.71451	12.6714	9.5807	15.9443	0.957215	1.8295	0.754113	1.25681	5.51921	13.4103	11.081	1.50796	0.177762	0.251402	0.251402	0.397494	0.397494	0.177762	0	0	0	0	0	0.711014	1.00551	3.64234	7.15458	4.15765	1.63842	1.42181	1.43288	2.49345	8.12385	6.04469	1.08117	1.13805	11.2996	13.6722	3.77369	2.49343	1.13813	0.177762	1.43286	1.63847	1.19226	7.27469	7.21704	0.906327	1.63839	0.794905	2.24734	3.25967	1.24414	3.05534	2.86392	2.22617	1.25676	1.85528	5.50507	4.94586	1.67648	2.38349	5.67238	14.3998	11.8033	1.68588	7.61714	11.5736	14.2622	5.39029	5.11367	2.24743	1.9139	4.04673	2.2263	6.65183	6.90794	0.251402	3.39216	2.91311	2.026	5.77055	4.61525	2.62272	3.52416	1.29394	0.640926	1.6385	2.46795	2.33678	3.59028	1.68588	4.99615	5.2646	5.21665	9.72255	16.3814	7.82466	3.79858	1.35358	8.43571	9.32456	4.86928	3.26451	3.92869	2.89127	1.77712	9.23249	6.27989	10.6955	7.8405	5.67256	6.54841	7.79108	18.4648	4.09689	11.0715	19.2133	6.39473	10.67	7.6313	3.76552	3.98839
4.52227	3.83956	3.06546	2.70527	5.86639	8.13832	7.67084	6.97896	6.88066	4.6114	1.124	3.03968	5.14383	7.94911	8.51475	7.21236	4.25803	7.42538	12.8326	6.71396	0.754086	8.70688	8.04158	6.83297	7.45859	2.51207	0.533221	0	1.06635	1.92194	2.26122	2.54331	1.63827	2.13935	2.30944	2.66419	0.502714	0	0	0	1.88873	1.29377	1.81203	1.29377	0.397436	0	0	0	0	1.92184	2.68779	1.388	1.19221	6.64892	7.60004	1.75899	0.502714	3.89216	3.823	2.3366	1.59929	0.562071	1.81203	3.5725	4.1575	3.17642	1.75908	0.794868	0.533221	3.24006	5.9743	6.08531	3.69361	4.09664	3.81081	4.33116	4.86901	2.14674	3.59426	4.14224	2.71692	1.42167	1.59929	1.06635	3.24012	6.11347	4.38151	2.02579	4.5325	3.14645	1.88882	1.92194	2.31631	2.80822	2.891	1.43274	2.92894	2.86911	0.754086	2.8082	2.86374	1.60912	3.1011	7.11713	4.96744	2.0719	1.95444	5.47055	8.81701	6.08531	1.24402	0.533221	0.888679	0.732832	0.177745	0	0	0	0	0	0.355486	0.50274	1.03629	7.04062	9.91813	2.97692	5.49322	5.63071	2.4162	4.23208	4.26533	4.20607	1.35344	10.9174	9.52412	13.5916	12.898	2.71692	1.0054	1.29377	2.95558	5.23703	11.2107	10.0758	1.50783	0.251362	0.177745	1.60914	2.41623	1.9625	0.562054	0	0	0	0	0	1.91363	1.77693	1.85504	6.58322	4.27272	4.04658	3.30268	2.13196	1.08106	6.25909	6.54782	3.55045	3.51486	10.3149	13.2539	5.01443	2.02571	2.84712	2.77437	1.98648	1.08106	5.23404	8.65032	4.732	0.355486	1.4327	1.13801	2.13196	4.5772	3.02408	4.28748	2.07199	1.25664	2.86374	6.25928	5.97443	1.43276	4.48752	6.88294	3.96819	12.5247	12.5389	9.58811	15.8224	15.8765	9.70168	0.732832	1.00535	1.58943	4.13839	8.07009	5.95101	10.231	7.13664	0.732814	1.75008	3.30268	2.64057	4.38852	7.07348	6.44285	6.11336	2.77991	2.275	0.710945	3.27381	1.6383	5.07949	5.21314	1.08106	5.694	4.48738	11.0529	11.4331	9.34978	4.68205	6.99654	13.294	8.31789	4.44889	3.01888	4.29102	2.68782	3.36854	3.16137	8.00902	11.9234	10.8291	5.17726	3.52361	6.39417	17.093	8.16133	15.7971	16.5039	0.732832	11.6123	4.29102	0.562054	2.38338
3.41463	1.77673	3.10588	2.86336	4.21688	6.9181	9.68839	13.2756	14.8501	13.7311	7.64808	0.251353	3.06514	5.16752	5.14033	7.15141	8.16799	6.39381	10.1005	6.54956	2.97657	2.51185	7.43335	7.45623	5.16759	2.16838	0.73275	1.12394	1.95427	0.640803	1.42155	2.58606	2.14656	0.710883	1.96231	1.96231	0.177729	0.251353	0.177729	0	1.46526	2.19735	1.85493	1.29366	0.397401	0	0	0	0	1.68558	3.20073	2.22588	1.4653	5.72341	8.44334	6.01287	3.0239	2.22578	2.54298	0.906182	1.1239	1.03625	3.03416	2.64023	0.710883	0.906163	1.08095	1.28138	1.78558	4.65486	6.15842	5.16149	2.86897	3.82281	4.54268	4.57702	3.01868	2.75694	5.11277	4.04602	1.98624	1.4326	0.397418	1.4326	1.81187	4.21704	6.57587	6.51187	5.24865	2.66992	0.502696	0.355455	0.562022	1.08097	1.4326	1.12394	1.63812	2.31604	4.84286	4.23191	3.02383	3.34966	7.61582	8.98972	5.93734	4.77453	5.3634	4.92933	8.84401	10.4076	5.16759	0.794798	1.81191	3.20081	2.93943	1.35332	0.75402	0.533174	0	0	0	0	1.52849	6.8888	8.78487	6.82813	6.19391	5.76697	3.16126	3.62013	4.08471	5.88717	3.77322	9.71929	5.16759	13.584	7.70218	2.33639	2.86886	1.91353	4.09616	5.21571	11.3993	10.3841	2.33636	0.533174	0.355455	2.1391	0.397401	2.2748	0.640772	0	0	0	0	0	2.6402	0.73275	0	4.77436	4.36321	4.47668	3.9876	4.77455	5.16773	7.22224	5.46986	3.96789	7.16018	12.2618	10.7834	3.20066	3.10085	4.73158	3.10603	1.77673	2.58606	8.43421	7.54851	0.355455	3.36835	3.39165	1.91346	1.60898	4.93863	5.11589	2.84689	4.11529	5.59409	6.1763	5.01416	0.710883	6.58521	8.95573	6.82813	4.66504	6.18364	14.3617	17.9682	15.9154	7.11893	1.75884	2.71668	1.29369	3.92007	9.22273	8.68676	3.51437	12.9688	5.56037	0.640772	2.38966	0.355455	0.710883	5.4096	11.6023	1.78559	11.3731	4.61108	4.4485	3.14129	2.89075	2.93931	7.04216	5.71248	4.55972	2.62238	9.1896	9.07241	10.6185	10.1454	3.14113	12.8981	11.6947	3.65911	2.80795	3.20068	2.51185	2.316	6.05656	2.47391	9.78008	9.78178	5.07614	7.15988	6.80763	1.52849	14.7796	13.6973	14.2804	8.37028	4.43426	8.80388	6.54989	8.85456	8.40538
3.30188	2.75665	2.9283	2.77938	2.52405	2.64004	6.19578	8.40451	10.0743	14.4765	11.9096	3.013	2.84105	5.0755	3.79351	4.81632	5.80126	4.29025	7.4323	4.64085	2.97626	1.74967	1.5284	3.02358	2.86866	1.46514	0	1.81168	0.732691	1.96211	3.26359	1.35313	1.63795	1.46511	2.46726	0.533118	0.397359	0.251327	0.397359	0	0.355418	0.956932	1.13779	0.732691	0.177711	0	0	0	0	0.533118	1.85474	2.27468	1.28131	3.65425	5.33062	5.49499	3.73087	0.561963	2.26066	0.561963	1.67601	1.06614	3.03905	3.37726	2.31582	1.98603	1.38766	1.92147	1.98603	5.25981	6.0198	4.21644	1.60881	1.25642	1.25644	1.13779	0.956932	2.95501	4.62396	4.9254	3.27318	0.397359	1.35313	1.82899	3.52293	1.43249	2.86319	3.6929	2.91224	1.28131	0.640704	0.397359	0.794681	0.732673	1.03609	1.29355	1.58912	2.97626	4.83907	3.27323	2.27456	3.93958	8.68586	7.2494	3.73096	4.49011	5.38897	3.40978	4.97602	10.092	7.97643	1.06614	3.36789	3.65867	4.08428	1.96211	0.753941	1.19193	0	0	0	0	0.956898	4.54546	6.01993	6.03041	6.41268	5.70394	4.38779	4.2719	3.39122	5.16704	3.16093	4.77054	3.90771	9.07147	4.52124	1.82899	3.98704	1.13779	2.80757	4.36257	11.8001	10.0272	2.97626	1.58906	0.177711	1.78539	2.13899	1.95406	0.355418	0	0	0	0	0	2.63993	0.732673	1.06614	2.9283	1.91333	2.16091	1.95406	2.02543	3.02351	8.85321	5.1518	4.04949	5.53738	8.97503	6.34422	1.08086	3.02342	4.29377	0.177711	3.54959	5.07545	7.61081	4.83893	2.31575	5.28652	4.09585	4.91588	0.561963	3.58926	5.31603	5.7475	7.16368	5.56275	2.54282	0.732691	5.23603	7.62705	5.01356	1.12382	4.29013	2.54272	7.89726	11.154	6.69667	2.41564	4.71118	2.36964	2.13899	4.73109	9.45014	3.42802	11.0685	11.7508	2.66375	1.06614	1.67601	0.397359	1.19193	6.93288	10.2216	4.97606	11.8305	2.31586	3.37728	2.36964	1.96211	2.939	6.91724	5.00433	4.92563	8.03022	7.24938	4.99165	11.5339	9.58598	1.12382	14.2419	8.85838	0.177711	0.640704	3.05449	1.74967	6.33683	2.52405	4.86799	10.4801	10.0604	3.05449	12.3652	6.0611	11.0222	8.58309	7.70176	5.86802	2.02532	4.91588	4.14137	5.51769	6.13779	3.76437
3.74307	3.33476	1.03605	5.06908	7.04115	6.41212	5.70344	4.6843	6.60513	15.0473	15.9834	7.45661	0.640679	3.44603	3.5538	4.91545	4.53123	2.30875	5.15135	3.65824	3.34886	2.6397	0.905988	1.29344	1.12372	1.91316	1.8883	0.640648	0.888429	1.82883	4.36219	2.16075	2.58557	2.86293	4.00243	0.888407	0.640648	0.251304	0.640648	0	0	0.177695	0.251304	0.177695	0	0	0	0	0	0	0	0.397325	0.905988	3.20004	3.54927	3.74307	4.4756	0.710746	2.86281	0.502599	1.8882	1.29344	2.66351	2.19687	1.38754	2.36938	1.60869	1.67586	2.00952	5.63723	6.01408	3.26327	1.25626	0.640679	0.794645	0.502573	1.24367	3.75983	4.82235	3.96696	2.84632	3.64119	2.41555	2.71032	4.14101	0.888384	0	0.397325	0.533071	0.710746	1.19182	0.397325	0.888384	0.561896	0.888407	2.16807	3.6584	6.06057	2.33594	5.91758	0.956814	6.58376	6.67498	3.27289	1.19182	3.26327	2.71032	1.12372	2.86281	9.22079	8.73063	1.77643	6.23506	4.21623	5.01312	3.5538	1.63784	1.43234	1.63787	1.06605	0	0	0.397325	2.47343	4.40505	4.66415	7.00151	7.15881	4.47582	1.38754	2.84634	4.09545	5.26851	5.747	3.87506	6.80377	4.8385	3.4093	2.58549	3.33489	4.09549	6.23506	11.5277	8.61057	3.05422	1.77634	0	0.397325	0.251304	0.397325	0	1.24367	2.02525	1.63784	0.397341	1.60869	3.90726	2.51145	2.13873	1.38754	1.38754	2.77914	2.16075	1.81156	2.07893	8.72713	4.65396	6.11166	5.1605	7.07152	5.0379	0.794611	3.17539	3.14052	2.31566	6.54846	6.60504	4.15613	3.91928	3.01803	6.7351	3.73063	7.75862	3.01803	1.28114	2.86285	2.51145	1.46498	2.19692	2.02522	2.49251	8.14931	6.27228	0.794611	2.58557	2.2465	5.63723	7.25498	2.86831	0.251291	3.69239	4.75701	1.77639	1.08076	4.76356	7.40042	6.58406	12.9619	6.49599	1.9214	2.75648	2.30875	0.397325	3.03357	5.74673	6.23506	7.715	7.77245	1.08076	4.08009	4.43358	3.93929	3.44603	4.15613	1.25631	3.93924	10.3982	4.29339	3.41392	11.261	8.61234	3.90325	14.7679	9.36037	4.15634	1.96194	1.35301	3.64119	9.17629	7.87514	7.15876	9.74252	8.36861	7.66262	12.7472	7.84342	15.4535	3.39092	4.28982	2.84632	2.70462	5.34195	5.67052	5.24753	0.888429	6.75804
3.75945	3.92684	4.8381	7.26525	9.23533	8.18843	6.02936	5.21143	6.49571	14.0173	18.708	12.0578	4.00203	1.63772	4.387	6.74154	7.54662	5.89629	4.26013	3.87457	4.31846	1.13751	5.41976	8.8711	9.04165	5.21143	2.58523	1.12357	1.281	0.888321	2.91154	2.33568	0.888321	0.561839	3.09991	2.86815	2.41534	1.58884	1.29327	0.177678	0	0.397284	0.251282	0.397284	0	0	0	0	0	0	0	0.177678	0.561862	4.01368	3.59288	1.9129	5.21116	2.19672	2.62148	0.753809	2.30863	3.30146	3.26313	1.82874	0.251282	1.46488	1.50736	0.905898	2.27412	5.78124	5.63664	2.91154	2.00931	1.08066	1.24355	1.50725	2.36914	4.94353	5.07455	1.95371	1.42114	2.6396	3.01783	4.5446	4.90217	0.640581	0	0.177678	0.397306	0.710677	1.52803	0.561862	1.43223	1.74943	1.75844	4.00215	6.019	5.04385	2.51106	5.89326	3.39055	10.0361	5.73552	1.06595	2.07871	3.01765	2.41521	0.888351	2.27412	8.84979	8.02294	4.08352	7.49513	4.14087	5.41976	5.97221	4.43664	3.25832	4.64028	4.73035	2.56089	1.51777	0.355352	1.25619	7.37246	9.57638	8.05026	8.80186	8.32231	6.34334	1.77622	4.32957	7.06467	6.27694	6.23445	6.95834	5.62839	4.17459	3.3907	4.77318	5.49412	7.59741	9.25625	6.58071	3.14019	1.25613	0.177678	0.177678	0.251282	0.53302	3.79283	7.15812	6.88722	5.88565	5.01285	6.6046	6.34334	4.09512	3.42737	0.732559	2.54226	4.52037	2.48594	2.48594	1.78506	5.95107	5.60096	8.27036	6.0499	6.18184	4.28931	1.43215	2.48594	4.28957	6.44048	7.62782	4.17471	2.13116	6.13671	6.1342	7.2095	2.56089	6.8958	4.9751	2.07881	1.00503	2.51123	2.1605	0.561862	2.13855	6.90492	10.3916	5.00344	3.0539	4.0797	5.16629	6.37976	6.09054	2.16774	0.177678	2.38895	4.32928	1.98565	1.9129	5.6256	3.16037	11.3174	6.7783	3.3907	4.96586	3.65355	2.91154	0.397306	4.0834	2.63945	5.80044	7.51599	3.65805	3.57098	5.36177	2.86815	3.98626	2.95444	1.82864	4.65349	7.9751	7.41645	6.86662	8.87604	10.3434	3.26297	12.9427	17.2363	9.90256	5.86449	6.21707	3.50011	4.64016	8.02921	10.1981	8.4322	9.33513	1.81134	11.0488	9.14016	7.56052	16.2588	1.60851	5.63664	2.54226	2.46679	3.0539	6.18184	6.96765	6.73481	7.37886
9.61707	11.2207	8.12918	3.91853	1.0358	2.66293	1.12347	1.58868	1.03585	7.58432	16.5537	15.4722	10.0473	4.2707	0.532968	3.79245	5.5472	4.65321	2.5421	4.60237	3.79238	1.51756	8.14205	7.38046	8.38564	7.0986	4.43256	2.30835	4.841	3.37167	1.52798	4.09471	4.02135	4.04467	2.07101	2.75595	5.01856	4.46437	2.36892	0.794491	0.561805	0.397248	0.710609	1.1235	0.710609	0	0	0	0	0	0	0.177661	0.561805	4.67984	3.13992	0.956664	4.31448	3.79245	1.3528	0.888213	1.63753	1.77609	0.502502	0.177661	0.561805	0.732485	0.177661	0.732485	2.3151	4.71978	5.55824	4.13644	3.57066	2.24614	2.31515	2.38215	2.80676	4.37926	4.09458	1.81121	1.50712	1.5279	2.38887	6.22385	6.64812	1.12347	0	0	0.355318	1.421	2.49201	2.58507	3.30112	3.42718	1.92103	4.37928	4.44675	2.63921	5.54419	1.81117	8.82847	10.4601	3.89053	2.54208	1.43204	2.02478	2.84025	1.68498	1.28089	7.88301	7.74516	4.04452	5.13822	0.532968	1.91279	4.78569	5.73496	6.34269	6.68563	7.81667	6.86623	6.43263	4.9904	2.22502	9.37635	10.8833	1.51756	1.59854	3.49975	6.6086	7.88115	3.83756	2.41508	4.53057	4.87622	6.39117	5.21063	3.26279	5.06811	4.28912	4.27074	5.66929	5.50184	5.17456	3.79646	0.888213	0.397248	0	0.532968	3.90651	8.29357	7.59678	6.65776	9.16145	11.687	11.8076	7.60293	5.95054	3.9859	1.85416	2.49203	6.32286	3.55309	1.96156	1.63755	4.4854	5.84529	7.00447	5.71055	5.07419	3.02265	1.92103	3.6577	4.76945	4.60249	3.14496	0.640556	4.47474	0.397265	1.5279	4.11377	7.19404	6.90436	2.84025	2.13828	1.50712	0	2.38215	1.82847	3.82951	9.39113	7.89483	2.49203	7.1571	6.39131	4.20426	2.4857	3.34821	3.19945	0.561805	3.98593	6.04143	4.54434	5.01223	3.44536	6.25368	4.92719	7.07254	6.96467	6.566	6.33019	1.43206	1.59854	2.26003	2.80689	3.55309	0.355318	1.91272	5.40752	4.53036	2.36892	5.90865	3.31533	4.23008	8.98452	6.74083	4.77254	10.9892	11.2258	2.66307	10.4602	14.7693	10.3731	1.95352	1.75816	4.51997	3.33412	5.40752	4.21528	4.81498	1.77609	3.89032	8.14785	9.8661	2.41499	3.53533	13.4151	7.89483	5.38728	2.68651	1.28089	9.04721	12.979	11.687	11.3097	1.60838
7.00398	8.69694	6.25338	2.70372	2.30818	2.33523	2.63894	2.1382	2.51068	2.70951	11.8676	14.6696	12.1243	6.73315	1.68476	0.956531	2.46631	3.49923	1.13737	4.86605	2.80646	1.5174	9.51871	7.06288	4.92667	9.46261	4.76214	6.56533	4.31782	6.64512	2.27368	1.12335	1.19153	1.03575	2.4727	5.39829	3.03282	6.1806	2.86196	0.640499	0.905723	0.177644	1.58845	1.1234	1.58845	0	0	0	0	0	0	0.397207	0.905723	3.76285	2.63894	1.1234	2.24584	2.86202	2.16009	0.640458	1.98527	0.397229	1.29303	0.79442	0.88812	1.08043	0.640458	0.905723	1.52774	2.80649	5.62731	6.4099	5.01467	2.02465	2.97512	2.86196	2.54174	3.65719	4.13988	2.88935	1.08045	3.26234	2.33527	6.17304	7.73835	2.0707	0	0	0.794376	2.24584	2.51063	2.49177	2.36875	3.06365	1.68476	4.78834	4.08262	5.14982	5.63556	3.53497	9.22644	6.3418	1.91253	1.59838	1.38722	0.397207	2.31492	2.13814	0.79442	5.74503	7.34804	1.6082	3.59219	1.98527	0.794376	2.70372	3.03282	4.69292	3.80867	4.9742	4.44295	5.07688	6.60313	2.84552	9.57444	9.35749	1.19147	0.71054	0.956531	2.25979	9.22801	3.65719	5.32579	5.11061	2.63909	5.5154	5.5154	2.41474	3.09947	2.88949	2.8455	4.68271	3.59219	4.3895	4.63907	0.640458	0.502423	0	1.19147	6.48692	7.21875	1.9853	2.48546	5.65794	7.42991	6.96632	8.43017	9.83259	3.49923	1.38713	0.640499	5.26674	4.55751	1.68483	2.33527	2.5604	2.63906	4.55751	2.92728	2.24594	1.78474	1.35268	1.24331	0.71054	1.19147	1.13729	0.88812	2.93788	3.33395	4.82113	5.59989	6.43925	4.29241	3.13981	2.58483	1.06574	0	1.28076	4.22964	6.77676	6.65682	5.07658	3.77118	10.9029	6.10989	2.51057	2.54188	3.65713	2.38849	1.19147	6.47732	6.87653	3.65307	3.55275	1.03569	6.76979	2.70968	7.96386	1.63738	9.75358	6.16293	0.88812	2.22469	0.502458	2.0707	1.08043	1.03569	2.4727	5.35479	4.08262	4.76214	5.64938	1.74909	8.47897	9.27907	3.09935	4.13601	12.9262	9.09323	10.9538	13.3691	6.04085	4.52989	1.92086	2.31492	6.82457	5.49295	8.56883	6.23311	5.807	0.177644	2.02468	11.4268	4.44637	2.77263	1.06574	9.02414	10.3485	2.88942	5.54669	4.25928	11.925	9.18499	2.83998	11.1547	6.56533
2.49155	4.62188	5.49802	6.3778	2.22449	2.19608	3.27168	1.91243	3.09916	3.52145	6.68402	11.7479	13.9675	9.31763	3.23796	2.31477	3.23791	4.38561	2.77253	5.73377	4.7978	2.00885	8.40016	5.9494	6.25505	6.76693	4.4844	4.62178	5.14962	6.48878	1.63715	1.29294	1.29294	0.888086	1.52761	6.23256	2.84523	6.053	2.62074	0.956479	1.12325	0.502405	1.63715	0.177626	1.91236	0.888086	0.640432	0.355249	0	0	0	0.397171	1.13719	3.98514	2.84523	1.43179	1.13719	1.98509	2.41452	1.12329	1.28064	0.732344	0.888064	1.74891	1.43179	1.28064	1.74885	1.78456	1.81086	3.19397	5.76621	7.06227	5.31339	0.794305	2.77239	2.8617	2.30786	2.54151	3.3146	3.72913	3.02215	3.41265	1.60805	5.94678	8.04749	2.77806	0.561697	0.251208	1.51726	2.70347	1.74885	1.63715	2.00874	2.48522	3.55243	3.022	4.09384	4.65218	3.72904	6.94982	7.87181	2.77239	1.7757	0.532866	0.251208	1.8282	2.14531	1.2558	1.35249	4.05146	6.8759	3.09916	2.30786	2.63868	0.753544	1.63715	0.502405	2.4145	2.36846	3.76265	3.41271	1.98515	5.66828	8.29219	9.85049	6.01697	1.67529	1.52768	1.2558	3.3146	6.62815	3.14444	3.65686	1.29291	2.91072	4.53983	5.7092	4.38561	3.96555	4.6389	5.16476	5.84404	4.63881	4.4459	4.36052	0.532866	0.397171	0	3.19884	8.77107	7.20746	4.7718	5.45547	4.78478	3.02208	1.52768	9.86254	11.6458	3.13931	1.19136	0.640401	4.02037	4.38912	1.29291	2.88908	1.78456	0.397188	4.00089	3.09913	2.24571	1.81083	0.732344	0.888064	0.794305	0.888042	0.956445	0.640401	1.29291	2.07812	2.16713	1.67521	2.22449	0.177626	0.732326	2.22459	3.13948	2.56013	3.79172	8.16323	7.45175	3.27168	3.21357	7.25237	10.1427	3.09906	3.0168	2.49155	3.40799	2.02439	1.82812	7.24581	6.43832	3.01693	5.25758	6.50331	4.43182	4.83665	3.27163	6.02741	9.35514	3.98514	4.25888	5.43259	3.72913	2.80621	1.03565	3.1989	2.33504	4.78792	4.57416	5.64888	6.23256	1.19141	10.2965	10.1902	2.71516	3.25721	12.7377	7.83457	14.1166	10.7015	2.13786	2.77806	1.29291	1.95314	7.42676	4.48454	10.0873	5.46955	5.64888	1.74891	2.51035	9.40212	3.63979	3.72491	2.22459	9.79938	12.245	4.92649	4.82064	6.42879	13.8628	9.68098	4.93596	12.3751	10.7142
1.68446	1.38688	5.37715	7.97395	4.71846	2.19583	2.54131	1.24308	1.43162	2.2244	4.97324	8.98383	15.955	13.866	7.03564	5.42067	4.65191	4.44551	2.77794	5.18533	6.72059	3.56536	5.55667	5.82228	5.55964	2.70334	8.51575	5.66503	3.41246	3.82027	1.35237	4.43149	5.10963	4.65196	3.38939	3.83649	3.01131	4.26213	3.76232	2.86158	2.80608	1.60793	1.00459	0.640345	1.51713	0.710409	0.355218	0.640345	0	0	0	1.96101	3.82844	4.2878	1.43162	1.98492	1.06555	2.07034	2.00857	1.51713	1.08025	1.63701	2.19588	2.70916	1.82804	1.98492	2.91046	3.0218	4.48415	6.52175	6.60203	5.45487	3.76219	1.52755	2.36826	1.63701	2.3145	3.0166	3.23768	3.70352	3.15916	2.36831	1.08025	5.25687	7.73703	4.07816	2.70916	2.51026	3.06315	3.37072	2.92673	2.54139	2.68576	2.62063	4.93553	3.69083	0.251185	0.732262	5.46645	9.09193	3.96521	0.561648	0.561648	0.956361	1.06555	1.00459	1.81067	3.27152	4.44211	4.21421	3.34727	2.54131	1.60793	2.93736	0.640376	1.5067	0.561648	2.46588	4.04334	3.1392	5.49193	2.83946	4.77136	9.4775	8.50858	2.76092	1.59809	2.13772	1.29283	5.37715	2.02421	2.51026	2.02429	0.640345	3.19853	3.49413	4.96383	4.6384	3.91743	4.60121	5.89138	5.59877	4.34589	3.74141	2.71487	0.397153	0.177611	0.177611	4.13906	8.02002	7.01552	4.69195	5.26598	4.15057	2.14513	0.956395	10.9203	12.0533	3.01654	1.19126	0	3.40769	4.47349	2.41431	4.00054	3.4261	3.31431	4.48415	5.14917	4.72855	3.56532	1.52755	1.60791	1.28053	0.753478	0.753478	0.73228	1.43166	0.753478	1.95297	2.13035	2.70324	1.43168	4.6384	7.1554	8.36329	8.60698	7.19204	7.66517	3.2714	2.24551	6.03992	8.01069	3.82013	2.41441	2.91046	3.26188	0.887964	3.38932	3.31431	5.16407	6.37742	6.80314	7.26258	6.57863	3.80778	5.70053	4.44551	9.17202	6.19218	1.63707	7.43661	3.27152	5.06644	2.70904	3.0166	3.74141	1.60793	4.90038	5.20918	5.07262	6.48821	2.86706	10.5732	11.8592	4.59784	5.59877	8.46486	6.32869	13.6077	9.66137	3.65663	0.397137	2.3145	0.90556	6.64396	3.77072	8.42867	1.35237	2.80597	1.91226	4.51874	5.98799	3.90553	2.70916	5.62649	11.8594	10.8251	5.00153	5.06669	6.37742	13.3239	12.3023	11.6531	15.1274	11.5641
3.75779	5.53107	2.80579	6.21146	7.78395	5.55906	4.09313	3.59135	7.62417	10.8299	12.4318	12.0526	16.9637	19.0111	15.5957	12.9744	9.02211	4.71819	3.53408	4.35986	7.11331	5.91418	3.33297	4.92236	2.95304	9.49064	8.29061	12.5911	8.34028	5.76264	6.90172	7.49585	5.98756	3.27113	1.96082	3.412	5.03819	4.2618	4.81319	3.77032	4.96344	5.32425	1.25558	1.08014	0.710335	3.01115	2.92642	1.46413	0.177592	0	0	3.59118	4.00012	0.640309	3.01635	3.56944	2.36806	3.1982	2.55951	0.794185	3.87283	4.81972	3.4939	1.67497	1.51697	2.22406	4.01959	4.91262	5.48853	5.51404	4.2691	2.1375	1.98479	5.0135	6.64587	5.1091	1.43151	2.13013	2.5411	2.86676	3.10364	2.27316	0.905483	3.74091	6.22147	5.41715	4.57351	4.63801	4.44164	3.53408	2.88858	2.31432	1.81051	3.14375	4.32745	6.80017	6.42765	4.98849	8.9829	4.83593	1.98471	0.177592	1.0354	1.75748	1.52739	3.79519	5.6259	5.46874	6.62723	7.17412	5.89341	3.27117	1.60774	2.33456	1.58806	1.13697	0.794151	2.38782	4.89987	2.52237	4.83572	3.19336	5.88262	3.27105	1.63684	3.41195	1.85345	2.31421	2.71464	5.79742	2.30741	1.12303	1.43147	2.1375	4.25439	3.90501	3.21295	0.710335	3.40734	4.86469	2.33459	0.397111	2.13752	3.19822	1.52731	0	0	0.561571	2.77753	6.944	9.40691	7.37538	3.72419	2.46573	2.77199	3.72848	11.2214	10.443	2.66788	3.01635	2.22416	1.19113	4.63786	3.31405	2.27305	5.55611	4.6006	2.3075	3.09856	5.04125	4.08147	0.397095	1.75748	1.19113	1.08014	1.63684	2.49105	2.6382	3.901	5.25657	4.79688	2.8612	4.00021	6.89267	7.4504	6.05215	5.55906	1.74858	3.88885	2.93717	2.31426	2.30741	3.91706	4.67828	4.57351	7.9885	0.794151	4.22845	2.8057	4.08147	1.81051	4.44505	1.7842	1.52731	2.92635	5.86138	3.89305	8.9829	4.63786	1.92029	4.60745	2.54105	6.1791	4.98844	0.561571	2.97428	1.2556	2.92642	5.79735	5.3533	3.01099	4.6006	4.44164	9.76806	11.8378	4.1726	5.90648	3.61742	3.81973	12.3392	9.15773	3.96479	1.77531	1.6369	3.96484	5.03819	2.91016	4.8871	3.54732	2.38795	1.13703	6.17131	5.51398	2.47209	3.37501	5.18471	5.94829	10.1869	5.77855	0.561588	3.03182	8.65194	12.2867	13.9237	13.0872	6.37684
5.06547	2.63808	3.56463	1.59778	6.48461	5.67491	3.96444	2.86651	8.04721	8.64052	8.36165	9.70057	12.7497	14.4352	12.5432	10.9872	8.52659	4.48329	3.96444	3.4981	8.79644	8.35393	1.24285	1.81032	7.86174	10.2936	2.13738	9.31506	7.26103	6.25352	6.39084	4.81277	5.46802	4.37719	1.74842	4.38789	4.37719	1.6076	3.59089	1.92012	2.95293	6.39068	4.04644	0.887837	4.18342	3.75746	5.03775	2.5408	0.39706	0	0	3.68994	4.2021	2.41385	2.97402	1.63678	2.33435	4.57288	2.4654	3.55142	5.16323	3.72815	2.0239	1.98454	1.50641	1.77516	5.0097	6.57705	4.8353	2.93679	2.22387	0.177577	2.41385	4.61043	5.66677	5.8504	4.83854	0.561522	1.43138	2.13738	2.95293	2.86098	2.07754	2.4654	3.7027	3.91668	2.5409	2.41394	2.46551	1.82769	0.905385	0.561522	0.39706	4.32686	4.34496	3.65592	6.37608	4.28697	7.65758	2.71435	3.10322	0.39706	1.12294	1.50641	2.55929	2.24508	2.86095	2.58377	2.19546	2.0239	2.0239	2.66763	2.13731	2.27296	3.01602	0.753333	1.60762	2.07754	4.65083	3.13844	3.90458	1.98462	5.54443	0.753373	3.19794	4.04261	1.51689	2.4654	5.00039	3.76154	4.7604	0.905403	1.52718	4.18342	4.04261	4.31603	3.88849	1.08004	4.89944	6.09991	1.29258	2.16652	1.67482	4.59676	2.16652	0	0	0.887792	1.43134	4.92487	8.10798	6.18834	3.90066	2.86103	2.55941	3.58661	8.94276	7.17314	2.86103	3.01609	3.02122	1.52718	2.49085	2.38774	1.52718	6.01789	2.70272	0.35515	0.887815	6.0101	4.78658	0.905403	1.43134	0.532716	1.03536	3.29939	3.49794	4.67763	7.1213	3.65595	7.0362	1.78406	3.99977	4.91219	5.79684	0.905403	5.94775	2.68528	3.01596	1.52718	2.47187	4.76065	5.28268	3.33268	3.83593	11.1387	1.95259	4.40213	3.15839	3.90458	1.28028	5.59747	2.41394	2.84443	5.39346	0.956176	5.51356	4.78669	0.251124	4.17223	1.03536	5.14805	4.35948	1.88704	2.38761	1.03531	3.48449	1.88704	5.88997	5.74292	1.82761	2.16652	3.03166	7.42681	9.48486	6.13035	3.93655	1.03536	5.94775	14.7515	5.38477	5.26474	1.46404	2.38103	3.31376	2.63808	5.41936	1.38662	3.36536	1.74836	1.60762	8.54252	7.42483	6.50127	7.11046	1.12294	5.41964	13.0902	9.57097	0.794082	0.956176	3.4118	6.3324	6.88327	5.00057	2.47187
6.0043	1.00429	4.01102	1.00429	5.00918	4.51044	2.50938	1.50625	7.98311	8.96566	1.50625	4.01102	8.47501	8.96566	6.0043	6.50054	6.9958	3.01042	2.50938	1.00429	9.94293	8.96566	1.00429	1.50625	8.96566	10.4294	0.502185	7.49001	4.01102	0	2.50938	2.00797	6.50054	5.50716	0	5.50716	4.01102	1.00429	3.01042	0.502185	1.50625	6.0043	5.50716	0.502185	6.0043	2.50938	5.50716	3.01042	0.502185	0	0	3.01042	4.01102	2.00797	3.01042	0	2.00797	5.00918	2.00797	4.01102	3.51099	0.502185	1.00429	2.50938	1.50625	1.50625	5.50716	6.9958	4.51044	2.50938	2.00797	0.502185	3.01042	4.51044	3.51099	5.00918	6.0043	0	0.502185	0.502185	0.502185	2.50938	2.50938	2.00797	2.50938	3.01042	1.00429	0.502185	0.502185	0	0	0.502185	0.502185	5.00918	4.51044	2.00797	6.0043	3.51099	6.9958	3.01042	3.01042	1.00429	1.00429	1.00429	3.51099	1.50625	1.50625	2.50938	1.50625	0	0	2.50938	1.50625	0.502185	3.01042	2.00797	1.00429	1.50625	4.51044	3.01042	3.51099	0.502185	4.51044	1.50625	3.51099	3.51099	0	2.50938	6.0043	2.00797	6.0043	0	1.50625	5.00918	4.01102	4.51044	5.00918	0.502185	6.0043	6.0043	0	3.01042	0	5.00918	2.50938	0	0	1.00429	1.50625	5.00918	7.49001	5.00918	2.50938	1.00429	0.502185	2.50938	7.49001	5.50716	0.502185	1.00429	3.01042	2.50938	0.502185	0.502185	3.51099	5.50716	1.50625	0	0.502185	6.50054	5.00918	0.502185	1.00429	0	0	4.01102	4.01102	5.50716	8.47501	1.50625	7.98311	0.502185	3.51099	4.01102	6.0043	1.50625	6.9958	1.00429	3.51099	2.00797	2.50938	1.00429	4.01102	1.00429	0	11.8795	2.00797	4.01102	3.51099	3.51099	1.50625	6.9958	0.502185	2.50938	5.50716	2.00797	4.51044	1.50625	1.50625	4.51044	2.00797	6.0043	0	1.00429	3.51099	0	4.01102	1.00429	5.50716	6.0043	1.50625	1.50625	3.01042	5.50716	7.98311	6.9958	3.51099	1.00429	6.0043	16.5946	4.01102	5.50716	0.502185	4.01102	3.51099	2.00797	6.50054	0.502185	2.50938	2.00797	2.00797	8.96566	6.0043	8.96566	8.47501	4.51044	3.01042	14.2617	10.9144	1.00429	0	1.00429	0	0	0	1.50625
5.22811	2.50921	3.76907	2.24458	5.15609	5.33733	4.46141	3.38802	5.64345	8.80351	2.70812	2.77675	7.78963	10.5551	9.85824	9.38509	10.849	10.1144	3.72744	2.54033	8.94617	8.47789	1.43107	2.06954	7.28065	9.35248	6.72967	4.87299	3.81866	1.43111	1.91966	2.13692	5.64622	4.37635	2.95236	6.00645	4.69015	2.63754	3.72735	2.52179	1.5166	5.07067	6.03744	3.924	4.42962	3.38791	4.4438	5.88114	4.26061	1.68386	0.753227	2.80489	3.1973	2.8604	2.75405	0.561431	1.74802	4.67676	3.03618	3.1973	3.40638	1.00421	1.06513	2.63746	2.02343	1.82726	6.40633	8.05139	5.07072	3.19247	1.59747	1.1908	4.14884	5.3256	3.41104	5.16209	5.94661	1.63646	1.13671	0.905229	0.731998	2.00779	2.38057	2.19498	3.10262	3.26048	0.561431	1.85298	2.54041	3.15794	3.27026	2.63757	2.31367	3.89178	3.53298	3.78993	6.6531	4.60955	7.6461	3.21209	2.86585	1.96025	2.07721	0.887666	2.86585	2.50925	2.63754	3.72735	2.71383	0.532613	0	1.98416	1.96027	0.887644	2.77108	1.88658	0.640129	1.59747	4.15257	2.88767	2.90934	0.956027	3.5196	2.1369	3.49279	3.34599	0.355081	1.91145	6.95313	2.54039	6.47371	0.532613	1.91966	4.78566	3.5196	3.88774	4.92392	0.887644	5.89147	4.86333	2.95236	2.50925	1.12272	4.76933	2.02341	0.905229	1.25525	1.43111	4.4438	7.59166	7.34404	4.70674	1.67442	1.19085	1.6745	1.91145	6.37481	5.7958	3.41114	2.66714	3.14287	3.03618	2.38067	3.1728	3.54632	3.88774	2.3674	2.02351	2.1443	5.64622	4.28972	1.24261	1.77482	1.74809	1.74809	3.13783	4.08033	4.75949	7.68818	3.48391	7.81321	2.06964	3.93586	4.8634	6.31135	4.51718	6.31868	0.956027	3.10262	2.3339	3.03097	1.42005	2.46493	2.805	1.96027	11.5336	2.30677	4.52736	3.81866	3.81866	3.27026	5.15609	2.68473	2.88777	5.00884	4.60625	3.38798	2.30685	4.59608	3.55073	2.38715	5.63241	0.502168	2.3339	2.80491	1.7837	2.54031	4.43325	6.89299	3.75661	1.12272	1.12275	2.58328	4.13369	7.6622	8.64961	8.5412	7.83517	10.242	13.8596	2.38057	2.66116	1.95222	7.31664	4.37653	4.92392	6.87268	2.70812	3.75674	1.74809	5.53217	9.93308	5.90475	9.51347	8.91199	3.29876	3.37407	13.554	10.0646	2.31361	1.91975	1.91145	0	0	0.532613	1.1908
3.96315	2.55853	3.51031	4.28564	4.55463	6.77253	6.92828	6.55893	1.29221	6.99921	8.52607	4.47159	2.06932	7.24832	10.4308	10.4928	11.1361	13.2917	12.0221	7.58892	8.74514	8.13586	2.8875	2.83809	3.03066	7.34361	9.51935	3.9986	4.44001	5.66516	1.77469	2.86023	4.25646	1.63621	2.66097	4.87249	3.33156	1.35171	2.38046	3.34585	1.95203	2.71363	5.98535	7.34989	4.15242	2.70771	0.887528	3.59	5.8355	5.46387	3.98309	2.68451	1.91126	2.88736	2.14399	1.12265	1.68371	4.09151	4.31119	0.396942	3.72279	3.38765	0.396942	2.19476	2.50896	3.51031	9.67704	9.76448	4.31128	1.06503	1.51646	2.68451	3.65042	3.80592	3.06162	3.6375	5.46358	2.38707	2.88756	4.01833	4.89832	4.47159	3.09741	1.07973	3.19697	3.49243	1.91135	1.85281	1.95203	2.36718	2.77098	2.90924	2.80478	1.07973	3.73971	7.11961	7.2929	5.81953	9.06245	7.24642	5.31361	4.04934	3.09741	2.66688	1.43095	1.13653	0.95594	3.14255	3.58984	1.46357	0.56138	0.640031	1.27999	2.75377	2.8046	3.17234	4.21221	3.68909	2.06932	2.83809	2.1587	0.710067	2.0233	3.87139	3.91559	3.03588	1.35178	3.10249	8.63803	3.0308	7.24592	1.1226	2.77078	4.13703	2.63719	2.22321	4.20086	2.41326	4.91075	2.12933	4.21224	3.06169	3.5898	4.14842	0.251049	3.02037	2.80478	3.53276	9.71008	9.14781	5.54302	3.03588	0.355047	1.74793	1.75693	0.95594	3.7269	4.98658	5.31361	5.66516	5.15576	5.23084	4.78549	3.73971	2.06945	1.035	2.16602	2.90924	2.41326	3.29841	3.26017	2.30653	3.80592	3.26991	3.19708	0.56138	4.65963	2.24435	5.45223	5.48943	6.79741	2.80478	4.04157	6.00604	7.81082	6.88136	4.7263	2.27233	3.3877	3.3691	3.7269	1.43092	0.561356	0.710067	4.31119	10.3302	0.731906	3.89138	3.38755	3.29863	8.96617	6.57788	6.37656	1.75693	2.63731	3.41084	1.43097	4.35801	1.74793	1.60713	3.72701	4.20086	0.710067	3.92347	1.00417	3.56792	3.26981	8.80801	4.7691	1.0041	2.14399	4.99917	3.65064	1.50606	6.98824	10.8593	12.588	12.0729	13.8903	9.35182	2.66106	3.19714	6.54205	9.68327	3.02025	9.67552	6.19921	3.10249	3.76061	6.09048	9.0621	6.6617	2.0233	8.97763	6.18652	5.16184	2.63734	12.0475	8.74514	3.26991	1.96006	2.77078	0	0	0.753109	0.561356
6.37376	4.47113	4.78488	6.55811	1.68354	2.5583	2.84334	4.7816	6.26574	0.88745	4.78486	6.01582	6.76508	6.2511	4.98604	3.7932	2.50868	4.67586	9.15347	11.9391	13.7528	11.8288	5.20639	2.80449	1.24237	1.19057	5.98451	9.09316	2.48989	4.96099	5.87985	3.63719	0.955808	1.35164	3.38733	2.31312	3.29829	5.10669	4.31452	2.70178	2.85985	1.58731	1.24237	1.51631	4.8173	0.355013	3.17206	0.887495	1.35159	2.85988	3.26958	1.88631	0.731838	2.77054	2.5583	0.25104	0.887495	2.50873	4.55407	3.25988	1.68354	4.87205	2.07674	1.38608	1.88621	5.2568	10.9142	7.1704	3.54573	6.03645	6.6171	5.01427	1.25501	3.4059	6.21871	2.77068	3.49212	3.02014	4.83687	6.5772	7.01186	6.87165	6.13845	4.54046	2.12912	2.52118	0.731838	0.396924	1.59716	2.31318	1.58731	0.396924	0.561305	1.19057	3.44236	3.29812	3.15717	0.887473	4.25238	4.86263	4.75882	2.80449	2.22301	2.25809	0.355013	1.25494	1.98383	3.55007	2.92497	0.955808	1.85263	1.58731	1.19057	2.47083	3.6544	5.13383	4.04489	2.58278	1.85257	4.13689	4.89781	3.75601	2.85993	2.75359	2.13649	2.19456	2.16579	5.67277	6.65419	5.01401	7.1704	0.793776	2.77054	3.17206	2.50877	1.38615	2.1438	2.85993	3.72244	1.59716	1.91108	3.6501	4.67584	2.24421	5.78413	6.82419	5.20639	3.41044	10.3875	3.99823	1.63612	1.07962	2.06914	1.25498	0.731856	0.640006	1.52659	1.60698	2.66078	4.89774	5.18235	3.88717	3.76022	3.26963	2.7076	2.41301	1.91115	0.793809	1.59716	3.25519	4.83358	5.2271	5.35078	1.03491	3.17206	2.19456	3.48315	1.59716	1.95989	3.21147	2.95165	0.955808	0.955842	2.92504	4.07966	2.48357	1.24237	1.13649	2.38011	3.13723	3.65438	1.85257	2.19461	5.37422	9.28561	9.67636	4.21179	4.04892	2.77633	6.48449	6.54876	6.59808	9.27219	0.709999	0.793809	0.396924	2.06914	4.42881	3.38744	4.96099	3.53241	1.95987	1.27979	3.0148	3.06139	2.1438	7.27081	5.45166	2.84335	1.98383	7.57993	8.40222	8.60372	5.9664	1.07962	1.43083	2.16568	3.02014	7.53925	1.80966	2.58278	3.44248	8.76006	7.24743	7.75057	9.31153	0.88745	5.6646	6.92541	5.24205	8.50523	9.67187	10.8069	7.21361	3.91521	8.46224	7.51475	10.2294	7.6064	4.11025	3.33126	2.24414	0	0	0.532511	0.731838
6.51709	2.02294	3.5849	7.37533	3.93463	2.4642	2.22278	3.31206	4.88429	3.01979	2.24401	0.904946	0.90497	2.36672	1.63597	2.07653	3.37309	3.70091	3.98208	4.98549	10.5321	13.6919	7.41509	3.2549	4.15162	6.29506	5.75931	8.50423	2.86501	1.91909	6.08419	5.22657	2.86514	5.26247	6.37328	4.20029	3.19635	2.1363	4.04471	5.00761	3.64994	2.88701	2.88701	2.6368	3.442	2.06905	2.83754	0.793694	0.793738	1.43067	1.58708	1.5161	1.43073	1.63592	2.22278	1.24225	0.354979	1.0795	3.36845	5.66124	4.22629	4.68878	2.07653	1.38594	2.02281	4.22602	9.59503	10.1638	10.0488	8.70199	7.39036	6.9604	6.59763	4.21122	2.71311	4.81039	0.561248	2.70736	4.07924	3.7389	3.0509	3.00947	3.2549	4.61841	2.95153	1.77435	0.753016	0.753016	0.95571	1.12239	1.29192	1.0348	0.793694	1.07952	3.31206	3.93472	4.37509	0.90497	2.07653	0.639908	1.35152	2.47058	2.8595	2.37986	1.0348	2.19434	3.51856	2.88687	1.60685	0.532459	1.82671	1.4307	2.19434	1.12239	2.75324	6.22795	6.53866	2.46435	3.40537	2.63668	2.19441	3.0353	2.58261	2.02294	1.25487	1.77429	2.63668	5.81816	1.27966	6.79599	4.6351	2.38661	2.684	2.36665	1.0795	0.396866	0.731789	3.01979	2.75334	2.71303	1.91089	3.00926	3.44217	7.92648	9.28491	7.92655	7.58949	1.46329	10.1514	4.21126	1.41964	1.74759	3.21112	1.52653	1.43073	1.07952	0.753016	1.82682	1.13639	2.27173	3.40537	1.43067	1.13639	1.88615	2.61888	2.19441	1.78318	1.52653	3.72208	3.83412	5.35616	8.28547	5.14543	1.19051	3.25954	3.41005	3.82588	4.34298	2.75334	1.95968	1.98365	2.31294	1.12244	1.4307	3.25954	3.19638	1.77435	0.70993	2.31288	3.06103	4.13643	4.76822	5.06945	6.53866	7.83267	5.49673	4.10986	3.19653	3.3869	8.45916	3.10171	6.18534	9.65476	3.3869	1.52653	1.52653	2.1363	3.36373	1.27966	3.82588	4.17034	1.80949	1.35145	0.955756	2.12892	1.27966	5.7752	4.31046	2.86514	1.25481	9.85509	7.59535	6.55746	8.5241	4.75181	5.35057	3.44217	2.14358	5.49658	5.22956	7.43172	6.96704	5.87932	3.88659	5.7752	8.39378	2.4642	7.86584	6.13791	4.44257	2.80421	4.81047	1.63597	3.09666	8.27627	0.639949	11.9114	8.41573	3.87051	6.72739	3.25954	2.19441	6.16813	8.37244	8.1499	6.25058
9.56554	0.731697	0.955623	7.99475	7.10639	4.48408	4.51524	4.25885	2.68369	0.639851	0.561197	1.63577	2.53943	3.19616	2.7758	3.44187	4.21098	5.62205	5.5552	3.01422	5.63026	11.1297	7.96788	2.48941	3.56261	4.81657	4.04043	5.4961	2.52069	1.03471	5.51022	4.51524	3.1961	4.34246	3.72172	3.91442	5.42778	3.14166	1.52629	1.7564	1.82663	0.887324	0.709862	1.43052	1.0794	1.27961	0	1.46316	0	1.12229	1.88585	2.07634	0.396847	0.561215	1.68316	1.51596	0.793623	0.177474	1.0794	3.21082	3.49608	3.09648	1.07942	1.52629	2.38623	2.41243	4.51531	5.78302	5.75883	4.26636	3.38678	3.7386	7.03661	7.34532	1.0794	4.83251	3.68781	0.955623	2.5082	2.77001	0.793623	0.501974	0.887302	2.53936	2.50825	0.354944	0.639851	0.396847	1.27954	0.887279	1.43052	1.19034	1.35133	0.731697	3.6494	2.8866	5.16011	0.752937	2.25765	2.13603	0.709862	2.37965	2.86475	2.48941	3.21082	1.46316	4.88386	2.25765	0.561197	0.396847	2.70695	0.396847	2.24371	0.793656	0.793656	4.09034	6.14964	2.63644	2.70695	3.56692	1.43054	1.63575	2.24371	1.63583	1.38589	0.793623	4.00913	5.52713	2.77568	5.85751	1.63575	1.35138	1.60669	2.68369	1.77422	1.06472	2.06874	3.02981	1.12232	3.38661	2.47036	2.71278	3.8255	6.89707	4.14738	3.17158	8.37117	5.25579	8.79143	5.69616	1.82663	3.09648	2.53941	1.03476	0.887324	1.91892	2.02265	1.68321	1.67378	3.17145	2.37965	0.793623	0.39683	0.90488	0.887302	1.98339	1.68316	0.887279	4.04411	1.63581	6.12684	9.21943	3.79248	0.561197	3.29749	5.46488	3.726	4.45969	4.07886	2.66609	1.43054	2.41243	0.752937	1.60669	2.6185	3.29749	1.60667	2.02263	1.85227	3.09648	3.25937	3.25457	3.70068	5.03485	5.25284	3.00899	1.63575	3.5888	5.07179	6.86998	4.57025	5.54124	10.9437	5.51022	0.177474	0.177474	1.38581	3.13662	3.98173	3.64956	6.05309	3.1961	1.03471	0.731697	1.06472	2.70116	2.88656	1.60669	1.85222	2.00702	9.46345	7.97362	4.98813	6.37479	2.19414	0.250979	4.7675	4.42796	3.92236	7.98322	6.32846	2.13608	2.83727	2.24371	4.04023	9.36828	1.82655	9.27044	1.59686	5.87866	1.29183	6.09645	4.15119	4.07503	6.49749	3.93435	12.7318	7.42046	5.66345	6.65291	0.90488	5.42778	8.11114	8.55232	8.50928	6.40659
11.5642	0.35491	1.27949	7.73632	8.80278	2.65995	4.86106	6.57521	4.61752	1.77395	2.75281	4.12055	3.64924	0.639826	4.09004	4.26599	4.87084	6.94323	8.05716	5.98306	7.44694	12.1353	10.5114	4.4276	1.91872	2.02252	2.13589	3.96163	3.5445	1.63569	6.20672	5.06821	2.90792	3.79208	2.53907	2.2713	5.03114	3.88584	2.38598	0.639784	0.887216	1.06462	0.793541	1.12217	1.13617	1.0346	1.63569	2.48915	0.56114	1.60654	2.30564	1.77395	0.35491	0.50193	1.13609	1.43037	1.19022	0.177457	0.501895	1.38567	1.19022	1.77407	1.91061	0.501895	2.7754	2.31243	1.74717	1.41937	1.07932	1.25463	1.25466	1.24201	7.86424	8.28389	1.19028	4.38142	2.65986	2.36627	3.01391	3.40472	1.07929	0.396812	0.56114	2.31243	3.14134	1.35126	1.24201	0.731648	1.82636	1.9593	1.60654	0.731624	1.12217	1.06462	4.39913	3.42311	4.76704	1.35126	2.93479	1.52613	0.752871	1.63558	2.88625	0.887186	2.12851	2.90812	4.21042	1.91872	0.731624	0.887216	3.01391	1.12217	1.6736	0.752871	1.74717	2.00681	5.14447	4.4276	2.37954	2.63614	0.731624	0.709793	2.22235	0.396812	0.731648	0.752871	4.56977	5.01252	3.75891	4.67445	1.06462	0.709793	2.15782	2.85901	1.06462	1.63558	2.22235	3.17112	1.27949	3.49556	2.02242	0.955572	3.44141	3.29714	2.3057	1.6736	8.84585	6.40322	7.61813	5.41568	0.955572	1.63558	0.887186	0.731624	0.731624	2.70088	1.63558	1.78284	2.92411	3.33028	1.35119	0.56114	1.0346	0.561163	0.904796	1.82636	0.887216	2.837	3.8168	1.06462	7.26868	8.03984	3.40472	1.85203	3.83314	6.67764	0.904796	2.52043	3.33028	2.84254	3.09619	3.58413	1.9833	2.58212	3.03476	3.65336	2.38615	4.44167	1.85203	1.5967	1.9833	3.0193	3.09622	2.53907	4.13544	3.00868	1.77395	4.39913	3.79208	5.42723	6.85816	6.19684	11.6631	4.83201	0	0	1.19022	3.40472	5.80094	1.74717	6.53955	3.73804	1.19022	0.56114	0.904796	3.06044	1.4304	0.396789	3.44134	4.96895	6.79698	5.5098	6.55642	4.44167	2.07613	1.24201	5.77413	4.04758	1.88578	8.6981	5.22556	1.07929	0.904771	2.22249	5.35514	8.81829	2.52043	8.79053	0.793585	6.26391	2.30576	6.61483	1.43037	1.27941	3.88587	1.82636	10.9	10.2736	5.88598	3.17112	4.13554	10.4267	10.1973	7.26273	7.82752	8.47428
12.39	4.83501	2.41206	3.54869	9.51637	8.3112	2.1283	4.76681	8.67292	7.02872	3.2586	3.92173	6.40296	6.79429	4.6574	1.67345	3.19559	6.55802	7.76155	6.47985	7.41934	12.7806	15.4845	12.2184	6.82159	2.22216	2.46997	4.26541	6.18361	3.82467	6.90693	7.48522	1.88558	2.71231	5.06796	3.51775	3.93352	4.51437	2.13562	1.2793	1.13605	1.80896	1.78269	1.88558	3.40918	4.25075	2.52021	3.25862	2.76948	1.80896	1.43026	1.13599	0.354876	0.17744	0.501851	1.07919	1.59655	1.12211	0.904706	1.29155	2.46988	3.38606	3.73781	1.85186	2.886	2.2711	1.24189	1.74701	1.03451	0	0.501877	1.75597	9.39242	7.72964	2.70643	3.38596	0.561089	1.19011	4.38452	3.93352	0.887131	0.561106	0.731574	3.29685	3.51757	0.887153	1.29158	1.43028	1.58664	2.00663	0.501851	0.561089	0.17744	1.43026	4.35595	5.55137	3.06015	2.41199	4.25442	3.04999	2.53892	0.532306	3.8855	1.59655	1.91855	2.55744	2.65969	1.85186	0.532306	0.561106	2.02224	1.43026	1.06452	0.396754	1.63546	1.43026	2.70643	3.31121	3.49091	2.02232	1.25452	1.19011	2.3859	3.79194	2.31229	1.77384	4.31272	3.65297	2.76948	4.04721	2.19377	1.82628	3.23451	2.1283	2.16485	1.50524	1.63543	2.4635	1.03456	1.67345	2.24328	3.75445	4.89586	3.13619	1.98303	1.88549	7.55057	6.56499	5.41521	4.53856	2.53895	0.887153	1.4303	2.70074	2.8643	2.1283	0.561106	3.19552	3.72522	2.83672	1.07921	0.709725	0.955439	0.904706	1.68289	0.731574	1.07921	1.67345	2.13568	5.33432	8.34775	4.87018	3.19548	2.8861	4.38102	5.20419	0.25093	1.74701	2.66558	3.40459	4.67425	5.52906	4.32375	4.51458	4.28014	3.9614	3.33011	5.14411	4.72391	0.887153	1.2545	2.8643	3.00857	2.37929	3.96128	2.52021	2.16485	3.19546	3.37214	5.10773	8.3754	10.0127	9.59555	2.31227	0	0	0.532306	4.15018	6.62125	1.46291	7.34605	3.06015	1.60638	1.27936	3.04984	3.73778	1.91042	0.396754	4.39875	7.10067	0.79347	5.64325	5.26098	1.27936	1.58664	3.54428	6.72558	4.25444	4.25804	6.95801	3.73781	5.77386	6.51561	6.99597	9.31316	7.42958	6.51766	7.37112	3.82467	3.88954	3.26825	5.77362	1.77379	1.13605	3.14114	3.44121	10.302	13.3257	5.83254	0.396771	8.46955	12.2471	7.60356	3.40918	3.49091	6.7602
9.11082	8.89971	8.2736	5.9298	2.02214	8.68632	10.7195	7.46203	2.46967	9.25326	7.76681	5.75702	1.74686	6.65822	9.93592	7.41233	2.65953	4.8344	5.30153	3.90133	4.42685	2.2709	9.72042	14.9184	14.7741	11.3924	4.83123	1.98286	7.66514	6.63704	2.7004	6.88845	6.20583	3.96105	0.396736	1.95895	2.75222	4.14982	1.91838	1.82604	0.731492	0.56104	1.43016	1.85175	3.01344	4.65707	6.5575	3.25846	3.40412	1.25435	0.396719	0.56104	0.73151	0.887075	1.3855	1.91847	2.24315	2.14287	1.77373	1.29147	2.13543	2.93428	2.93428	2.51999	2.46329	2.31207	1.63535	2.53862	1.46275	0.396719	1.58656	2.4887	8.83743	7.00162	1.25435	4.2796	1.77364	2.58163	5.20378	3.49047	0.709663	0.639703	0.793434	3.32969	4.43726	1.03442	0.7934	1.00354	0.709663	2.1355	1.95897	1.12197	0.532259	1.67331	4.28687	6.04616	0.396719	4.51401	3.48151	1.88542	3.36259	3.58797	3.82434	2.02209	3.88519	1.60624	1.51554	2.16466	0.793434	0.752686	1.19001	0.396736	1.19006	1.43016	0.354845	3.05994	3.1707	1.46278	1.43014	2.37908	2.27101	3.88516	3.19034	2.80314	4.46881	3.25351	2.61776	2.51999	1.06443	3.75832	2.80314	2.55722	2.66535	0.887053	2.37898	1.85175	1.29147	1.19001	0.7934	0.73151	3.01856	5.38015	3.68678	2.27101	2.9504	1.43018	5.14357	6.88609	1.03447	5.55384	4.2098	3.17056	2.12812	2.46975	1.74692	0.639703	1.98284	3.92127	3.19524	1.68274	0.639703	0.396719	0.887031	1.51554	1.59641	1.51554	1.00359	3.58797	4.67387	6.19572	6.725	1.52594	1.88542	4.67387	4.64704	2.97147	0.396719	1.27918	1.13589	0.639672	1.43018	4.34134	4.13494	2.85858	1.68274	1.19001	1.43018	5.06736	4.76622	2.36582	2.85853	1.29147	0.250921	1.43016	2.53862	1.51554	1.74686	1.51559	3.40888	4.28343	5.88788	6.32209	3.72488	0.177424	0	0	0	3.56592	6.38287	5.92987	5.92969	1.60622	0.904626	2.07576	4.59627	1.63529	1.60622	1.46275	3.91336	9.51867	9.41305	6.85717	5.23958	1.91018	0.709663	4.908	6.70196	5.50885	7.5053	11.3017	10.4338	9.70339	6.85717	5.49483	4.95865	0.7934	6.50045	6.24542	0.904626	6.63035	7.81037	4.72361	1.19006	1.13589	1.3855	6.20583	14.4393	10.1315	1.43016	3.81626	8.2194	9.94776	3.96098	3.04972	3.25848	2.97156
2.75193	4.63307	5.15228	7.88364	7.26665	2.00635	6.89448	10.0931	4.38018	5.55028	7.20922	6.53543	5.61985	1.25422	6.57313	7.63015	1.59624	5.30098	5.81541	5.52793	5.41149	4.77885	2.75193	7.19873	11.6319	12.9608	8.92068	1.18988	6.16487	7.80726	1.63514	3.01831	4.76585	6.39922	4.60272	2.06804	2.76894	3.04925	1.63512	1.51538	1.24165	0.560998	0.250882	1.03431	2.25678	1.03436	4.60601	3.38541	1.91818	1.77345	0.396677	0.177406	0.177406	0.560998	1.60607	1.67321	1.77349	1.29134	1.03436	0.396694	1.12185	2.33214	2.6827	2.19329	1.78234	2.48213	1.98265	2.36552	2.19335	2.53836	1.68251	1.25424	6.89428	6.4855	1.91005	3.44038	3.15535	2.94995	4.44033	2.24285	0.709588	0.501781	0.532203	2.88544	4.50659	1.88512	1.25422	1.35081	0.560998	0.731415	2.27066	0.955255	1.25426	0.560981	4.78199	6.24721	0.752607	3.73699	3.38538	1.8515	1.67321	3.10038	1.82593	1.75564	3.01824	1.42999	2.07554	3.38531	0.79335	1.59624	1.68251	0.250882	0.752607	0.904513	2.25678	3.98022	2.00635	2.70012	0.177406	1.74667	1.2913	5.50811	2.61749	2.68266	5.2241	3.15535	1.67313	2.4115	1.35081	2.97116	1.95071	1.35086	1.59624	0.886982	1.78232	1.5864	1.42996	0.904531	1.82585	0.88696	3.04925	4.67315	4.20923	1.95071	1.13578	1.24165	3.40837	7.1663	4.91699	4.26463	5.09439	5.01112	2.25678	0.731433	0.88696	0.396677	3.00784	4.32271	2.30499	0.639636	0.793317	0.177406	1.25422	1.91818	1.18988	1.82585	1.95874	3.03385	2.12789	4.32271	5.14301	1.18988	2.38531	1.63518	1.13583	0.731415	0.95529	1.2913	1.46259	1.29134	1.67313	1.43003	2.02193	0.904531	0.177406	1.00348	2.53843	5.96298	5.48564	4.19825	3.32947	2.12789	0.177406	1.52571	1.35081	1.079	0.709588	1.18988	1.25428	2.16454	2.19335	0.95529	0.354808	0	0	0	0	1.59624	3.92098	3.79121	2.31183	0.639605	0.396677	5.69398	3.5436	2.06795	1.88522	1.60605	2.14265	5.62007	6.71305	5.25992	7.03393	3.73706	1.42999	5.50246	7.82883	5.10662	3.15551	6.39922	6.1551	3.92098	3.58742	1.82585	0.95529	3.36223	3.65232	5.13088	5.38829	5.72678	3.73716	1.12189	0.501781	1.77349	2.50723	7.73417	10.6166	1.98263	3.58317	2.13532	6.13461	8.59852	2.90711	0.639636	1.06431	1.5864
1.25413	2.80251	2.1931	4.91656	8.81523	7.75955	3.04914	7.5729	7.75138	2.6352	5.98055	6.01161	6.71216	3.40808	4.85918	7.8926	3.20934	4.53381	5.52453	5.25924	4.17904	4.51319	6.6498	2.30488	8.36724	12.465	10.7072	3.01798	4.95757	7.44386	3.79069	1.13573	2.58113	4.61575	4.34051	4.10752	4.45754	3.73673	2.69988	0.731351	1.25415	1.25413	0.250873	0.904434	2.22153	1.38516	2.31158	3.32905	1.29122	1.67298	0.396643	0.250873	0.396659	0.886882	2.0217	1.4299	2.1931	0.904434	0.560932	0.532156	0.709526	1.5961	2.02175	2.41131	0.354777	1.58619	2.15701	2.13509	2.02175	3.8236	3.01807	1.95859	5.64141	5.66071	3.88459	2.36537	3.09997	4.67609	3.88444	1.46246	0.532156	0.25086	0.560932	2.5195	5.25332	3.48084	3.03362	2.48824	1.25417	0.250873	2.14238	1.52565	1.68242	1.24154	4.50619	6.62874	0.560949	2.80251	3.63477	3.32905	0.396643	1.80845	2.07543	2.46919	1.5961	2.58113	3.02838	4.14902	0.17739	0.793247	1.98245	0.88686	1.67306	2.16435	1.90981	3.96017	1.07889	3.19456	1.58619	1.80842	1.51525	4.76528	3.88459	4.25697	3.8236	1.52557	2.22163	3.91261	3.61324	1.63497	1.68236	1.07891	1.24154	0.63958	1.12179	1.4625	2.58106	1.58626	0.955172	1.07889	1.51525	4.08841	4.98274	3.38508	2.50706	1.29122	3.40808	7.44386	6.01931	2.50701	6.25163	5.79882	1.90981	0.639549	1.4299	2.00618	3.02838	4.00724	2.16424	0.17739	0.731351	1.18983	2.12771	2.15701	1.06422	1.42986	1.85134	2.13502	1.25413	4.20886	3.90048	1.60591	3.09492	1.80842	1.41883	0.886904	0.396659	0.88686	1.25413	1.85139	3.73673	3.10011	3.38512	2.30479	1.78217	2.22163	1.78219	5.39067	4.42583	1.06422	0.532156	4.16787	3.15524	3.19463	1.60591	1.03427	1.13573	1.78219	1.68242	0.904434	0.396643	0	0	0.532156	0.752581	0.532156	0	0	1.29119	1.18983	1.12176	0.396643	0.25086	6.87575	1.42986	4.99516	2.65902	2.61738	1.95859	0.752581	1.07891	3.42185	7.30404	4.71262	1.24154	5.90749	8.74384	4.39752	0.250873	2.07536	1.78219	3.8236	4.98269	0.532156	3.05935	1.60593	1.25417	5.48514	8.39657	6.47798	3.79088	0.25086	1.13573	3.02838	6.22444	8.18991	6.74655	2.00618	0.50171	3.09502	6.18454	9.89123	7.27475	5.39958	6.65695	8.16214
3.25255	2.77409	3.23329	1.78202	3.13998	7.10483	6.61902	1.2788	7.93847	4.86854	3.09965	6.00073	7.66291	5.06583	1.80824	6.92006	8.42696	5.4135	2.6586	6.24618	6.59778	0.560875	5.4845	2.5379	5.85415	12.5769	12.1989	4.92874	3.63439	7.05223	5.59104	2.02149	2.1275	3.25255	2.13488	3.90022	4.98219	3.88805	3.54283	0.752515	1.27889	2.24252	2.7686	2.63505	3.0946	2.02146	1.46232	3.01778	2.22144	0.177373	1.03418	0.731302	0.532105	0.904344	1.91781	0.396624	2.31134	1.18965	0.560875	0.501693	0.904368	1.74634	1.38511	3.58252	2.85778	1.13563	0.904344	1.90971	2.61714	4.16757	4.64573	4.24916	5.20226	4.72227	5.45921	4.04203	3.37085	4.82974	3.09965	1.29106	0.639523	1.13556	1.07881	1.74634	5.74983	4.01461	2.00586	1.67281	0.886826	1.88489	2.24252	1.38511	1.63492	0.560898	4.90655	5.88321	1.25401	2.68216	5.54923	3.54283	1.46232	1.78199	0.560898	2.37828	1.35062	1.46232	3.40311	3.88401	0.560875	0.354742	1.60575	2.70539	1.06412	0.793165	0.904344	2.90655	2.51924	2.61699	3.43972	1.51509	1.74643	3.95992	3.88424	1.38511	1.68219	2.0216	4.27857	5.55226	5.94096	0.532105	2.1568	0.250851	0.904368	1.18972	0.904368	0.532105	2.13488	1.63492	1.38501	0.79321	1.24142	3.40792	6.19398	5.68218	4.53704	3.88428	4.07272	5.25869	5.17834	3.32888	5.41313	5.69287	2.07524	3.13998	2.88509	2.51941	2.84119	3.5296	2.07515	0.560898	1.03418	2.36515	2.5809	1.80829	0.79321	0.95512	0.886797	1.42969	1.51509	3.75302	1.18965	3.5606	4.63223	3.72391	3.1944	2.07524	1.07881	1.03418	2.006	2.30467	3.5296	2.68221	3.8962	4.7484	3.95976	3.97965	4.13378	5.06589	4.59148	0.396624	3.09463	5.58281	3.40334	4.89404	5.15747	4.89414	3.80289	3.26717	4.17888	4.26386	1.60575	0.709458	1.90971	2.61714	1.90971	1.35055	0	0	2.16402	0.639523	1.88476	0.177373	0.177373	5.38728	4.14887	5.50721	2.63508	2.51941	1.75542	1.25406	1.2911	3.51622	9.93881	6.99309	3.13986	7.50279	8.04375	3.15475	1.85122	3.13998	3.75318	2.30467	4.9192	5.83033	4.01489	2.02149	3.58244	5.14234	9.18649	8.20434	5.81431	3.23329	3.93202	8.64141	9.07998	5.68218	2.2213	2.65878	3.63439	4.07654	5.22637	9.63164	11.7321	12.1693	12.4301	11.597
9.38031	8.12106	7.91461	3.93174	4.20821	6.40236	5.12959	3.38443	4.59463	7.58988	4.17844	3.72338	6.16316	6.41908	3.52938	0.709389	5.25851	7.4345	4.60135	3.01228	7.97814	5.15085	4.82938	3.99481	4.25241	12.0464	13.393	7.18367	1.03402	6.40211	7.50213	3.25226	2.37807	4.70182	4.27813	3.15463	4.39668	4.63162	2.70515	1.03407	0.396566	0.731229	1.58595	2.46872	3.34248	2.36486	0.793128	0.955022	2.31118	2.38465	2.31125	2.75123	1.52535	1.12157	0.73121	1.63474	1.9821	0.886689	0.532054	0.396583	0.396566	1.12154	2.61676	4.3969	5.75766	3.48026	1.58595	1.1896	0.752436	1.03407	3.23304	4.96614	5.55162	3.13966	3.5647	5.39855	5.49272	3.89985	2.86284	1.42959	0.639426	2.97033	3.86769	5.94065	6.74548	2.48144	2.30435	2.31118	1.67274	1.6056	1.13546	2.58064	4.91584	5.35219	6.95475	4.51225	1.38489	1.77295	5.16573	3.78589	2.24229	0.532054	1.42961	1.25391	0.501614	1.51495	3.40742	2.38465	1.67274	3.01235	3.5427	1.78183	2.13472	3.52938	2.84092	3.34248	2.46234	0.639426	4.43556	3.007	1.38496	1.95819	2.30435	1.90945	0.73121	0.886689	2.13466	5.40987	6.65544	1.60562	2.22111	1.67266	1.63474	1.50461	1.42959	1.13546	1.25391	1.52528	1.77295	1.35048	1.9821	0.396566	3.26666	3.54703	5.202	6.13322	5.39855	1.90951	2.58064	3.34264	3.36119	3.88369	3.13471	3.0279	2.13472	2.06746	2.84092	3.20868	1.95821	1.58595	1.74625	1.95819	1.06402	0.354708	0	0.532054	1.35048	1.9821	3.38436	1.91764	2.24229	4.2634	4.77752	3.43959	3.38443	2.41082	0.954988	0.396566	0.501614	0.396583	2.75116	3.05876	2.84092	5.02834	5.88532	4.0376	4.03775	4.42515	2.97033	0.886689	4.42498	3.88367	1.25387	3.29546	6.61849	7.30302	7.10201	6.00299	5.50686	6.71103	4.72169	2.8409	4.20818	2.77396	2.16383	1.63466	0.177356	0.731229	1.63466	0.886734	1.67266	0.250812	0.177356	2.30439	3.25723	2.30439	0	0	0.354708	0.50164	0.354708	4.64507	11.5373	4.75451	7.02536	9.50373	6.2604	0.955022	5.06553	6.49349	6.72266	6.18351	8.48018	7.93194	3.56025	4.12937	5.27595	3.7528	7.48598	8.97283	11.1426	3.40757	12.438	12.3236	6.95284	2.55624	1.98216	3.65141	5.61833	3.09432	0.560841	2.53772	4.99439	6.04416	5.45865	3.48926
7.70967	7.82238	8.9364	10.2185	7.76287	5.59027	6.31912	4.8291	2.71078	4.76392	4.14426	2.26994	2.86255	5.37766	4.42467	4.2556	3.01708	3.01718	7.08583	2.33122	5.00611	4.14407	3.42084	3.6509	2.65818	10.6126	14.374	8.71333	1.41842	5.53417	8.5935	3.83059	2.00548	5.62595	4.70134	3.72311	1.75496	5.4607	2.19246	1.29081	1.13534	1.29081	1.03398	2.53739	2.26979	1.9819	1.60544	1.03391	1.82515	4.382	2.53742	3.01718	1.52522	1.13542	1.27856	0.731161	0.904169	0.250785	0.396548	0.354674	0.177339	0.752317	5.24882	3.89945	5.10469	3.6509	1.25377	1.60547	1.68194	1.82515	1.25377	3.47982	5.31947	2.68165	1.91756	3.43928	3.88353	2.76807	2.85712	1.12147	1.8844	4.19646	4.85784	6.1928	5.92441	4.14426	3.81427	2.50627	1.27864	2.86269	3.54669	4.1778	3.52892	5.23705	9.35638	5.30774	1.42942	2.22088	3.93126	1.82515	1.13542	1.06391	1.77277	1.06391	2.63454	3.54667	4.1778	0.731137	1.58581	3.89947	3.8996	3.43912	2.36462	1.35036	2.30411	3.97871	2.93285	0.752317	4.382	4.64459	0.396548	1.8844	1.42945	3.19382	3.25212	2.07484	3.40727	6.53545	4.82891	0.793057	2.13439	2.51876	0.752317	1.03391	1.63452	2.24199	1.29081	2.3844	0.793057	1.51487	1.24118	2.06715	2.58031	0.731137	2.61664	3.38424	3.38424	3.54669	1.63457	0.396525	2.19246	1.03391	0.56079	0.639359	0.731161	1.52522	1.958	1.91744	1.27856	1.42945	1.03398	0.95489	0.501561	0	0	1.18942	1.60544	2.94881	4.26286	0.396548	1.958	3.40707	3.97867	0.886656	4.01384	3.68498	1.0786	1.03398	1.35036	0.886656	1.746	1.67259	2.37796	3.56418	6.49729	4.78016	2.36462	1.68194	0.886626	0.793013	4.67136	3.09905	2.51876	4.19646	2.86269	3.49345	4.70155	4.35369	3.01208	5.77839	6.51394	4.11759	3.23267	3.78956	2.70487	1.27856	0.396525	1.29081	0.396548	0.532003	0.501561	0.793013	0	0	0	0	0	0	0	0	0	4.32105	11.0282	4.9813	8.50788	9.12301	3.36085	4.22241	4.54972	3.93135	2.02118	2.02121	7.58291	4.07194	3.959	4.4351	7.36691	5.48345	4.70155	9.34349	13.3172	5.6483	13.6975	7.75719	3.25691	2.66406	3.72311	4.59421	4.08727	1.41842	0	0	1.18942	1.25379	1.42945	0.793013
4.2516	3.55953	4.74706	9.28062	10.3871	8.89465	9.02376	7.3499	2.02097	3.97851	6.36726	6.75575	6.535	6.21223	4.13249	2.94855	3.6506	2.021	4.37093	5.15592	6.72131	5.72409	5.14986	6.03005	3.15402	8.47832	14.2729	9.96947	3.36525	2.77331	9.11892	6.30357	2.02097	4.87969	5.20079	3.54635	1.06381	5.02737	2.13425	2.33104	2.48728	2.36446	3.40691	4.90538	4.68444	3.01691	2.36446	2.66383	0.904104	3.97835	4.30635	3.02732	1.1353	1.03387	1.85063	0.531951	0.39649	0	0	0.35464	0.501543	0.639302	6.00154	4.2844	4.51146	5.55065	5.06769	3.00657	1.77266	2.48726	2.16352	2.68139	4.14743	2.15618	2.24186	1.12136	0.39649	1.03387	2.48726	1.7727	3.23237	5.76978	4.91783	4.26249	3.26603	2.5061	4.96519	5.10435	5.27521	4.89269	1.27851	4.96522	7.19536	4.31	8.23329	6.1519	1.67234	2.51853	3.01682	1.25367	0.886541	1.13524	1.52499	1.91727	2.70463	3.3699	6.30357	2.61637	1.85068	2.41036	0.886541	3.48846	5.00591	6.62655	5.5227	2.41046	2.65793	3.42065	3.58575	3.4795	2.90588	0.709253	0.792975	1.24106	2.31074	1.98171	2.1342	4.63074	2.50605	2.07456	3.36989	2.13426	0.639302	1.52499	2.14155	2.02092	1.68172	2.53716	0.792975	0.531951	0.39649	2.88408	2.02089	1.63434	1.88423	1.07849	1.07847	3.29467	1.68172	0.250777	1.60531	2.38431	2.46198	1.88433	1.98175	1.7549	1.68177	2.13425	2.12689	1.77266	0.792975	0	0.792975	1.27851	1.63443	2.31075	0.904104	3.51524	3.40677	1.98177	1.59549	2.25572	3.4795	2.75643	3.25646	3.32777	1.85068	1.52506	1.82507	0.954838	1.12132	0.39649	0.904104	2.41038	5.97832	6.18218	5.85011	5.22187	3.09385	1.1353	4.13234	4.82839	5.83142	5.83408	1.63443	0.954804	1.18932	1.58558	2.06707	6.13183	7.65284	5.35117	2.68143	4.48025	4.72089	4.42435	5.49167	6.33071	6.8645	6.48275	3.75208	1.94979	0.709253	0	0	0	0	0	0	0.709253	1.90915	3.26608	8.36406	4.48032	8.8738	7.1823	0.954838	5.8737	3.25646	1.95782	3.51542	3.65071	7.09179	7.97303	9.43825	8.46787	8.49468	5.22463	2.02089	7.25051	10.7592	9.05232	10.5948	3.64628	1.77266	3.42065	3.8991	2.331	1.18932	0	0	0	1.18932	1.25367	1.25365	0.639333
3.73498	3.1882	3.81354	4.91417	7.13452	8.66486	8.97566	9.0295	8.15781	5.14025	6.2885	6.70932	6.4965	5.54744	3.38359	0.73102	2.33082	2.36424	1.03378	4.85712	6.26379	5.0917	4.74684	6.53185	3.65035	5.52184	12.1603	9.96847	4.763	2.30367	7.82057	8.46673	1.75474	2.63388	3.03217	2.63407	2.37737	4.03635	1.63425	2.19211	2.65767	2.66357	4.42735	4.71063	6.22146	3.75579	2.14145	3.0166	1.68155	1.85051	3.81372	3.02704	1.29061	1.25355	1.24094	0.396471	0.177305	0	0	0.354606	0.5015	0.177305	6.00091	5.76918	2.80127	4.83138	5.31871	4.24753	2.15597	1.74576	2.13412	2.13406	2.41011	1.27839	2.24166	1.80754	0.177305	2.02072	2.30373	1.90897	3.43846	8.23243	4.67046	2.76735	4.75965	1.50419	3.9584	4.7632	5.27475	5.31871	5.39671	3.95847	7.1947	4.54899	5.76918	6.39777	1.91707	2.51827	2.02068	1.03378	1.98149	1.38448	0.560659	2.65758	3.93051	2.51844	6.72048	3.36958	1.74576	0.396471	1.07837	1.27839	5.53617	6.61665	5.69922	4.20685	2.33082	3.78489	1.68162	2.02079	3.58114	2.55535	1.06371	1.85044	1.95765	3.09341	1.38448	4.87918	2.50579	3.73484	4.16585	1.85051	0.177305	1.52483	3.09845	1.60513	1.68155	2.30367	0.792904	0.396471	0.177305	2.63388	2.02068	0.886425	2.63388	2.07435	2.70435	3.78884	1.68155	1.03371	1.60516	2.41027	2.53703	1.9816	2.13406	1.75474	1.52493	2.33077	2.12668	1.4618	1.06371	1.00285	0.792904	1.4618	1.67227	2.31054	1.68155	3.51487	1.25355	1.88417	1.18926	0.752173	2.02079	2.75619	1.25358	1.78131	2.30373	1.68162	1.82491	2.30367	0.5015	2.13398	0.90402	1.78131	4.08644	5.37675	5.58927	6.09846	4.43787	1.78131	3.38335	7.96604	7.57138	4.70065	3.75158	1.67217	0.5319	0.709185	2.5059	5.52479	6.35922	4.32051	2.13412	2.77318	4.72046	4.38146	5.87338	6.39817	6.99734	7.53702	5.9257	2.53693	1.58542	0	0	0	0	0	0	1.58542	2.85657	2.15602	5.1642	3.63325	8.25301	4.10549	3.01132	5.64696	1.60516	1.95763	3.91878	4.60342	4.74684	8.50671	9.07672	8.11316	6.09089	2.48705	3.0165	4.77924	5.81234	8.88874	5.99863	1.80754	1.77249	3.13383	3.0115	1.51458	0.5319	0	0	0	0.5319	1.03378	0.752225	1.74567
1.98133	2.50562	3.19279	3.73458	3.09314	2.65735	2.33056	5.74713	9.67227	9.54492	6.66013	2.69843	0.501421	0	0.396414	1.98137	2.55525	2.33059	1.67202	2.15577	2.8343	2.53669	0.250728	4.51059	4.77569	2.57957	10.3516	9.59678	4.93275	5.49047	5.65746	8.1402	0.792789	1.46162	1.07828	1.63403	3.49226	2.65735	1.27826	2.76725	4.08613	3.09325	4.1429	1.88397	6.47408	4.43386	0.886348	2.13379	2.1558	3.15342	2.02061	1.52469	1.605	0.730947	0.396414	0.177288	0	0	0.177288	0.560608	0.250728	0.531849	5.75252	5.9041	1.52477	1.85033	3.26545	4.43738	1.68139	0.250728	0.560608	1.25341	1.51437	1.58534	2.77289	3.19281	2.41002	3.75543	2.46777	1.13502	2.88353	8.872	4.47588	3.19281	5.87257	2.77289	2.46785	1.78116	1.51442	2.80089	6.87182	3.61116	4.71988	3.81319	5.12749	6.39721	1.50395	3.48779	3.20749	3.54134	3.6968	0.886392	0.886392	2.92134	4.62994	3.86621	5.54664	3.58506	2.02061	2.30355	2.13384	2.4099	3.73451	1.25343	1.60498	5.87264	5.82771	4.27649	2.90532	1.95744	3.15326	3.38306	1.42904	2.19184	0.560625	3.4015	0.354572	4.91374	3.16813	4.13155	3.89824	1.06361	2.26927	2.96919	3.75536	0.886348	1.38436	2.13379	0.639179	0.250715	0.250728	2.75576	2.02051	0.886348	2.50557	2.37715	3.19272	4.14663	1.2782	1.77227	2.06657	0.354572	0.886348	0.88637	1.46162	0.354572	0.354572	2.22025	1.34991	0.250715	1.18909	1.42901	0.250715	0.88637	1.38443	2.40999	2.65741	2.80087	0.250715	1.07826	1.27826	1.38443	1.13508	0.792823	1.67202	0.396414	1.58528	1.24082	0.560625	3.01624	1.18909	2.83981	2.94813	2.70424	2.31031	2.46777	1.42906	3.00584	4.26177	4.28008	3.36924	9.59678	7.52992	0.954655	4.8915	2.50557	0.954655	0.88637	2.26915	3.63268	2.65741	3.43826	3.01112	1.12114	2.48048	2.70424	4.07459	3.75549	2.96927	5.445	7.52999	4.53468	2.13379	0.177288	0.250728	0.177288	0.177288	0.250728	0.177288	2.85625	4.20646	1.82472	2.07416	3.26553	5.37606	1.13508	4.97983	4.35223	0.95462	2.77277	1.88387	2.90518	2.40999	4.93275	2.19189	1.80737	0.639179	1.605	4.68345	3.03183	1.52469	1.59518	3.34135	3.64574	3.89433	2.1558	0.709116	0	0	0	0	0	0.177288	1.07828	1.42908	1.25338
1.42893	2.5054	2.40978	4.33754	4.7621	3.8979	2.96893	2.25509	5.36711	9.1748	8.47623	5.58798	1.50382	1.00268	0.88627	1.74543	2.55503	1.8838	0.396396	1.27815	2.83405	3.64956	2.02033	2.80074	5.32925	1.77216	9.14128	9.59596	3.72169	4.95442	3.89801	6.42558	1.27809	1.06351	1.24071	2.88328	4.22086	0.954537	2.15558	3.02647	3.97737	2.94787	3.69637	1.98122	6.70774	5.87994	1.63389	1.38424	2.15561	3.13323	3.40586	0.560558	1.60486	1.07817	0.177272	0.396379	0	0	0.396379	0.560558	0.250706	0.396396	5.25576	4.66965	1.6813	1.74543	3.69637	3.75091	0.903851	0.250706	1.52456	1.2533	1.29033	2.92108	2.704	2.74993	2.63353	4.59234	3.88587	1.38424	2.63342	7.65058	3.61084	3.36431	5.64597	2.704	2.25521	1.42895	1.38431	1.95727	4.64288	2.83405	4.71947	2.12629	6.3676	6.15019	0.501377	4.91331	3.90998	3.813	3.26529	3.49195	0.954571	2.12629	3.43792	4.2797	3.99293	4.0434	2.02043	2.22016	3.19247	3.15298	2.07398	2.46755	1.60484	4.08578	5.82721	4.03585	2.88343	1.95727	3.40121	2.1336	1.63391	1.98116	1.34979	3.15298	1.27809	4.43347	4.12742	3.38276	3.64953	1.90854	2.26907	5.06605	4.25398	0.639123	1.13492	2.38352	0.88627	0.752041	0.250706	3.25552	2.02033	1.63389	1.50382	1.90854	2.46118	4.39461	0.79272	2.26895	2.06639	0.354541	0.639123	0.639154	1.06351	0.79272	0.79272	2.46118	0.903832	0.250693	1.42889	1.18899	0.250693	0.639154	1.51429	2.16291	1.98122	1.34979	0.250693	1.74536	1.46153	1.42895	1.18903	1.06351	1.91673	0.177272	0.709054	1.07819	0.560576	3.01598	2.40969	1.91683	3.01093	2.63356	1.82456	2.02035	1.98116	0	2.85613	5.13927	2.70975	9.59596	7.28871	1.24071	4.64288	3.50535	1.42891	1.98114	1.77212	2.88328	2.33039	3.49211	4.8656	1.12104	1.77221	2.77265	4.07423	4.07425	2.63356	4.07041	7.74629	7.58614	2.38352	0.396379	0.250706	0.396379	0.396379	0.250706	0.396379	4.31947	5.31751	3.05727	1.63391	3.55857	2.88332	2.86149	4.76215	2.74986	2.65712	2.07398	0.639123	0.730865	3.19251	4.5102	1.91683	1.12104	0.177272	3.25555	5.31754	1.8838	2.51783	1.98116	3.95767	4.0358	4.2614	3.26517	1.58514	0	0	0	0	0	0.396379	2.07398	1.38431	1.25327
1.42876	2.33011	1.84997	3.64917	4.39415	4.33709	4.47861	3.56264	1.91663	4.53034	7.00154	6.31579	3.55816	0	1.0634	1.07806	1.29023	0.639087	0.560517	1.3497	1.84992	3.04664	3.18728	2.46103	2.63315	3.69609	6.94859	7.52849	4.2537	4.85562	2.0202	4.42606	4.77804	0.886199	1.12089	3.64915	4.07371	1.82437	2.83926	1.46134	1.77193	1.27795	2.65684	1.25318	5.12651	5.92138	4.42261	3.64931	1.80706	1.41774	2.40943	3.01582	4.85569	2.90476	1.1348	0.560517	1.42878	1.88361	1.03347	0.5605	0.396354	0.50135	3.92941	4.08527	3.49175	3.29356	3.19218	1.46134	3.19226	3.29356	1.84997	0.501324	1.0634	3.23112	2.5177	2.30985	2.02012	4.17583	4.61212	1.84992	1.75413	5.93702	4.59199	5.09021	7.16046	6.53251	6.26201	6.1196	5.13889	3.1329	2.69781	2.06617	3.61054	5.49806	6.56766	4.01195	2.02022	4.52002	2.8557	2.50517	2.70372	4.36928	0.730806	1.07806	1.75413	2.94742	2.15539	5.0008	4.14225	2.13344	2.3098	3.78371	2.48633	3.25521	2.66278	2.77236	2.83375	0.396337	1.13486	3.09254	3.36859	3.8003	3.34071	2.92085	3.73397	6.64485	4.77815	5.54558	4.14211	3.90957	3.78371	2.30302	0.954471	5.937	4.07371	0.730806	2.33015	2.30985	0.903737	0.903737	1.03347	4.04298	3.01573	3.057	2.6569	2.63315	2.46738	5.48094	3.5845	2.48631	2.57908	1.51413	1.24058	0.354503	0.354503	0.501324	0.954436	1.63374	1.90841	0.730788	1.60469	2.07383	1.6338	1.18891	1.0634	0.50135	0.639087	0.730806	1.0634	2.24093	1.24058	0.903756	0.954471	1.41774	2.13344	2.65697	2.76671	2.15539	0.50135	2.55464	2.92078	1.98101	2.21992	2.13349	1.6338	2.19147	3.01575	2.0202	1.18891	4.2755	1.74524	8.33894	6.95077	0.903737	4.62896	4.13076	0.954471	4.08527	1.52447	3.56249	3.61046	2.241	5.37503	1.3497	1.34965	0.886177	2.13342	4.20576	4.00437	3.86546	6.39845	5.81045	8.5846	10.5344	8.54185	5.45552	3.38259	3.26495	5.39545	7.53485	4.42255	3.78778	3.38241	1.88351	1.25318	2.51757	4.07381	3.97696	4.06998	2.19147	1.0634	1.12089	3.48712	2.8557	0	0	0.396337	3.32649	4.97892	3.51407	1.42876	3.81246	2.57908	2.88297	3.92941	3.64488	1.58497	0	0	0	0.177253	1.07808	1.74524	1.34965	1.18891	2.07376
2.53596	2.13324	2.30286	2.53598	2.16239	3.03102	4.08499	4.13054	2.83901	5.51982	6.01418	4.47463	4.81	3.005	1.06331	0.730742	1.42866	0.886122	1.34953	1.34958	1.24048	1.12079	2.37659	3.03102	1.1347	3.34042	3.54026	3.52694	4.25333	4.59159	6.24138	3.25504	7.57869	2.94716	1.12079	3.89715	3.09731	2.30966	2.32994	0.792601	2.26852	0.792567	1.91637	1.03338	2.38306	3.89324	4.54727	3.99225	2.50491	3.16724	0.954353	4.80357	4.85526	5.02819	3.38211	1.82412	2.86094	1.91646	2.01997	0.560451	0.5317	0.501306	1.74502	2.96844	3.4373	3.29328	2.1333	2.37649	3.64897	3.58418	2.13326	0.50128	0.792601	2.07365	2.51748	3.58406	3.0154	3.43714	4.61172	2.07358	0.250645	3.3683	4.36906	4.82633	6.32772	6.60711	6.26146	6.12917	5.5453	3.92919	1.12083	3.04638	3.61022	5.58713	4.3512	0.250658	2.14063	2.40925	1.46121	2.06609	2.77211	2.66255	0.639031	0.886122	3.2549	2.70336	2.1552	4.12682	5.66416	3.52694	0.560468	3.1919	3.43718	3.25492	2.02002	3.09237	2.00446	1.88334	1.18881	2.86094	2.30971	3.64902	3.34042	2.9206	3.88127	7.57881	5.36608	7.64915	2.8555	3.90923	3.1919	0.954387	2.30282	5.45766	3.09731	2.21963	2.83901	1.52434	0.560468	0.560468	1.25307	4.50929	3.40521	2.8002	4.08487	4.8774	2.46716	4.80363	4.77761	1.74509	3.02578	1.63363	1.84975	0.354472	0.354472	0.50128	0.730724	1.24048	2.1552	2.90436	1.2531	1.98084	1.74509	1.13476	0.792601	0.501306	0.730742	0.639031	1.46121	2.24073	1.07798	0.903677	0.886144	1.41762	1.63366	2.86105	2.85558	3.26454	1.12079	1.58483	2.12589	2.07365	2.1333	2.21973	1.67163	1.91646	3.01548	1.75407	1.13476	3.35896	1.63366	6.11875	6.70643	0.903658	4.8774	4.37955	2.07358	5.10182	4.04263	5.2459	3.61015	2.2408	4.66878	1.34958	2.80009	0.639	1.78066	3.64902	4.12682	3.75031	4.59146	3.36832	9.71822	10.5506	10.012	6.88803	3.4373	3.34042	7.06243	6.8139	3.52704	4.28239	4.1304	0.639	1.03338	0.560451	2.93132	4.08499	3.30745	1.91646	2.37649	2.06599	3.95679	1.46121	0	0	0.177238	1.78064	3.52704	3.72106	2.772	4.74483	1.46125	3.63166	4.66875	3.64456	0.708918	0	0	0	0.396303	2.07358	1.84981	1.34953	1.59473	1.07798
3.51321	1.67138	1.91617	1.67138	1.28995	1.9567	2.66232	3.40487	2.96806	5.38552	5.05533	3.19153	6.48825	6.03417	3.69543	2.96817	1.52421	0.396284	2.57869	2.50478	1.77165	0.954255	1.38392	2.409	2.65633	1.67138	0.903568	1.67138	2.409	1.84957	8.21745	4.61124	7.97776	5.85195	2.25457	3.01508	2.36305	2.13303	0.70885	1.27771	2.40897	0.396262	1.50338	0.177221	0.886036	1.84964	3.47763	4.4778	4.9998	4.99039	2.14032	6.89831	3.58386	7.56775	5.30128	2.16217	3.40481	1.03329	2.01973	1.07786	1.29	1.13466	1.12073	1.63348	2.51726	3.29299	2.79998	3.74981	3.35862	3.6487	5.87062	4.71824	1.84964	1.68082	3.41873	4.59786	2.409	3.01508	4.01118	2.01976	1.34946	1.42852	1.98058	2.66232	2.79994	1.1887	0.354438	0.70885	2.63267	3.73317	3.04626	4.08452	3.74981	0.954255	1.60438	2.83874	1.58476	0.531649	0.75187	1.52421	1.51386	0.70885	0.354438	1.24036	4.03833	2.69729	2.86065	1.98066	6.09792	4.98102	1.60438	2.88248	3.86463	2.63267	0.886036	2.07337	0.531649	2.5357	1.42855	1.38383	1.80674	2.26843	2.83876	2.5357	1.77165	6.06749	3.57945	7.23363	2.15495	3.16692	2.07337	1.03323	3.73308	4.46367	1.68075	3.30703	2.57859	1.12073	0.886066	1.03329	1.6044	3.92865	2.65633	0.903568	3.58367	6.08012	3.09199	1.91617	3.72053	1.91629	2.5357	1.03323	2.25442	0.396262	0.501263	1.77165	0.886066	2.13297	2.2194	4.03833	1.12073	1.07788	1.42847	0.177221	0.730675	0.730675	1.03323	0.638975	1.58467	1.77159	0.354438	0.70885	0.396284	0.886007	0.396262	1.42847	1.46106	3.33991	1.42847	0.954301	1.90807	2.12568	0.354438	0.792486	0.501263	0.79253	1.98055	0.903568	0.560394	2.01973	0.751817	4.19368	6.94062	2.48587	4.98102	2.70308	4.78689	5.02769	5.58635	6.87823	2.36305	1.13458	3.5398	2.155	3.95644	1.50348	2.47955	3.97629	4.28223	3.5837	2.2194	6.94062	5.63602	2.70891	8.43207	6.76079	2.25457	1.6044	5.87035	3.95644	2.191	5.50251	5.92293	3.40043	3.40043	3.69529	0.792486	2.13303	1.1887	0.501228	2.16217	2.96806	3.49092	0.396262	0	0	0	0.396262	0.531649	1.84957	5.74493	4.56372	3.01517	5.65543	4.82571	2.77171	0	0	0	0	1.46106	2.74906	0.177221	2.5357	1.18863	0
4.5084	1.916	1.67123	1.916	1.51366	2.79957	3.01489	3.01489	2.32946	4.14468	4.07258	2.96779	9.43647	7.87469	3.95615	3.38157	1.95653	2.40876	2.2682	2.69715	3.0252	2.65609	1.4284	1.7803	1.916	0.954169	1.34927	2.90381	2.63243	1.24024	7.72543	6.56336	5.99508	6.64288	3.01491	1.03313	1.60424	1.63332	0.708781	1.77143	2.16197	0.177204	1.50324	0.396226	0.638908	1.67131	3.01497	4.62782	5.82484	6.15792	1.25282	9.31044	4.10322	9.66614	6.77603	1.42834	2.93064	1.03318	1.03313	1.74469	1.42838	1.18858	1.12061	2.13283	3.05615	3.29264	2.79969	2.67961	4.27431	4.62782	5.77428	6.78523	3.0917	2.70866	4.42131	3.69506	1.28987	3.01482	3.01482	1.60423	1.34932	1.28987	2.1908	3.8196	2.61463	2.1908	0.354404	0.708781	1.59443	2.88227	3.04594	3.544	2.67961	0.531598	2.93064	3.0304	1.58459	0.954169	1.25282	1.68065	1.38378	0.708781	0.792415	1.8494	3.79908	2.69705	3.09168	2.65616	6.32627	6.41593	1.25283	3.52626	3.64818	1.59443	1.07776	1.8494	0.954169	1.42836	1.38378	0.885929	2.50443	2.37613	3.38153	4.21924	1.77148	4.47736	3.30682	4.757	2.57836	3.16663	1.8494	2.01955	4.95239	3.24948	0.903503	3.0917	2.15475	1.12061	0.954204	1.25283	1.60424	2.70284	1.916	0.56036	1.6806	5.6135	4.20446	0.730584	1.95652	2.19086	1.42836	1.03313	2.75446	0.177204	1.12058	2.15475	1.63328	2.3826	3.43648	3.79908	1.12061	1.24024	2.16197	0.396226	1.28983	1.28983	2.01955	0.730602	1.58453	1.2776	0.354404	0.708781	0.531598	0.638877	0.177204	1.18853	1.90781	2.8549	1.18853	1.24024	1.77152	2.91996	1.77143	0.354404	1.12058	1.0631	1.74469	1.34927	1.52397	1.03313	1.25279	2.36283	7.17542	2.65616	4.50842	1.28983	5.78483	3.73286	4.71766	7.56708	1.25286	1.38371	2.55392	3.26392	3.55717	1.80656	1.77152	5.30389	4.50861	6.8977	0.730602	8.12139	2.79957	4.98058	9.11792	6.54697	3.01491	1.60424	3.92838	6.16546	2.63243	5.12823	6.54697	3.56165	3.56165	6.00276	2.26808	1.63332	1.42838	1.50324	0.531598	3.19124	2.30237	0.177204	0	0	0	0.177204	0.396243	1.24024	8.21302	3.58335	7.02158	5.48793	3.30682	1.24024	0	0	0	0	2.8549	2.5355	2.3826	2.30237	0.531598	0
5.74935	2.91977	2.6794	3.54366	3.86403	4.45251	3.75337	3.05586	2.70846	3.47684	3.24914	2.85461	9.44833	8.11306	1.52391	2.32928	3.54366	4.75979	1.90761	2.30214	3.19088	3.64348	1.07765	0.885866	1.78015	1.91592	2.69691	4.62739	4.85381	3.25413	7.36283	8.11315	3.26369	4.08368	5.41925	4.20424	1.2897	0.954118	1.25272	2.32928	3.19097	1.2897	1.41721	1.51357	1.52391	2.14002	1.98025	1.58436	5.40473	7.74257	2.07307	8.78947	4.24837	8.6234	6.86792	2.30906	1.68043	0.885896	1.7446	2.6794	2.53532	1.13444	1.00219	2.21898	2.16175	0.396208	1.24012	1.80634	3.50363	3.9081	3.81119	4.66737	3.81934	4.59029	4.10277	2.53532	3.6437	5.58551	5.7495	3.69472	3.13175	4.51857	5.38193	5.69534	3.76177	4.65088	3.92816	3.78658	3.38135	1.88291	0.396208	1.58436	1.77131	1.63317	2.94629	2.26784	0.638811	1.24012	3.00432	5.37332	5.16113	2.7657	1.28975	1.82358	3.13153	2.24007	3.41791	3.29214	5.24435	6.94596	2.94648	3.7533	3.47684	1.67116	0.792377	1.38366	4.01069	4.39277	2.69691	0.954072	2.30898	2.6144	2.66178	4.01041	2.65591	2.40864	2.01934	2.65582	2.30214	2.16175	1.42822	2.46635	3.40422	6.86836	8.11354	6.11988	4.51857	4.14453	4.62751	5.24468	4.9144	3.79891	2.63228	2.0039	1.84928	4.59012	5.61299	1.98025	1.41721	1.24012	0.638852	1.59427	1.75346	1.38366	1.94831	1.68043	1.68043	2.74862	4.61048	3.26359	0.396208	2.19058	2.32923	0.177187	1.5135	1.03303	2.40851	0.35437	1.2897	0.638811	0.531547	0.25057	0.560286	0.531547	0.501166	0.396185	2.30214	2.53521	1.60407	1.60407	0.638811	2.63213	2.21898	0.730534	1.98017	2.268	4.21907	4.64087	3.9081	1.41721	1.5135	0.73051	6.07384	2.85467	2.38235	3.81922	4.2188	1.67116	5.15189	7.0384	1.6805	0.903395	1.82369	3.19097	1.07765	0.885896	1.24012	2.70839	5.27117	7.0384	2.13991	7.57639	1.51357	6.03302	7.62278	5.15177	3.81922	3.30652	4.54598	6.97476	2.55366	3.16631	4.08368	2.51677	3.0964	4.74996	3.73251	2.7657	1.98025	1.1884	0.885866	1.68043	2.70846	1.60409	0.177187	0.177187	0.250588	1.07767	3.19106	5.92203	8.79137	1.25269	8.35772	3.63059	0.396185	0	0	0	0	0	2.77118	2.70846	3.2299	1.58436	0	1.063
5.34654	2.55356	2.83794	4.08335	4.27724	4.1628	3.47662	2.79912	2.70819	2.66153	2.53499	3.33898	6.50545	6.52682	4.50756	2.07285	4.08335	6.94752	3.33898	3.48994	2.45976	3.64316	1.74435	0.638785	1.42813	1.88272	2.50404	3.97509	5.15146	4.07191	6.03763	7.10527	3.89175	2.19043	5.00164	6.21678	4.42035	0.885803	1.03298	1.88272	3.78193	3.43582	1.00215	1.63301	1.52375	2.01927	2.88166	1.58422	3.90777	8.40076	4.0833	5.39267	4.43451	4.95145	5.22018	2.30882	0.903329	1.63297	1.8491	2.30202	3.00912	1.77996	2.00358	2.45976	1.42806	0.730443	1.07757	1.80617	1.50296	2.50404	3.53899	0.638785	3.404	4.072	3.05556	3.00912	3.64332	5.21742	6.70174	4.59654	3.41773	4.97668	5.38138	5.14547	3.76138	4.37448	3.97511	3.78618	3.43598	3.02982	0.730443	0.708645	1.46068	1.51342	1.74435	1.77109	0.17717	0.95402	4.24431	5.6099	5.86888	3.89175	1.13432	1.34901	2.38215	1.41707	3.64745	4.77566	3.56082	6.03248	3.00919	3.01433	3.47653	1.63303	1.46065	2.96722	4.58983	4.86297	3.90773	1.42806	1.52375	2.51651	1.75339	2.01916	1.98008	2.16167	1.03294	0.953986	1.63297	0.531496	0.95402	2.01919	3.4039	7.85985	8.16525	6.11925	4.39231	4.12903	4.6672	5.30299	4.87578	3.68169	2.40842	2.00369	2.30197	3.01433	6.03763	3.74875	2.23987	0.95402	0.885781	1.77996	0.751607	1.42813	1.77998	0.903329	0.903329	2.53509	3.90777	2.15437	1.42806	3.79835	1.51342	1.38344	1.28958	0.250562	2.16156	1.77109	0.730461	0.17717	0.396167	0.250548	0.560235	0.396167	0.501114	0.885758	2.53499	2.30193	2.01919	1.25259	1.88262	1.88262	1.51337	1.28958	2.70232	3.55649	4.1441	5.32625	5.58477	2.23987	1.28958	0.396167	4.12505	3.26329	0.885758	4.25158	1.63297	2.48513	5.95511	5.27052	1.52375	0.903311	3.05551	2.13248	2.45976	2.77093	1.84904	3.58269	5.54592	3.71957	5.05392	5.63445	4.11371	5.14533	4.91364	4.1925	4.25158	4.06807	4.97663	5.52063	1.58422	2.23987	2.19043	4.5076	6.03755	0.250548	3.0912	3.26336	1.67099	0.730443	1.07755	1.68028	2.70819	3.25367	0.39615	0.39615	0.250562	2.07279	5.02626	7.25941	5.78385	3.09613	7.13105	3.87961	0.17717	0	0	0	0	0	1.24	2.30882	2.07285	0.708645	0	2.37558
3.7856	0.560202	1.74417	3.73165	3.19027	1.97979	1.91543	1.27722	1.74417	2.01899	1.84886	2.76498	4.66651	5.26999	7.01744	4.6096	1.67073	8.35617	4.90998	3.15084	2.32878	4.12462	2.90294	1.52362	1.63289	1.77103	2.16148	1.52362	2.51612	3.40356	5.54241	5.79106	4.41989	3.58232	0.953934	5.39211	6.36095	2.37546	1.18824	1.13422	3.32458	4.00964	0.885666	1.0628	0.953934	1.03289	3.01402	4.07149	1.25251	6.32442	6.7011	3.19044	3.01392	2.07257	4.53122	1.95597	2.13961	3.52537	3.41742	2.1323	1.74417	1.68011	2.67884	3.20501	2.23974	2.23974	2.06511	2.5777	2.19023	0.73037	0.50107	2.00337	2.65531	0.396109	0.638688	2.07257	2.48489	1.18824	4.63973	3.91527	3.3667	3.71919	2.13223	2.07257	1.25251	2.67889	2.63178	1.52362	1.52352	3.13093	1.07747	1.52362	1.82334	2.30181	3.69401	3.79818	3.01413	2.30862	2.88131	2.83767	3.64711	3.13093	1.25251	2.01906	1.77978	0.708577	3.97451	5.34008	2.61375	5.38346	1.13415	2.01895	2.94573	0.50107	2.26741	3.24852	3.97454	1.91543	3.64708	3.22928	1.60378	0.751581	0.73037	1.00199	0.177153	0.177153	2.16133	0.560202	1.13415	0.354302	0.396109	1.13415	4.75559	5.69403	0.354302	2.83765	1.63285	0.638729	0.903221	0.885696	1.13422	0.638688	1.58415	2.1323	3.09089	3.09093	6.19617	5.69403	1.4605	1.58415	1.46055	2.13223	1.60376	0.560178	1.34888	0.885725	1.00206	1.58406	1.51321	1.25248	1.38329	4.31653	0.885725	2.3017	1.51328	1.74426	1.97982	2.16133	0	0.501035	0.531444	0.953934	1.18824	2.13961	2.63181	1.74426	2.30847	2.01895	1.88242	0.50107	2.85955	1.60376	1.07744	1.58406	2.77065	4.04066	1.94793	3.68113	5.05339	3.01402	2.30853	0.953934	3.00875	3.24852	2.85955	3.15084	1.46055	3.78155	4.82377	3.00353	0.638729	2.19016	2.76498	2.4786	3.86315	4.04066	2.7481	6.52616	3.57801	0.708577	6.91127	3.51186	5.40645	3.2629	3.30576	4.30593	6.78342	4.80787	1.97982	3.02957	4.60964	2.37546	3.54298	5.95452	5.97256	1.5028	0	2.37533	0.730394	1.23988	1.80604	2.53473	1.63277	4.00186	0.354302	1.0628	1.00206	1.77091	4.74253	6.16371	4.03702	5.71856	6.32442	3.24852	0	0	0	0	0	0	0	0	0	0	0.531444	3.7191
3.02404	1.80586	1.60361	3.79762	3.48481	2.13201	2.70762	2.13201	2.23944	2.7534	2.32856	2.30153	2.76474	3.47586	5.66091	7.09521	2.40783	7.40857	7.40039	3.68098	1.07736	3.79762	4.25076	1.58398	0.560145	1.28934	1.77084	2.01885	0.250513	3.00861	7.18985	7.58037	3.52491	3.71465	3.05492	2.63142	5.95397	3.78128	2.30833	0.638663	2.50342	3.51156	1.50267	0.638632	0.2505	1.28934	2.30838	4.75865	5.31364	1.97967	4.13937	2.61351	2.63142	1.46037	4.97568	5.68563	7.29405	8.40677	7.9532	5.61157	2.70193	0.903155	1.63263	2.26721	1.12015	1.07736	1.03278	1.75306	3.73149	3.71892	1.80586	2.0032	3.09553	1.77963	1.63272	1.07736	1.18807	1.03278	2.6314	3.00855	3.55584	3.18517	1.9797	1.94775	1.4604	2.21845	3.16555	3.32442	3.54262	3.30546	1.52346	1.90714	2.26732	3.30555	6.37263	7.67114	8.70402	8.13372	5.00068	1.52346	2.07246	4.60929	5.2461	3.51174	1.63272	2.50351	5.0253	3.24823	3.02404	5.19532	1.00191	2.38169	2.13931	1.38324	1.97961	1.59381	4.30177	1.4604	2.15392	3.57773	3.69364	2.55307	1.63272	1.63269	1.38324	1.18812	2.07246	3.25319	4.21782	4.25826	4.17327	4.87485	4.20298	3.01366	2.67859	0.560127	2.30153	1.63272	1.13411	1.00191	0.730321	0.885588	1.07734	0.730321	1.51313	2.3286	5.48292	7.88142	2.40783	2.51602	2.51602	3.16555	2.30838	0.885633	1.74402	1.12018	1.38324	0.953837	1.28937	2.69612	1.34881	2.96665	2.76488	2.50351	1.38324	1.60361	1.03274	1.88226	0.177136	0.500991	1.03274	1.18812	2.26732	2.79859	2.16125	2.25347	2.67862	1.60361	1.07734	1.90714	1.67995	1.07734	1.38317	1.74402	2.23951	4.92867	5.25197	2.74782	2.53452	4.11309	4.95063	2.12466	2.90269	4.34851	3.02924	1.03274	2.85385	4.10159	2.7985	1.90708	1.13411	1.38317	2.50356	4.88751	3.35713	3.71465	4.5069	5.12627	1.18807	1.84869	6.75067	1.80583	4.07102	2.19001	4.1395	5.15961	6.67519	4.12824	2.7018	3.97432	4.58559	3.01382	3.76066	4.77488	2.7018	2.30153	2.92963	4.04045	4.75542	5.13549	4.7423	2.65521	2.30149	3.56013	2.92963	4.3487	3.56028	1.03278	2.74775	4.99749	6.25788	6.97299	4.94748	1.46037	0.177136	0	0	0	0	0	0	0	0	0.354268	1.25233	3.26261
2.40762	2.1318	2.83713	3.57732	2.30803	1.88206	2.55268	1.42764	2.01857	3.53776	3.13033	2.67832	3.40298	3.26243	3.40291	6.12471	4.5611	3.01346	7.91006	8.92567	7.52324	4.46139	2.30125	1.34868	1.90697	2.53434	2.36176	0.531342	1.67978	0.885496	6.17246	8.34	4.07074	3.57739	4.80035	1.67985	3.73093	3.4166	2.30809	1.8485	1.90697	4.77443	3.95426	1.67052	0.638565	1.50251	0.885496	1.38312	3.57739	3.87869	3.22874	3.15023	1.18795	3.47551	0.531342	2.69588	4.75819	4.70571	6.09211	6.20519	5.8435	5.13504	4.21745	3.18983	2.46552	2.26713	2.5158	2.74757	2.13174	4.0324	5.80629	5.31294	4.14266	1.42767	0.792073	1.27705	1.58384	0.953751	1.75278	0.792028	1.82288	2.30803	1.60348	1.34868	0.903047	0.560094	1.12008	1.84857	3.71429	4.43328	3.18986	2.30817	1.42773	1.74384	5.49357	4.12383	4.08227	5.45429	6.50385	5.44008	6.26471	8.20031	8.34232	6.37452	3.25288	3.89462	3.43486	0.638606	2.23921	3.22866	3.8261	2.53437	0.730229	0.638606	1.25221	0.638606	2.91855	3.18977	1.88219	0.56007	1.95557	1.94756	1.12008	1.52333	1.88219	1.74393	2.21825	3.24809	3.76033	4.0324	4.37688	4.91252	4.17291	1.74393	1.9556	2.74757	0.560094	0.638606	0.638606	1.77944	1.27705	1.97944	1.12008	0.560094	0.903071	1.9556	4.27223	8.62013	5.37089	1.03269	1.25227	1.51299	2.13183	1.58384	1.46022	0.953705	0.560094	0.531342	2.25312	1.03269	2.48442	0.903071	0.250474	0.56007	0.396055	1.50251	0.792028	1.88206	0.56007	0.531342	0.792028	1.28921	0.953705	1.03269	1.67052	1.63246	1.94756	0.730253	0.396055	0.396033	1.74393	2.32838	2.70152	2.01857	1.77947	2.85914	4.07074	2.48442	0.70844	1.42767	4.62542	3.48891	4.49929	6.4846	2.37501	1.38303	2.92921	2.63112	1.28921	1.42773	1.80569	1.80565	4.03234	3.47563	1.25223	1.23964	3.02899	1.13401	2.18981	3.64653	4.12383	1.88219	1.60345	0.903071	1.91518	3.13548	2.85357	1.67041	5.78995	3.32394	1.28921	1.91518	2.06472	3.00826	2.30137	3.89063	2.77027	3.8261	6.8948	6.36001	3.98947	1.28921	2.12446	4.04009	4.89982	3.3382	3.30513	1.77063	1.77947	0.177119	2.96646	3.47563	1.46027	0.177119	0.250474	0	0	0	0	0	0	0	0.177119	0.56007	0.792028	2.36176
3.43455	2.88061	3.71812	3.02869	1.18789	2.70128	3.74731	2.13898	1.94737	3.04404	3.39794	3.51088	3.0079	2.47788	2.83683	4.36553	4.2499	2.46518	3.37969	5.06143	5.86664	4.7414	3.26216	1.90678	0.396014	1.03259	2.48418	1.74368	1.25209	2.01841	4.00853	7.19056	3.81741	2.66051	3.9891	3.64606	2.16073	4.03178	0.953653	3.4163	2.45881	3.75156	4.59815	3.16481	1.46009	0.730162	1.38291	0.791958	1.90671	0.730162	0.396014	2.15354	1.80548	2.30109	2.88061	3.08992	3.0899	0.73018	2.45881	3.18455	3.80934	3.79706	2.45893	1.18789	1.25209	1.28912	1.58368	2.32815	5.13427	3.24761	4.10086	8.25842	5.78945	0.531291	0.902981	0.902963	1.03254	1.25209	2.51541	0.177102	1.77041	2.85326	1.80548	0.791991	0.708372	0.708372	0.531291	0.751318	1.34849	2.83683	2.6956	2.0645	1.63234	0.885418	4.43275	5.86648	4.63849	0.88544	2.85326	1.90678	3.54194	4.77397	4.92772	6.63908	3.71812	2.85875	1.13383	1.34849	1.03259	3.13022	3.79706	2.79805	1.75272	1.60332	1.38291	0.396014	1.51278	2.12425	1.90678	1.46012	1.06249	1.67027	0.560019	0.638509	0.63854	1.07713	1.51278	0.953619	0.3542	0	0.396014	0.638509	1.27686	2.40737	0.638509	1.90671	1.46009	0.396014	0.250452	0.902963	0.751357	2.4074	1.97932	2.01849	2.36153	2.61313	5.78144	9.44395	5.5156	0	0	0.500895	0.953619	1.07715	0.73018	1.03254	0.177102	0.500895	2.06441	1.11993	1.58361	1.38298	1.91499	1.63238	0.730162	0.88544	1.28912	1.18784	0.953619	0.396014	0.177102	1.23952	1.67968	1.52317	1.13389	3.3377	1.77041	1.38291	0.531291	1.51284	1.60332	2.51541	3.13006	2.38123	2.01839	1.13383	2.65456	3.13006	1.13383	2.46518	5.61028	3.58131	7.2416	7.49149	1.95541	3.2524	2.30783	1.52309	1.34849	0.88544	1.80548	4.25722	2.85326	0.73018	2.13155	0.3542	2.76421	2.06441	2.88051	3.47519	1.42758	1.51278	1.07715	0.953653	1.52309	2.7071	1.74375	2.55245	6.73568	2.13155	3.58131	2.70141	3.13022	3.92612	1.74375	2.85875	0.395998	4.07024	4.08178	6.65289	5.68426	1.28912	1.06249	2.6547	2.13166	1.38291	3.09494	0.560037	1.60332	1.97923	2.76421	0.791958	0.177102	0.250465	0.177102	0	0	0	0	0	0	0	0.395998	0.250452	0.63854	1.00177
3.87781	1.0624	2.4586	2.30762	1.5127	4.08143	4.16075	2.13879	2.13879	2.53381	2.70104	3.1891	3.64576	3.02839	2.69526	3.24732	3.91382	4.24958	2.01824	0.55997	2.67784	3.26182	3.08975	3.18923	2.63078	1.60316	2.01821	2.94464	1.27681	2.48398	2.36127	5.43877	4.08138	2.70686	3.08965	4.98664	0.559988	4.5603	0.395963	2.90188	3.4883	1.0624	3.4342	4.30416	3.08975	3.01297	3.1349	2.79783	2.53387	1.18779	1.07706	1.50232	3.54163	2.01831	0.88534	2.85306	4.20168	1.51265	2.57672	2.85309	2.12407	1.90654	1.58347	0.39598	1.34838	1.77912	1.58354	1.84822	5.31199	6.12374	1.82264	8.57617	6.85511	0.39598	0.531245	0.88534	1.50225	1.00162	2.65433	1.5127	3.18428	2.85306	0.953535	0.395963	0.395963	0.55997	0.177086	1.07706	1.252	1.82256	1.03245	0.885363	2.15332	1.13379	2.65433	4.12311	4.99603	3.6459	2.96591	1.50232	3.64571	4.99905	3.18428	6.95093	3.55914	2.01824	1.252	2.13148	3.35619	2.85314	2.9181	3.20385	2.38115	2.92881	4.03933	3.7844	2.38115	1.28901	0.730098	0.791888	0.531245	1.13373	0.791922	1.0624	0.39598	0.902884	1.51265	0.885363	1.0325	0.638484	0.70831	1.18779	1.42743	2.06423	0.70831	2.15332	2.30089	1.63226	1.00168	0.70831	0.95357	3.13481	2.01829	1.59337	1.00162	0	7.22824	10.2877	4.63804	0	0.885363	1.84822	1.50232	1.11987	1.00168	1.51265	0.730116	1.28901	1.25198	1.67012	1.27681	2.21783	1.75257	1.95522	1.59337	0.885385	0.902884	0.88534	1.18774	0.177086	0.638453	0.638484	1.18779	1.0325	0.751292	3.25214	2.66027	1.252	0.885363	1.77035	2.55235	2.85306	2.70104	2.13137	1.90654	0.791888	2.23881	3.30454	1.95524	3.08963	5.15791	2.25272	7.966	7.61857	1.27675	3.87781	3.09467	1.84817	1.59337	1.25198	1.34838	4.87324	3.00243	0	1.97906	1.18779	2.26657	1.77026	3.04377	4.87324	1.28901	3.14968	1.28897	0.638453	2.4586	2.06423	2.06432	3.55481	5.92881	1.88183	5.83431	4.07008	3.00777	4.74078	1.07706	1.97906	1.50232	4.74078	2.12407	7.87925	4.91133	2.40726	3.64585	3.32349	3.32349	3.89391	3.4023	0.95357	0.885385	3.05407	2.46497	0.395963	0	0	0	0	0	0.70831	1.27681	1.11987	0.354169	0	0.395963	0.177086	0.638484	2.46505
3.64533	0.395938	1.51249	3.53677	3.2518	3.92537	3.5763	2.74677	2.51506	2.15313	2.07159	1.632	2.63041	3.13448	3.30419	3.18883	3.90552	5.34354	5.63968	4.77317	2.23865	2.16042	4.11151	3.95316	3.92542	3.30419	1.5228	3.50131	1.42728	3.01266	2.88011	1.90634	5.05734	5.60938	4.62428	5.65048	2.8582	4.12268	2.63039	1.58331	2.15309	1.82245	2.06401	2.76934	2.51506	4.12665	5.24113	5.51483	4.38978	3.24713	3.71749	4.17167	5.1335	5.21443	3.402	0.791839	5.26749	4.85039	2.26645	3.89352	3.18879	2.16031	1.34824	0.885292	1.97888	2.67756	2.2176	2.65419	4.92678	7.57768	4.79903	6.86337	7.73144	1.07693	1.00157	0.354132	1.28884	1.06229	1.28884	3.37898	4.12658	2.30749	0.885292	0.559929	0.250404	0.73004	0.791805	1.28888	2.37431	3.18394	2.12384	1.03239	1.77895	2.00253	3.18394	1.67931	2.67759	3.32314	2.13125	1.51254	4.5153	6.98107	2.85284	8.55939	4.78278	1.97894	1.77012	3.0538	4.30385	3.75091	3.43396	3.48361	4.50518	5.61774	6.63573	6.23322	3.98843	1.75238	1.25189	1.11975	1.03239	1.25187	1.74341	2.9285	2.94448	2.23865	1.42728	1.06229	1.51254	2.01808	1.90634	0.395938	0.708236	1.03234	0.885292	1.74335	1.50209	0.177067	0.791839	1.18766	1.11975	2.7974	2.18912	2.79751	1.84803	0.395938	7.53491	10.6882	3.78382	0.531189	1.97888	3.36508	4.00019	3.64552	2.2176	2.36102	1.95503	2.13857	1.11975	1.28884	1.34824	1.11972	1.03234	1.38264	1.13361	0.395922	1.00152	1.38264	1.11972	0.791839	1.23928	1.18766	1.27668	1.28888	0.791839	2.65405	1.91452	0.638417	1.00157	1.67936	2.13125	2.407	1.97888	1.38264	1.5228	0.395922	1.42728	3.26148	3.9728	3.2278	3.53677	1.97891	6.2131	7.26139	0.638386	3.13448	4.99853	2.90158	1.07695	1.25185	0.730022	4.74681	3.00212	0.354132	0.885248	0.177067	1.45984	1.45984	1.88153	6.24035	0.500824	4.87273	1.5228	1.66994	1.27661	2.65419	3.82497	3.77983	2.85271	3.90548	4.12651	0.791839	2.13114	4.38956	1.28888	1.45981	3.40194	3.71743	3.09434	5.52579	2.15313	4.88564	4.19027	3.09449	2.65999	3.67939	2.7974	1.88153	1.77893	2.01802	1.03234	0.730022	0	0.354132	0.791839	1.58337	2.40703	3.41576	3.39747	3.00739	1.11972	0	0.395922	1.77012	3.35584	4.75681
4.13742	1.34812	2.15291	3.64504	3.37858	2.91747	3.47422	2.32746	1.25178	1.42714	2.13096	1.42714	2.23838	2.16012	2.131	3.18857	3.01231	3.13429	4.66409	5.09364	5.8332	4.21564	1.80501	2.46458	3.90518	5.14805	4.03086	3.89317	2.12366	1.45972	1.77879	1.60285	0.953387	4.06921	5.19595	5.60872	4.6639	3.32272	4.36431	1.97874	1.82229	0.500781	1.03225	1.51236	1.41613	1.06219	1.38259	2.76358	3.80828	3.41546	2.40679	0.751147	0.88517	1.60287	4.25616	4.8245	3.55417	5.62797	2.8797	3.41534	4.45947	2.16012	1.07685	1.25178	1.28873	2.06383	1.34812	0.708174	1.59306	4.6938	5.8039	4.21564	8.22094	2.00225	0.55988	0.55988	0.250382	0.708174	0.395887	3.58029	2.40672	1.07683	0.638361	1.25178	1.67921	1.13357	0.953352	1.2765	0.177052	2.21731	2.18893	1.27656	1.51241	2.46458	5.14805	4.63739	3.24685	2.15294	1.27656	0.55988	3.72956	8.29296	2.26614	6.92308	6.84283	4.97654	1.88147	2.06383	2.7691	0.531143	2.50229	1.67921	1.63192	2.0179	2.79729	4.82122	5.47193	3.51009	3.87724	3.87724	3.0072	2.18898	1.95486	3.36014	3.40175	3.36479	1.52274	1.45972	1.94683	2.0179	3.2032	1.84787	1.50204	2.01793	1.77001	0.531143	1.28876	1.74326	1.11965	0.250395	0.250395	2.374	3.50991	2.30049	4.4176	3.36014	7.8466	10.4032	3.18849	1.41613	1.18751	3.09407	1.50196	1.63192	2.131	2.30723	2.30724	1.34817	1.76996	0.791736	2.23845	3.32285	3.25164	2.69485	1.52274	0.729976	0.791736	1.2765	0.177052	0.885215	1.23917	0.55988	0.395887	0.88517	1.77878	3.22746	0.708174	0.791769	0.395887	1.38252	0.885192	0.250382	1.41613	2.00225	0.791736	1.97876	2.76358	1.38252	3.0072	2.51484	0.708174	2.90147	4.33218	5.49156	2.23838	1.63186	5.43773	3.40164	2.6124	0.953387	1.07685	4.45947	2.76343	1.45968	2.23845	2.13107	1.52274	1.38259	2.4835	5.15692	1.25178	3.87704	1.41613	1.52267	1.00148	1.9787	0.791769	2.46449	0.751147	3.78349	2.65396	4.24894	3.74639	2.63018	0.638361	1.60287	4.58324	1.25174	4.58324	4.47354	3.99984	2.83606	0.55988	0.55988	2.7691	4.36431	2.79718	2.1383	1.63186	1.18756	1.82229	2.2174	2.50237	2.40682	2.76921	3.16406	2.94422	2.57622	1.11965	3.37858	1.38252	0.395904	1.76996	4.06919	3.98808	2.67736
4.49717	2.45787	3.25118	2.74617	1.5018	2.15268	3.52288	2.65948	1.75205	2.36056	3.37822	1.18739	2.01761	1.25159	0.751068	2.62991	2.85216	0.7081	1.27637	1.00133	5.24873	6.23916	0.500728	1.42703	2.70611	3.98766	3.99942	3.48294	1.6697	0.177033	0.791653	1.23904	1.95466	1.03214	4.84946	5.82451	4.36386	3.18818	4.42753	2.50203	2.16	2.30698	1.07674	1.63177	1.38245	0.395862	1.25163	1.75196	1.6027	2.62991	0.7081	2.18875	2.53314	1.90605	0.638294	3.50972	3.92474	3.0223	4.62324	2.61201	5.33655	2.13807	0.885122	0.791686	0	1.41598	2.40647	1.34798	1.34798	3.01193	5.26641	2.40645	8.08351	2.51445	0.177033	0.395862	0.729899	0.791653	0.531087	4.27747	2.25206	1.38238	0.395845	0.8851	1.42703	1.67904	0.751068	0.559822	1.38245	1.77859	1.13339	0.885122	1.34803	2.32722	5.3104	2.94391	3.55376	1.45956	0.791686	0.531087	2.38032	7.53348	4.80443	2.91716	4.64686	5.13243	3.74588	0.953287	3.47386	2.45787	1.5929	2.13807	0.902634	1.77859	2.13073	2.307	5.02242	2.90117	3.09389	2.76892	2.50203	1.80478	1.07672	3.39664	1.06208	3.1636	1.00138	1.42701	1.60268	1.07672	2.37375	1.63171	0.953287	1.27643	1.63175	1.25163	0.559822	0.395845	1.06208	0.953287	0.395862	2.2659	4.14071	3.09375	2.46432	5.26649	8.96165	10.3139	3.09375	1.28859	0.395845	2.48323	3.53618	1.45956	1.76973	1.23904	1.23904	0.395862	1.03219	2.79689	1.03214	1.67904	1.67904	1.28863	1.1195	0.177033	0.559804	1.03214	0.751029	0.250369	0.638263	0	0.500702	1.27637	3.08871	2.01764	2.07119	1.28863	1.52251	2.62988	1.41598	2.65354	1.95466	4.00699	1.03214	3.75007	3.08883	4.90673	1.06208	2.23815	2.1599	1.6027	2.46423	3.62748	2.21707	0.559804	4.77201	1.95466	2.46432	3.24636	1.80478	3.64037	2.2659	2.55147	2.15268	1.23904	0.751029	0.953252	2.91716	2.37375	0.729899	1.18739	0.8851	0.902616	0.395845	1.41598	1.11954	3.37822	1.07674	3.32237	1.5929	1.00138	0.729899	0.751029	0.531087	2.1887	3.48726	0.500728	1.74301	2.79697	2.48323	0.395845	0.531087	0.729881	1.82202	4.84946	3.01193	1.25159	1.18739	0.395862	0.559822	1.74308	2.50211	2.13084	2.32726	1.58307	0.500728	0.531087	1.9785	3.1636	0.885077	0.531087	2.69446	3.87666	2.01764	0.250369
4.99402	2.50176	3.50034	2.00187	0.500658	1.50167	3.00128	2.00187	0	2.50176	3.99886	1.00124	2.00187	1.00124	0.500658	2.50176	3.00128	0.500658	1.50167	1.00124	4.99402	6.48094	0.500658	0	1.00124	1.50167	0	0.500658	0.500658	0.500658	0.500658	0	1.50167	0	4.49678	5.98617	3.99886	3.00128	3.99886	2.50176	0.500658	2.50176	0.500658	0.500658	1.00124	1.00124	1.00124	2.50176	0.500658	3.00128	1.50167	1.50167	1.00124	1.50167	1.50167	1.00124	1.50167	1.00124	4.99402	2.00187	5.49051	2.00187	0	0.500658	0.500658	0.500658	2.50176	1.50167	1.50167	2.50176	4.99402	2.00187	7.95914	2.50176	0	0.500658	0.500658	1.00124	0	4.49678	2.50176	1.50167	0.500658	1.00124	0	1.00124	0.500658	0.500658	0	1.00124	0.500658	0.500658	0.500658	2.00187	5.49051	0.500658	3.50034	0.500658	0.500658	0.500658	2.00187	6.97474	5.49051	1.00124	2.00187	3.99886	4.99402	0.500658	3.00128	3.50034	0.500658	3.00128	0	1.50167	3.00128	0.500658	3.99886	0.500658	1.00124	1.50167	2.50176	1.50167	0.500658	3.50034	0.500658	3.00128	0	1.00124	1.00124	1.00124	2.00187	1.50167	0.500658	0.500658	1.00124	1.00124	0.500658	0	0.500658	0.500658	0.500658	2.50176	3.99886	3.50034	0	4.99402	9.42676	10.3984	3.00128	1.00124	1.00124	1.00124	2.50176	2.00187	1.50167	0.500658	0.500658	0	0.500658	3.00128	2.00187	0.500658	0.500658	0.500658	1.50167	0	0.500658	1.00124	1.00124	0	0.500658	0	0.500658	1.50167	3.50034	1.00124	3.00128	1.50167	2.00187	3.50034	1.00124	3.99886	1.50167	4.99402	2.00187	3.99886	1.50167	5.98617	1.50167	2.50176	3.00128	1.00124	2.00187	3.00128	2.00187	0	4.49678	0.500658	1.00124	4.49678	2.00187	3.00128	2.00187	3.00128	2.00187	1.50167	1.00124	1.50167	3.00128	1.00124	0.500658	0	1.50167	0.500658	1.00124	0.500658	1.00124	3.99886	0.500658	3.00128	1.00124	0	0	0.500658	0.500658	2.50176	2.50176	0.500658	0	1.00124	3.00128	0	0.500658	0.500658	1.00124	4.99402	3.50034	1.00124	1.00124	0	0	1.50167	0	0.500658	1.50167	0	0.500658	0	2.00187	2.50176	0.500658	0.500658	3.00128	3.50034	1.50167	0.500658
4.50322	2.46377	3.64397	2.76828	1.03194	1.67867	2.37986	1.80445	1.27621	2.69395	3.95149	1.77828	2.30656	2.01733	1.25143	2.69973	3.14814	0.884908	1.13318	1.03194	4.7711	6.21074	1.42672	0.177001	0.791502	1.42672	1.52232	1.97821	1.90571	1.4593	1.27612	1.2884	1.60241	1.03201	4.36306	7.28814	3.74928	3.87992	3.71592	2.76828	1.63146	3.01146	2.53269	1.50162	1.45925	1.11929	1.28835	2.4574	1.13325	3.35917	3.20232	2.53259	1.42669	1.18716	1.63141	1.41572	0.791502	1.63141	4.13992	2.06322	4.9935	1.9781	0.638182	0.729745	0.530989	0.530989	2.51396	1.82167	1.74268	2.65304	4.7711	3.13329	8.26294	2.48277	1.13325	1.18723	1.07654	1.25138	0.638182	3.75758	2.69395	0.953072	0.250308	0.902447	0.750885	1.63149	2.55115	2.45755	1.91391	1.8045	1.66941	2.13778	2.51414	1.67874	4.10978	2.38002	1.88081	1.90571	1.84735	1.2514	1.6693	6.06751	5.83933	0.70797	2.23782	4.95629	6.80693	2.65899	2.62938	3.64393	0.729745	3.04229	0.500606	1.74268	3.24574	1.50162	4.46865	1.77826	0.750885	0.953117	3.20227	2.50156	1.4593	3.97115	1.74277	3.48214	1.0012	1.23882	1.77826	1.97821	3.05259	2.01726	1.2514	1.34779	1.60241	1.67874	1.82178	1.63149	1.27621	0.791547	0.353999	1.90562	3.95155	4.60571	3.64418	3.74517	8.72488	10.9247	2.69395	2.85173	2.91671	1.0012	1.90562	2.48279	0.559722	2.45755	2.23782	1.11929	1.76951	3.26018	2.15228	1.06189	0.353999	0.39577	1.03194	0.638141	0.791547	1.88081	1.25138	0.638182	0.177001	0.250325	0.729745	2.40602	2.92727	0.884967	2.40602	1.34772	2.01733	3.74937	1.84735	4.02953	2.07089	4.27665	1.34772	3.91192	2.3602	5.19135	1.07654	2.87891	3.02173	1.41572	1.13318	2.85711	2.48277	1.63149	3.53542	0.884908	1.84727	4.27303	2.13767	3.24574	1.74268	2.90046	2.06322	0.884908	1.2514	1.60239	2.25162	1.2884	1.27621	0.729769	0.902447	0.884967	0.500606	0.353999	1.5827	4.42669	1.4593	3.43252	0.750885	0.177001	0.353999	0.729769	1.42675	3.43259	3.3638	2.13778	1.2514	1.13318	2.65304	1.34779	2.01736	2.07089	1.77826	5.04909	3.4866	1.42675	1.60239	0.638182	0.791547	1.11929	0	0.353999	1.13318	0.250325	0.559698	0.395792	1.11929	3.08828	4.06816	3.25075	3.3638	2.61151	1.34772	0.559722
3.64362	1.76924	2.85685	3.87558	2.90021	2.83497	2.35996	1.28827	1.42661	1.90544	2.57516	2.70536	2.62926	3.00604	2.62926	3.22622	3.91157	2.30629	1.07642	0.395735	3.95114	6.07209	2.85685	0.952986	1.76933	2.90036	2.87875	2.4573	2.79622	3.67784	4.25453	2.7053	0.729695	0.902382	3.01108	8.5713	2.62917	5.69416	3.01117	2.06304	1.18705	0.88483	1.51178	0.707902	1.58256	1.07642	1.97794	2.35991	1.42661	2.15212	3.37739	4.12464	4.07916	2.3064	0.250286	1.58263	1.76933	2.69949	3.0007	2.01705	4.00587	1.80428	1.11922	1.11919	0.395751	0.395751	2.13014	2.06304	1.82151	2.94295	3.87555	5.05481	8.966	3.79454	4.06774	4.24731	3.64378	2.67633	1.25128	2.06304	2.96411	1.13308	1.76933	1.63132	3.01115	4.63556	5.86284	6.49902	5.91526	3.98655	2.37978	3.18739	4.21422	4.19942	0.395751	2.07068	1.50138	3.74908	4.51338	4.19942	2.13025	3.16271	5.99806	5.30909	3.2456	1.25126	5.77763	4.4263	2.01705	3.2884	1.07644	1.91362	3.20201	4.24726	3.74908	2.06313	4.27272	3.90365	0.95302	1.03185	2.1302	3.77805	3.33564	4.97139	3.33564	4.78053	3.53529	4.66564	5.28867	4.77092	5.30612	3.92358	2.3064	1.52216	1.67857	2.25154	3.01124	2.94309	2.26538	2.00159	1.66924	0.250299	2.32657	3.18733	2.15212	0.395751	7.51722	12.7174	3.01115	6.36716	7.63868	7.23714	2.29956	2.13025	3.71566	2.53236	1.76924	2.06304	1.97794	3.3635	2.35996	2.13756	2.13025	1.75156	1.66924	2.15208	0.559648	3.0007	1.3476	0.791465	0.707902	0.395735	1.25126	3.41403	1.25126	2.7454	1.66924	1.25128	1.978	1.94608	0.952986	2.57523	3.50874	1.97794	0.559648	3.13309	4.06774	3.02665	3.01115	3.91169	2.67633	1.77811	0.884852	1.84711	2.29956	2.40589	3.20201	2.18814	3.20197	3.69038	2.18809	3.24546	0.638085	2.79608	1.91362	0.791465	1.52216	1.51183	0.791432	0.638116	0.559665	1.13308	1.63129	1.90551	1.03185	0.638116	2.06304	4.2544	1.58256	3.72814	0.884852	0.559665	1.06179	1.82159	3.30273	3.71147	2.50133	1.58263	2.47624	2.01713	3.08794	3.2456	2.55088	2.32657	1.90544	4.58149	3.81488	1.97798	2.07068	2.87875	3.14803	2.1594	1.13314	1.13314	0.791465	0.250299	0.884875	1.75156	2.26538	2.94309	3.57909	4.00608	4.19942	3.16285	2.06313	1.50146
3.72775	2.48229	2.65262	3.87518	4.66495	2.70503	1.187	0.952934	2.65848	3.35396	3.33535	2.79594	1.97783	1.42651	1.03175	2.29929	3.69001	3.92314	2.69357	2.51365	4.13541	5.72329	3.36318	4.55751	5.14572	4.27612	3.37716	2.7679	1.82143	0.729628	2.48232	5.37529	5.78542	5.4949	6.41493	6.46486	1.97783	5.09404	1.11912	0.559591	1.76917	2.6527	2.2994	1.00101	1.13296	0.707834	2.13726	1.5824	0.559614	1.45902	0.952888	1.80415	3.35396	3.72789	2.12264	0.638018	1.27596	3.88731	4.54036	3.87538	2.67603	0.729604	1.25114	1.42642	0.176967	0	1.2881	2.40565	3.30242	3.8913	3.57427	6.59673	9.303	2.50108	3.64342	4.25425	5.08206	4.79633	3.00569	0.729628	2.40552	2.89991	1.8041	2.79597	4.60483	4.76709	3.39557	3.62635	4.77033	4.46779	1.25119	2.15187	2.32634	3.05201	3.3023	1.07634	2.62887	4.24665	3.2501	6.35467	7.28724	5.43545	0.395716	4.81902	6.98415	6.90456	5.0545	2.8783	3.0264	3.01086	1.76917	2.62906	4.41896	4.29778	2.62906	0.79135	1.88045	3.3023	2.65851	0.559614	0.902274	2.9001	4.00573	4.59467	3.25013	5.80135	6.55504	6.55737	5.72366	4.36243	4.95535	5.92779	5.68844	2.87843	0.884767	0.530887	0.395716	1.07631	0.902298	0.884797	1.25116	1.41545	2.48229	4.06343	3.74462	3.08769	5.94832	13.9828	4.81874	8.08045	5.1456	8.91797	8.44919	3.20166	2.29929	3.64345	3.0419	1.11908	3.74856	1.27588	1.45902	0.707834	1.03181	2.15921	2.8785	3.72789	2.74522	2.29929	1.2881	0.750793	0.559591	1.51163	2.476	3.47254	0.902274	3.37693	0.353931	1.13304	0.952934	1.6021	2.53218	2.25119	2.62906	3.28828	3.18711	3.72798	4.80292	3.25965	4.86993	0.395694	1.28815	1.84692	0.791395	1.90534	0.353931	2.12264	3.0264	2.92686	2.29934	2.51348	2.45693	2.45693	1.41545	3.05201	1.60208	1.60208	2.37298	2.8785	2.3062	1.88058	2.53221	2.13737	1.2881	0.952888	2.13726	1.11912	2.35967	4.03644	3.36316	3.57427	1.63114	1.27596	0.729628	1.66898	2.29929	1.13296	1.63114	1.88058	1.9539	0.353931	0.884767	0.250277	1.2881	1.52192	2.12998	4.03644	3.47254	2.48232	2.13006	2.40568	2.55066	3.16256	2.69357	1.50133	1.27596	1.13304	1.25116	1.03181	0.500544	0.729628	0.530887	2.15191	3.74462	4.66523	5.89385	6.00542
4.25359	2.7675	2.67578	3.64297	4.27183	1.88029	0.902209	1.34739	3.43156	3.48116	3.4813	3.37681	2.79568	2.51339	1.51154	1.66884	2.15888	2.85087	3.04159	2.8998	5.82178	4.99832	2.30596	5.14519	6.59647	6.40711	4.97369	3.64306	2.85095	3.16224	2.40534	2.53195	4.10879	3.74843	4.81845	2.29916	3.57823	2.53185	0	0.17695	0.750675	0.90219	0.395675	0.500466	0.637962	0.395675	1.7689	1.13286	0.90219	0.884682	0.500492	0.500492	0.79128	2.76184	2.21603	1.51149	1.27577	1.45887	3.63881	3.87501	1.97762	0.500466	1.42629	1.52179	0.395659	0	0.353897	1.18688	2.30592	3.08728	2.91579	7.12876	10.2259	3.53443	2.76184	1.77775	2.83443	4.5398	3.91082	1.07623	1.50109	3.00533	3.09229	2.21603	3.35351	2.7675	0.250238	0.559558	3.78131	4.37247	0.500492	1.66884	1.52179	2.21603	2.87805	0.530836	1.27577	4.90442	5.24627	3.55656	5.49433	6.46205	5.57789	1.58226	1.90515	2.53195	1.82124	0.884682	2.82891	2.83443	2.25111	1.75122	2.61078	2.89965	1.11897	2.76184	1.06158	1.27577	2.40534	1.42634	1.84675	1.95372	2.01676	2.67578	2.12979	3.37681	4.02854	2.85095	1.76899	3.32081	2.3059	3.79382	5.65505	5.08137	1.18683	0.395675	0.884704	0.729555	0.55954	0.395675	0.729537	0.750675	3.09229	4.03608	1.95373	0.952837	3.97001	13.5844	8.08729	8.38135	7.6688	3.64297	9.26155	5.24632	1.18688	0.395675	1.45884	1.50117	3.43156	1.0317	2.01676	2.65823	1.42632	1.7689	1.58232	3.25925	2.32612	0.902209	0.395675	0.952837	0.637993	2.37263	2.96354	2.70478	2.13707	3.14726	0.353897	1.51149	1.25102	2.89965	2.07022	4.50197	2.01669	2.62878	3.24498	3.08735	3.02098	5.52215	5.09047	2.23716	2.23716	2.57467	2.26483	1.58232	2.26483	1.90508	2.15888	1.67819	0.559558	2.15888	3.75653	1.51149	2.79554	2.07022	0.395659	2.40531	2.85087	2.50093	2.50089	1.3818	2.29912	1.45887	0.353897	0.500492	1.58226	1.77777	2.79557	3.78131	3.28777	2.21603	1.06158	0.952837	0.88466	1.90508	2.53185	0.729555	0.637993	1.42636	2.23716	1.91335	1.631	1.8468	1.28802	1.06158	2.47577	4.45691	2.45671	1.94571	1.25106	0.395659	1.38172	1.3818	2.74487	0.729555	0.637993	0.729555	0.17695	1.13292	1.27583	0.637993	1.63092	3.16211	2.85087	3.18183	3.98579	4.1875
4.59031	2.69292	2.69869	3.09197	3.14694	1.63075	0.884597	0.500448	3.2445	5.05637	2.76155	0.884627	1.03161	0.884597	1.42618	1.60177	1.51134	1.74201	0.750649	0.176933	5.71151	7.35058	4.4949	1.94552	0.952705	1.77758	3.00511	3.60394	1.41518	1.07611	3.57789	3.43137	3.48099	3.00002	4.24233	2.6522	3.94997	1.58209	0.791243	0.791243	1.1867	0.884597	1.45874	1.90498	1.97745	1.34727	1.67802	2.12957	2.45661	2.46294	1.63086	1.91318	2.30576	3.36251	3.02582	2.91559	2.85064	1.7776	0.530785	0.395618	1.74201	1.45869	0.884568	1.67802	0.902101	0.250229	0.176933	0.884568	1.3472	2.79525	2.75023	6.52041	10.0561	4.63407	3.74374	2.35922	1.95352	3.72703	3.6254	1.03155	0.884568	2.2646	3.3345	3.3345	3.04112	2.06243	0.39564	1.42618	3.80557	3.3345	0	1.27563	1.11886	1.11886	2.83416	1.91318	0.637937	3.67657	6.19853	5.60523	5.43441	4.60395	4.869	3.36254	2.01659	1.03161	2.01648	3.22529	3.02582	2.3057	1.25095	1.28785	1.45874	3.95013	3.39492	3.39935	1.67809	1.25095	1.03155	2.12965	3.18649	2.01656	0.250211	1.67809	3.02582	2.5745	1.76883	1.11891	0.395618	3.39469	2.37239	3.41319	4.59379	4.3862	1.97742	1.84664	0.952751	0.39564	0.637896	0.176933	0.395618	0.500413	2.94208	3.85837	2.62852	2.01659	3.08694	12.6757	9.45102	6.84918	8.29288	1.2879	7.46595	6.24557	2.12959	1.1867	1.18677	1.38167	2.57441	1.58218	1.58218	1.38158	2.01648	2.79525	1.03155	2.30561	2.3057	1.6018	1.3472	1.23834	0.500413	2.12223	3.90257	3.88656	2.15145	3.48526	1.84664	1.76877	1.41518	3.53857	3.30179	4.42852	1.63075	1.51134	1.67802	2.48184	1.2879	7.23472	4.06634	1.63075	2.2158	2.79529	2.25076	1.88022	4.29686	3.25902	2.74469	1.60177	1.13282	3.88656	4.64415	0.729488	4.34353	1.97742	1.13282	3.16178	3.00502	0.637937	1.80375	1.38167	1.51134	1.50093	1.27563	0.791243	0.707698	1.27563	3.3345	3.67657	3.18632	2.15145	0.884627	0.250211	1.52163	1.38158	2.15866	0.902125	0.530785	0.791198	1.27563	0.637937	1.38167	0.952751	0.250229	1.74201	1.58209	4.41443	2.2989	2.1515	1.42618	0.902101	2.13685	0.729488	2.69292	1.88022	2.25092	2.01656	1.23834	0.729488	0.750649	0.559507	1.52163	3.32047	2.96324	2.7446	3.20104	2.23696
5.129	3.64236	4.06609	3.71005	2.67527	1.67787	0.75057	1.11879	1.5215	4.57973	4.06607	2.94196	1.90478	1.2508	2.12939	2.89924	4.06618	5.14421	5.24554	4.90688	5.77569	7.61968	7.16632	5.86061	5.75696	5.92345	5.76496	6.01635	4.19778	3.09184	3.98503	3.94979	3.14682	1.77743	3.12678	0.729397	3.7434	1.97722	1.51125	1.51125	1.77741	1.38153	2.35905	2.62825	2.69858	2.79512	2.1873	3.57325	4.57993	6.55311	6.74272	6.65786	6.85791	7.1277	5.64582	3.85813	3.60368	3.52065	3.43107	3.01009	1.97724	1.42604	0.637871	1.67792	2.46269	1.74192	0.902035	0.884512	1.23822	2.96297	3.57757	5.12889	8.57339	4.7787	5.29239	4.07756	1.74192	2.8991	3.00993	1.11876	1.25078	2.40488	2.76697	3.39439	3.00993	1.63061	0.884535	2.85032	3.81342	1.8464	0.176916	0.63784	1.07601	1.03146	2.15857	3.13189	2.30552	1.1866	3.68907	5.82096	6.25755	4.74955	1.18665	2.46269	3.24914	3.28731	3.41284	2.359	2.15847	2.83387	3.8217	4.58328	2.87754	2.01638	3.87427	3.3203	2.29872	1.97724	1.28777	1.25076	0.88449	0.902035	1.77743	1.91298	2.96306	3.48063	3.53393	3.48063	3.00489	2.32568	3.04085	1.03146	2.359	1.87992	1.18665	2.01635	2.13674	1.82089	1.59184	0.791128	0.70763	1.07602	2.32568	3.18611	3.00489	3.87427	4.03546	10.3304	9.12323	5.53784	7.58719	0.176916	5.15298	5.0804	4.30004	2.62814	0.902035	0.25019	1.8464	0.95262	1.11879	1.0315	1.5008	2.53138	2.40495	0.500396	2.00082	3.5514	2.57417	1.42604	1.07601	1.90478	3.94979	5.68668	3.49851	3.81342	2.12939	1.52157	2.30552	4.21261	4.99451	5.05303	3.39456	3.13189	2.82836	1.25078	1.77741	7.66138	2.65179	1.66852	2.65179	2.76131	1.27558	4.24564	5.39664	3.16163	1.38153	0.729415	1.95334	4.71003	2.29868	2.54978	4.16791	0.559433	0.395599	3.249	3.18604	1.0315	1.66859	2.37886	1.42608	1.87992	1.90471	1.1327	0.902017	1.1866	3.64222	3.04085	2.12932	1.42604	1.45856	0.176916	1.07601	2.47529	1.97722	0.395599	0.729397	0.176916	1.63063	1.63061	0.791161	1.00066	0.637871	0.55945	1.28777	2.76131	1.7686	1.95334	2.12203	2.37886	3.08676	1.76865	2.30545	1.76865	2.45635	3.35297	3.08676	2.50045	2.62828	2.06234	0.791161	2.13666	3.08669	2.83387	2.85036	1.76865
3.48459	1.66834	1.97696	2.74407	2.4046	1.34694	0.729348	1.03141	1.45846	2.65151	2.12182	3.04074	3.60335	2.0162	3.20043	2.51269	2.51269	3.78045	5.74035	5.50966	3.74318	3.74729	5.28618	6.02875	5.50966	5.14376	5.5348	7.48338	8.86873	7.39911	5.30359	2.6924	1.06128	4.12258	4.41374	3.31983	4.51098	1.58188	0.791091	0.729324	1.41491	2.0697	3.39877	3.64205	3.64209	4.0351	2.65169	2.4046	3.39404	1.45846	3.00982	3.33407	3.12667	4.79449	5.82027	4.67333	4.02736	4.31066	5.48718	5.82045	5.12871	3.75568	2.0697	1.1326	1.67777	2.12182	1.42593	1.11869	1.2381	2.12916	3.90177	4.50073	6.83668	2.15824	3.53789	4.77829	3.02013	2.0161	2.62786	0.791091	3.88983	5.6453	5.44471	4.88103	4.2525	2.76684	1.97704	3.2868	3.12646	0.791046	0.395542	0.250163	0.750452	2.26416	1.59169	2.5312	2.46247	1.77726	0.791046	0.530683	1.41491	1.90461	2.83361	1.82073	1.0759	1.13252	0.395564	2.15838	4.15647	4.969	3.01999	2.51269	6.79649	6.36419	2.06961	1.03141	0.729348	0.729348	1.67777	2.8556	3.28702	2.12925	0.395542	1.07592	0.530683	0.952568	1.76849	2.69254	3.43077	2.7949	0.530683	3.39877	3.35724	2.06961	1.06128	0.750504	0.750504	1.74177	2.29846	1.95315	1.25066	1.03135	1.27539	1.90452	1.38141	2.0697	1.82073	6.6105	8.63606	3.18574	7.49927	0.729348	5.18837	3.55536	3.78019	3.96887	1.67777	2.87733	3.82137	4.41382	2.62801	1.11869	1.52144	2.85015	3.48032	3.43071	2.48136	1.91269	3.48032	3.62496	1.66845	1.76837	0.791091	3.53792	3.87793	3.08648	1.2381	0.729348	2.50012	2.85015	4.10764	5.13767	4.86841	3.18592	0.901952	3.67611	4.29979	4.84575	2.12182	2.12918	2.96279	4.77829	3.32001	4.25245	2.30526	0.750452	0.176899	2.12918	3.55111	4.41365	0.952522	3.63758	2.37849	1.03141	0.729348	3.39404	3.64184	0.353795	0.500352	0.637814	1.58179	2.01606	1.87973	0.353795	1.82062	0.500317	3.53339	1.90452	1.95317	1.80346	1.94515	1.03141	1.66845	3.5335	3.39884	3.72655	2.65169	0.791091	0.791046	2.35884	2.9417	1.67777	0.750504	1.25068	1.03141	1.97704	2.48134	1.84621	1.66845	2.61016	1.82073	1.25066	1.66834	0.176899	1.52134	1.4259	2.40473	3.5774	3.67611	3.18588	2.65169	2.69254	2.30523	1.66834	1.50065	1.00056
2.7945	2.32527	2.23631	3.30074	3.55505	1.59153	1.23798	0.353761	1.18637	2.57368	1.82054	1.25056	2.01589	1.00047	3.00418	1.13242	0.729275	0.901844	1.77709	0.395507	2.67476	2.92544	3.39391	3.22442	1.76826	1.59153	2.89869	6.13707	9.00175	9.9199	9.73604	6.06351	2.29824	3.94887	1.59153	6.49507	6.88543	5.15226	4.84556	3.30083	1.74159	2.83334	4.41684	4.197	3.67573	3.39844	2.67476	0.176882	3.53756	4.197	4.25218	4.0654	3.74699	2.79458	2.21518	3.90144	4.26674	4.49358	4.25218	4.27039	4.03084	3.51998	3.18061	1.06117	0.729257	1.13242	1.28749	1.00047	1.11854	0.790976	1.77707	2.40441	4.73535	3.05061	2.49993	3.53758	4.02695	3.00951	2.4811	1.18637	4.99332	4.88044	3.41219	2.74389	2.70375	1.51096	2.32523	4.11837	3.53308	1.00047	0.530632	0.559343	0.901844	3.39374	3.02491	2.49993	2.01591	1.82046	1.28749	0.952471	1.45831	1.42581	0.790976	1.34687	1.63038	2.21528	2.51243	1.6776	1.95298	4.76481	6.00236	4.76807	1.25056	5.92203	4.31	0.395507	0.176882	0.395523	0.395523	0.250142	0.559325	1.38119	0.952437	1.66827	2.51243	2.01597	0.729275	0.176882	0.637748	1.60133	2.49989	0.790976	2.74382	3.39838	2.62766	0.395507	0.901844	0.707494	1.52121	1.52121	1.28749	1.42577	0.884342	0.952437	1.34687	1.11858	0.250155	3.4303	8.15005	3.77588	5.16409	5.24449	3.94887	3.50654	1.82046	3.55076	4.027	3.64166	2.40451	3.35692	3.36157	2.37841	3.41219	3.67573	3.25807	3.41219	4.5824	2.74389	0.88432	1.34687	2.15088	1.63035	0.559325	1.13242	0.791009	1.90442	1.75055	1.18642	2.45577	2.91467	3.22442	3.18061	1.50059	3.50654	3.2484	2.65723	1.90442	1.13242	2.13633	2.46221	2.12902	3.88545	2.89869	2.87699	0.395523	1.11858	1.82054	2.74382	4.1222	4.41684	3.60292	4.50024	1.51091	1.28753	1.6776	2.45577	3.08607	2.15816	2.26408	1.97686	0.707494	1.74152	2.06185	0.637748	1.58165	1.42577	3.01972	0.176882	1.45828	2.30501	2.23631	1.87966	1.34687	2.00033	2.65128	2.76093	3.77588	2.84973	0.952471	1.00047	1.41477	0.952437	1.28749	2.01599	2.40451	2.74961	4.07677	3.37544	1.63038	0.250155	0.729275	1.28749	1.6682	0.250142	1.27528	0.884342	0.729257	1.59153	1.45828	1.67755	1.82054	3.24852	3.18559	2.69226	2.3586	1.18642
2.06164	1.63012	2.01571	3.51952	2.54903	1.11848	1.94477	1.25042	2.01568	3.00387	0.790939	1.76803	1.50036	2.15783	3.14573	3.47947	2.76068	2.325	1.18631	2.06921	1.34669	0.901754	0.637692	2.85492	2.18661	1.23787	1.60116	3.47055	3.00925	5.99408	12.1541	9.821	2.46188	2.30473	1.60116	7.23837	7.25324	4.90234	5.07915	4.96805	1.94477	2.92502	3.71308	1.97661	1.45813	2.7605	2.62736	1.03115	1.25039	1.07572	2.15797	2.79433	2.25005	2.01581	1.18631	1.50036	1.27523	2.00026	1.76815	1.80311	2.15063	2.23601	3.00387	2.15783	0.884228	0.250115	1.38105	2.06164	1.41464	0.790939	0.395466	0.250133	3.05032	4.24071	2.84949	2.06921	1.77689	1.58158	1.42565	1.84586	5.72002	5.18738	1.4256	0.729208	2.23601	1.23787	2.13603	3.88894	3.62401	1.38105	0.176865	0.395488	0.884257	4.86714	3.33322	2.37148	2.40414	1.87937	0.790894	1.06107	2.12142	1.8795	1.42565	0.353727	0	0	0	0	0.500221	2.12869	3.57649	3.88906	4.16695	4.84492	4.16668	0.500221	0.395466	0.530581	0.500256	0.500256	0.353727	1.11843	1.63016	2.40414	1.8795	2.87671	1.28736	0.395466	0	0.353727	2.21495	0.884228	1.63016	2.96211	3.64118	0.901778	0.395466	1.06107	1.42563	1.28736	1.11843	0.790894	0.395466	0.176865	1.18625	1.03121	1.18631	0.353727	4.87995	7.00606	1.41464	4.81607	1.13238	4.02638	1.27514	1.51082	2.89843	2.15797	1.25042	2.15783	2.21495	0.559268	3.1851	1.90424	3.18513	1.25047	2.83305	3.68789	2.325	0.729208	0.790939	1.38114	1.03115	1.60116	1.25042	1.52105	0.884287	0.790939	2.15783	3.77947	2.13603	1.4256	0.176865	4.27337	3.57649	2.30473	0.637651	0.637651	0.952385	1.18631	0.559292	1.97658	1.00044	1.45813	0.637692	1.60118	1.07572	1.74134	5.49138	3.00387	4.52041	5.11529	1.52105	1.52105	0.884257	1.00037	1.80306	1.58158	1.13238	1.52105	1.25042	2.13603	2.62736	1.00037	0.500221	1.76803	1.91232	0.250133	1.75027	2.40414	1.45813	0.790939	0.500221	1.23787	4.21117	2.26373	3.53271	4.37034	0.901754	1.95277	1.34675	1.03115	2.60951	1.13238	1.06107	1.06107	2.85492	2.79421	1.51075	1.18625	0.559292	1.03115	1.52105	0.559268	0.729184	0.353727	1.50036	0.707426	1.80306	1.07569	1.63012	2.29796	1.42568	1.84593	2.01578	1.51082
2.5488	2.1285	2.1285	2.69164	2.12857	1.63007	2.12855	1.97642	2.76591	3.18482	0.395431	1.67723	1.2503	1.63001	3.68755	3.82006	0.353693	3.42959	1.25028	2.79396	1.51067	2.2978	2.74908	3.39779	3.00886	2.13592	2.30457	3.5192	1.97648	4.41241	12.6003	10.2858	2.65077	1.52091	2.15764	6.49374	6.29417	4.29853	1.27509	4.24028	5.14222	4.9207	4.2403	2.06909	2.13584	3.12558	2.15764	1.2503	1.07559	0.637626	1.28724	0.729117	1.52099	1.8202	1.97646	1.11836	0.707358	1.11833	2.54892	3.4793	3.57193	3.42971	4.23663	3.92057	3.39783	2.79407	2.65084	2.84923	2.45541	2.74908	2.45541	2.37137	2.54892	2.57319	2.15046	4.13281	3.53249	1.38093	0.952288	1.11833	4.50972	5.64352	3.6023	2.06155	2.48063	2.06909	2.65084	3.24778	3.14545	1.50023	0.176848	0.395447	0.53053	4.65853	4.11758	1.45803	3.94823	3.88871	2.01558	0.901689	1.52091	0.884195	1.458	0.353693	0.176848	1.25032	1.63007	1.06097	0.500177	2.1285	3.14545	1.42547	0.395431	1.9764	3.47023	2.74908	3.87678	3.62388	2.23588	0.707358	0	1.28724	1.95259	2.2497	1.42547	2.47434	3.18	1.4255	0.176848	0	1.66788	1.63001	0.353693	2.18641	3.90857	1.94459	0.790857	1.07561	1.60102	1.74119	1.42547	1.25032	1.42554	1.27509	1.11833	0.353693	0.176848	1.67728	2.35809	6.79425	3.81196	3.09051	1.28724	3.5324	1.18614	2.79396	3.13069	3.77933	3.70863	2.84918	1.45803	2.84931	2.40395	0.901689	3.00878	0.250093	1.62998	2.91411	3.30019	3.02437	1.458	0.176848	1.67723	1.94459	1.06097	1.458	1.11836	0	2.37127	4.57798	2.30457	0.559235	0.395447	4.16631	4.34148	2.32478	1.07559	1.38093	1.18614	0.500177	0.884173	2.01553	1.8202	2.35815	1.28728	1.45803	2.32482	2.01553	6.59936	2.65077	5.18693	5.23442	1.60101	1.25028	1.03106	0.395431	0.707358	0.790857	0.729117	1.82011	1.74119	2.1285	3.12558	1.76788	0.395431	2.29776	1.59123	0.395447	1.99995	2.62713	1.9764	1.07561	1.34656	0.250093	3.5762	4.07596	2.85466	4.273	1.2503	2.12855	2.54892	2.94083	3.00884	0.952288	1.27503	0.790824	2.40393	2.37783	1.8792	1.75012	0.250107	0.88415	1.18614	1.42551	1.58141	1.18619	0.88415	0.395447	1.13221	1.00033	2.49941	2.06902	0.559218	1.18614	1.458	1.8793
3.3928	1.91199	1.84553	2.12838	2.69151	2.37116	2.47412	2.48043	3.36061	4.06416	2.74313	1.03102	0.750216	2.85451	5.51026	4.75052	3.39297	4.64154	3.57586	2.0154	2.26345	2.15024	1.42539	2.2976	2.83253	2.37116	3.72513	6.65475	9.17398	10.1105	11.0624	7.31906	3.75404	1.42537	3.42929	4.41198	3.39744	4.24364	4.25091	1.25017	3.81991	4.11741	2.53025	0.729071	2.89773	2.89773	1.28713	1.6299	1.3465	1.03102	1.59109	1.11823	1.42537	1.87914	2.49923	1.25019	1.42537	4.60131	5.69493	5.99053	5.99309	5.83409	6.07476	6.06719	6.06213	5.59929	5.09034	4.41215	3.64069	3.75424	4.13624	4.86655	5.64325	5.26074	4.18473	1.28717	3.57162	5.18668	3.24761	1.42539	2.83255	5.51026	5.60199	4.10607	3.81171	2.7938	2.48043	2.70299	2.53017	1.27492	0.250072	0.395396	0.353662	2.76567	4.7504	2.74305	1.45791	4.06418	3.60199	1.84558	0.559169	0.530484	0.790755	0.176833	0.353662	2.62693	2.12843	2.65647	1.18609	2.13565	2.74869	1.28713	1.27492	2.89788	5.3712	4.86655	3.87644	3.53227	4.1549	3.00858	0.559186	3.01888	5.31617	5.64325	4.42272	3.74595	5.12663	3.71251	1.7411	1.38088	1.77659	1.41438	1.07552	1.82004	4.26913	4.36619	2.7938	1.76781	2.21466	3.35599	2.87619	1.58121	0.729071	1.42541	1.00024	0.353662	1.34645	1.27498	0.353662	4.7504	5.11755	3.13042	3.01898	4.49915	4.21063	3.42941	2.53019	1.50018	4.06035	5.16273	3.9949	3.42946	2.23568	0.901592	2.01535	1.75006	2.15028	2.30439	2.23568	3.53659	3.53657	1.42537	0.707297	1.7411	1.7411	0.790755	1.76777	1.11823	3.33264	5.12651	1.07552	0.637539	1.06088	3.53209	4.02954	2.40381	2.29764	2.83255	2.40381	2.18622	0.884073	1.66773	1.42535	1.0755	2.06127	0.559186	1.42539	3.60191	5.923	1.52078	5.04435	5.12648	0.884073	0.50016	1.77657	1.11827	0.559186	0.395413	0.884095	1.67708	1.77659	2.65649	2.79372	2.49915	1.38081	3.80344	1.62992	0.901592	1.99977	2.40372	2.18622	1.51054	1.25019	0.395413	1.97631	4.70793	3.49686	2.92451	0.884095	2.62693	2.30439	2.9983	2.65067	1.62986	1.42535	0	2.01532	1.91199	1.80274	2.46144	0.750216	1.27498	2.06137	2.91393	2.65067	2.30439	0.530484	0.395396	0.750216	3.77483	4.81854	2.76016	1.51054	2.65649	3.25716	3.55421
3.57549	1.00009	1.51033	1.11815	1.76763	2.62674	3.02379	2.65621	2.87594	4.1207	4.1207	2.94027	2.37749	2.49893	3.57549	1.81977	0.559128	4.3833	5.11387	0.530429	1.06077	0.952105	3.28542	4.19537	3.98274	3.55384	2.94027	2.47387	3.24716	6.69071	6.51628	3.79075	4.76612	1.13199	6.40193	7.21108	6.79329	5.67538	3.46965	2.37737	1.66763	2.01522	2.62676	3.15981	3.00827	1.62967	0.901516	1.18596	1.5207	1.9761	3.00835	4.02541	3.53622	1.59092	1.18591	2.65026	3.18424	7.08246	5.6014	4.87868	4.02541	4.42575	6.16226	7.90629	8.39172	8.16955	7.561	6.29316	4.1954	2.37749	3.01866	6.45954	10.114	11.2376	10.9481	10.0768	5.31562	2.12821	5.52092	4.68767	3.33245	3.88797	4.41163	4.03314	4.49868	3.70792	1.42524	2.21433	1.81977	0.750098	0.353625	0.728977	0.395371	1.66756	3.0082	3.36028	3.91989	3.01866	2.52993	2.01514	1.00014	0.395371	1.03091	1.50002	0.790705	2.75972	0.750138	2.01511	0.884003	1.84533	1.49994	1.25008	2.57269	2.46118	1.51033	1.95222	2.49902	2.21443	0.884003	4.26863	2.32438	3.28525	7.03029	6.84496	7.27042	3.37415	3.28525	3.08491	2.46127	1.99967	2.01519	1.74092	1.51038	1.74092	2.74284	3.88396	3.36026	1.41423	0.500108	2.29736	3.89995	3.98274	3.02379	0.884003	0.750138	1.28703	1.18591	0.637503	1.97605	2.96127	4.42206	1.41423	3.39708	4.11698	5.08683	3.77861	0.750138	1.76763	1.62973	1.80259	2.65621	2.21433	1.77639	0.750138	2.74855	3.18436	2.74277	2.15722	1.42524	0.637472	3.35564	3.77443	2.54844	1.42522	1.11815	2.74277	0.395355	2.40347	5.05303	4.34065	0.530429	0.790705	1.77639	2.67373	3.96713	5.18619	5.43074	4.60095	2.62676	3.25675	2.13551	2.94027	3.85591	2.87599	3.36026	2.85422	3.87204	4.81477	3.68685	0.500108	4.4535	4.25033	1.25006	0.176814	0.728995	1.62969	0.750098	0.500081	0.637472	1.18591	1.5207	3.02379	0.884025	3.08992	2.87584	3.9197	1.18591	1.6007	1.90362	1.76754	1.11811	1.45775	1.58111	0.901516	0.55911	1.03091	3.00316	2.01522	0.637472	1.62967	1.95222	1.80255	0.500081	1.74085	1.62973	1.60072	2.15722	1.38066	1.07539	2.48015	2.01522	2.21443	2.87599	2.69123	1.27485	2.45483	1.11811	0.884003	3.1794	7.38504	6.16477	5.18909	2.79354	3.71212	3.08499	1.18596
3.18393	0.707161	0.883903	0.395337	1.07531	1.81969	3.00801	2.79318	1.24997	2.35744	3.08462	1.28692	1.07531	0.790603	3.02349	3.29927	2.69679	4.35812	4.65723	0.637417	0.637417	2.54809	1.84523	3.35999	3.46935	3.72441	4.98813	6.94007	8.95015	8.55718	3.77809	1.34619	4.02877	2.57247	8.77058	9.75459	5.88824	5.48966	4.99432	2.92406	1.28688	1.76748	1.66749	2.01502	0.952022	0.530382	0.901419	0.559079	0.952022	2.12062	2.691	3.7076	3.81089	2.79318	0.250024	3.42864	4.49123	7.90522	3.81089	4.19488	2.37061	1.49989	3.72441	5.23618	5.77188	6.25334	6.16657	5.11657	4.26826	1.62959	2.46097	7.73372	9.1225	7.56646	6.114	6.89778	8.47173	5.18553	1.41411	3.7076	2.70253	3.41046	2.74253	2.18585	3.37382	4.24271	1.18586	2.15704	1.24993	0.559062	0.530382	1.07529	0.559079	2.21414	2.62642	0.39532	1.87878	2.89732	2.9611	2.32417	1.49989	1.62955	1.81961	1.18586	1.28688	1.66741	1.27474	1.76743	1.58091	1.76739	0.728913	0.250024	1.77625	3.68663	4.02895	3.85558	2.4988	2.49875	2.52968	2.62642	3.18396	1.87868	8.28674	7.96472	4.29362	6.6254	2.85386	1.27468	1.06067	0.883926	0.750033	0.559062	1.03077	1.60056	1.67676	2.65003	3.03884	2.12791	0.395337	0.39532	1.60056	2.83199	3.51822	2.13524	1.03077	1.07529	0	0.395337	1.62953	2.49867	4.74617	1.11805	4.10512	1.03077	1.34624	2.52976	3.00283	2.30388	1.74077	2.32417	2.60855	4.66057	2.01504	2.30388	2.30393	2.52971	4.24997	2.45461	1.03077	0.883903	1.06067	2.67353	2.70253	3.08462	0.883903	2.76514	1.62953	4.12019	6.25314	2.85386	1.00005	1.38061	1.95206	2.30393	1.18586	1.62961	2.65016	2.37071	1.62955	2.45461	1.27474	1.49989	2.57247	1.49989	2.47994	1.62955	1.4251	2.06845	1.38054	1.28688	4.11644	3.03884	1.38054	0.530382	0.790603	2.2629	0.500038	0.728913	1.13189	0.176799	1.24995	1.81961	2.30388	2.92395	4.36874	2.99756	2.29711	1.59078	1.45759	1.90345	1.45763	1.80239	1.27468	1.91162	0.637448	1.91162	0.559079	1.34619	2.01494	0.530382	0.707161	2.40328	0.728931	0.883926	1.34624	2.01496	3.00794	1.42507	0.353594	0.883926	1.24997	1.24995	1.60058	1.18586	1.13189	2.24907	1.03077	0.951988	5.12553	7.73372	3.12488	5.18553	1.62961	2.85386	1.07529	1.42507
2.89687	0.707093	0.707093	0.637391	0.901329	0.39528	2.26266	2.87529	0.530331	1.84499	3.24654	1.42501	2.06079	2.15695	1.42498	1.58074	0.499985	3.53105	3.49564	0.707093	0.35356	2.37036	2.12777	1.6004	1.03067	0.901354	0.901329	0.901354	7.23499	11.1714	5.60018	1.2868	3.24173	3.1836	9.0498	10.7534	0.88387	1.84506	1.91154	2.29688	2.26266	0.499985	0.707093	1.1179	0.883811	0.728864	1.41397	0.951937	1.24985	2.70221	2.30373	3.39645	4.24228	3.51786	1.77608	2.51085	4.19448	8.63931	6.55041	3.70724	1.62936	0.883841	3.24654	4.07453	5.12529	6.20335	7.07049	7.11369	6.72375	3.22253	2.60828	9.90784	8.94063	4.79784	6.76935	7.73906	9.12986	9.41795	7.23539	2.15695	1.97573	4.29319	3.18369	1.97573	2.84815	4.26784	3.4825	2.69075	0.39528	1.62947	1.27463	0.499985	0.35356	2.15681	2.69639	0.72884	1.62939	1.13177	1.42496	1.23728	0.559028	1.81942	2.40304	1.27463	1.45744	1.07521	1.67666	1.84506	2.47969	2.74225	1.1179	0.883841	1.52043	0.637391	1.45744	1.28675	0.559028	1.59063	3.54871	2.69075	2.52942	1.67659	6.47705	8.76632	3.39659	6.31125	4.61685	3.18381	3.2563	3.47802	1.84506	0.559028	1.97573	2.47341	0.63735	2.70221	3.46891	3.00255	2.62631	2.62631	2.18565	2.3572	3.71133	2.92365	1.62939	0.883841	0.249997	0.176782	1.3804	2.37691	4.20919	1.2868	2.47972	5.53399	6.5973	5.48356	2.84826	2.37691	2.21391	1.41397	1.06057	4.89974	1.51004	3.04882	3.77375	3.19836	3.62231	2.30373	2.46083	1.24988	0.901329	0.728864	1.51011	4.57984	5.07676	1.91154	1.97568	4.42122	6.2303	2.12769	0.39528	0	1.58074	2.40304	0.750007	0.749954	0.395302	1.87848	2.30364	1.13177	1.27463	1.06057	2.15681	1.42498	0.883841	1.52043	3.08443	2.84815	1.58083	2.67328	3.24654	2.51085	2.13502	0.88387	1.18569	2.01473	1.03073	1.18575	1.80221	0.951937	1.42496	1.28675	3.12439	1.97565	4.84255	2.01473	2.37691	1.13177	1.03067	2.15681	0.499985	2.52942	1.84499	2.23496	1.66734	2.3572	0.750007	1.81942	2.74788	0.249997	0.728864	2.12775	1.94386	0.790566	1.41397	1.80221	2.87529	1.91142	0.35356	0.50002	0.35356	2.12042	2.14966	1.80221	1.87848	1.74945	1.13177	0.883811	5.86635	7.36065	0.901354	5.32896	1.84506	3.19836	3.2563	3.6863
2.30344	1.27449	1.50996	1.27449	1.34598	1.42482	1.77589	3.35011	3.81845	3.7237	5.30257	5.08542	4.4975	4.90271	4.06272	2.21381	0.951839	3.01772	3.53522	2.5293	1.50996	0.558972	2.14945	0.901246	1.97555	3.49552	3.37328	2.51076	5.68177	12.0307	7.94223	2.40289	3.87079	3.24625	9.96288	11.4651	3.6733	3.25592	1.80208	1.50991	1.97547	1.28664	0.707025	1.1178	0.883734	0.999807	0.901264	1.13173	3.00226	4.79086	3.87496	4.57603	7.12166	7.8421	5.69276	3.00752	0.951805	5.11559	7.99787	7.11528	4.86469	4.00113	6.01879	5.1845	3.35011	4.96531	6.54048	9.33998	11.372	8.07915	2.37025	10.7635	10.1875	3.9188	6.12544	8.34026	9.61638	10.0398	10.154	7.21755	1.97555	1.90309	4.18313	5.28215	4.97782	5.98825	6.54756	5.42923	4.49734	2.87509	3.71115	2.40289	0.790484	0.901246	3.00745	2.46058	1.77589	2.40282	1.95169	1.34598	1.11784	1.76709	2.46058	3.12428	2.79276	2.49832	2.76472	2.45425	3.08415	4.53518	4.42452	3.85484	2.60816	2.91281	1.81934	0.353526	0.951839	0.176765	1.97553	1.99911	0.728791	2.01455	3.63914	6.62441	7.50824	0.883734	6.29878	6.73472	5.18475	4.24202	3.88288	2.30349	0.530281	2.62601	3.08415	1.11784	2.49823	3.08413	2.62603	2.13492	2.60805	2.26246	3.12411	2.79262	1.45731	0.353526	0.395261	0.749928	1.74043	2.47318	2.1275	1.74043	2.18538	2.84789	4.00113	4.79741	5.18475	4.65657	4.66979	4.27121	3.81025	1.74037	4.15331	2.49832	0.749928	1.91135	0.728791	3.88698	5.53341	5.13981	3.71107	0.728773	1.03057	0.99986	3.37317	2.87509	1.0751	3.24625	6.49308	2.89662	0.176765	0.499968	1.49952	2.01458	1.74043	1.84487	1.52027	2.92339	3.3915	0.707025	0.728773	2.26246	0.749889	2.83145	2.64965	2.84789	1.03057	2.52922	2.51076	2.57205	1.07509	2.37015	2.93931	0.530281	1.18558	1.24971	1.18563	0.558972	1.91125	0.728791	1.34593	0.901246	2.06805	2.84797	3.98154	1.1178	2.1275	1.1178	1.34598	2.83145	2.12761	2.84789	0.353526	1.18558	0.558972	1.28664	0.249976	2.01455	3.00736	0.558954	1.27443	1.58067	2.96053	2.84797	2.74207	1.97555	1.18558	2.18538	1.76714	2.54773	2.62603	1.95169	0.395244	2.06048	2.01455	1.49952	1.24969	0.558954	4.96829	7.22805	3.88698	5.59973	2.23482	2.60816	3.5044	4.03202
1.91105	0.249967	0.728724	0.749863	0.353492	1.11769	1.28655	1.49947	2.12736	1.58053	2.40271	3.94607	4.00078	4.00078	5.08497	5.39453	4.84194	4.91168	5.28169	6.02363	5.73808	3.37284	0.74981	1.97527	1.90289	1.03047	0.790414	1.42474	3.63877	11.3887	9.0481	1.28651	2.65519	6.3493	13.5815	10.7958	4.02782	4.52111	4.88961	4.88961	4.57896	3.42778	2.06793	1.80192	0.883701	0.79037	0.637269	0.499889	3.72314	3.55233	1.62912	3.15865	5.6406	8.38856	7.92445	5.91791	7.11466	6.05929	1.075	3.15865	4.62949	5.48251	9.07664	8.51037	3.87462	2.91254	1.50982	2.13461	6.88007	8.05557	3.25552	9.42695	11.8915	1.80187	1.81907	4.4518	5.60732	4.26332	5.64022	6.34652	4.89911	4.98674	4.87697	4.58575	3.15865	1.62916	0.176748	3.25568	7.88784	8.90709	4.99294	2.23462	0.395226	0.901156	2.12743	3.94607	3.63898	2.84766	1.60012	0.883701	0.901181	1.24959	1.27438	2.69024	3.24611	3.12401	3.08893	3.1832	3.5041	4.84194	6.75915	8.33783	8.18337	6.75915	5.05141	3.72328	0.883701	0.353492	1.075	1.34586	1.50982	3.1977	3.22199	1.90298	3.54803	7.57425	4.26354	0.558898	2.12001	3.08375	3.42769	3.37284	2.47294	0.883671	1.74924	3.39594	1.91118	0.790414	1.87825	2.29644	3.24589	2.37646	2.75867	2.51037	1.38013	0.74981	0.7287	0.790414	0.883701	2.12734	2.52904	2.26238	1.58044	3.56985	3.33123	2.74755	1.18553	2.82568	5.39156	4.79699	5.9048	5.20805	1.99894	0.883671	2.52907	2.87494	1.42474	1.2743	0.558921	2.51037	3.87439	1.94349	2.12736	0.749863	3.24111	2.85303	1.13163	2.40258	6.1019	3.42762	2.12736	2.75886	1.76698	0.749863	2.13473	1.66702	1.13163	3.39574	4.55159	0.74981	0.901156	2.06027	2.13473	3.54803	2.6258	4.74831	4.55189	1.81918	0.951708	0.706957	0.79037	1.9753	3.46825	1.11774	0.883642	0.901181	1.11774	1.58044	2.40258	1.18553	1.90298	2.14925	1.18546	2.01448	1.24959	0.728724	1.24956	1.27438	1.87825	2.91254	2.30335	0.249967	2.29655	1.62916	1.23705	1.11774	1.67634	1.95148	2.01434	1.50982	2.12734	1.27438	1.62912	1.80192	1.60012	1.8447	2.01448	0.728724	1.45721	2.40267	1.80187	1.03053	1.76698	1.95148	1.2743	1.52014	3.2413	2.35682	2.60778	5.53269	4.76462	4.81298	2.26238	2.01448	1.62916	1.11769
2.51015	0.558864	0.558847	0.395169	0.706889	0.499872	0.7903	1.50967	2.01424	1.34572	1.34572	0.637172	1.49931	1.27425	2.29632	3.77683	4.19343	3.88214	2.69576	4.16377	6.375	5.67246	0.395169	1.59017	2.6255	3.34947	2.40243	0.728634	3.75189	12.1995	10.5219	1.62899	2.57148	7.41467	10.9631	4.36358	1.50962	1.03038	1.34572	3.24097	4.77376	4.15243	1.84446	1.11759	0.883586	0.395185	0.395185	1.51991	3.50355	3.08344	2.21329	2.69563	1.42457	3.56952	6.07111	3.14353	5.42812	6.35818	5.39092	1.58036	0.951622	1.23693	8.08307	7.7465	2.06772	1.49931	2.49779	4.36369	4.59867	6.37729	4.49641	6.86831	12.0491	3.91786	1.5803	4.86351	7.65345	5.97919	3.5477	2.99642	1.45707	3.68522	6.83062	7.58778	5.88599	4.79649	3.89811	4.13365	4.35663	8.63708	7.89291	4.62896	1.77557	1.18536	1.34567	1.18541	1.62899	1.34572	0.883586	0.499872	0.7903	0.999616	0.883564	2.21329	1.27425	1.49931	2.18501	2.52881	2.26215	2.26215	3.24097	4.33879	4.62896	3.6386	4.29569	5.46488	3.00687	0.901091	1.51991	0.901091	1.59017	4.70512	4.36369	4.29569	3.08344	4.58528	7.68353	4.78995	0.395185	2.85277	3.08847	2.87449	1.5803	1.76675	2.23433	0.790333	2.67247	2.51015	1.87806	3.80125	3.3167	2.47898	3.51687	3.08847	1.51991	0.728634	1.49923	0.176731	0.637203	2.75843	2.62542	2.79222	3.50373	1.62899	0.637203	2.01427	3.57398	6.12408	4.73783	1.67617	2.92294	4.91746	5.12379	3.96527	2.24821	2.30311	2.45367	2.45378	3.7438	3.57395	3.39549	0.530179	4.24847	4.13007	5.35927	3.48132	3.40928	3.78913	4.58512	2.62539	3.18274	2.3698	2.84738	2.32324	1.18536	0	0	3.12352	4.40945	0.637203	0.951622	1.49931	2.6255	2.30304	0.883586	1.13151	2.47898	2.74148	1.97509	0.728634	1.66677	1.13146	2.64901	2.26203	1.23693	2.51015	1.84446	2.62539	1.51991	0.395185	0.395185	1.97509	2.89607	0.176731	0.728634	0.883609	0.353458	0.728651	0.395185	0.7903	1.6289	2.85277	1.58036	1.27419	0.7903	0.395185	1.24947	0.901073	0.558864	1.97515	2.14904	1.13151	1.38001	1.11759	1.13146	2.13442	1.51998	1.77557	1.90272	1.23693	3.18274	1.11762	0.176731	1.03038	0.883564	2.91218	3.25534	4.62882	0.951622	2.69563	1.97515	2.479	1.87806	2.06018	1.9433	0.249928
3.3722	2.29611	1.03033	0.749666	1.03027	0.558814	1.07477	1.42438	0.176714	0.790262	0.951571	1.51975	0.558814	0.558814	1.67595	1.37996	1.97492	2.74683	0.637147	0.883472	4.76339	5.93987	5.04127	5.12337	4.74419	3.96494	2.45989	0.728561	4.02295	12.4223	9.76524	5.51784	9.95138	10.2887	8.24812	3.63829	3.29771	2.89596	2.37617	1.62884	3.52981	5.64756	5.43904	4.96712	3.78879	3.14326	3.86989	5.23956	4.2953	2.65471	2.76379	1.90253	2.45357	2.70124	4.40899	0.499793	3.40881	3.42697	4.79582	3.81738	4.90134	6.20114	7.62689	5.25691	2.52856	2.18481	1.24932	3.0014	3.68489	6.52899	5.79285	6.53126	11.8855	4.26612	1.51975	5.04094	8.03886	6.01704	2.83065	2.7412	1.07477	2.7918	3.08316	1.18523	1.97497	2.18474	3.08316	6.34548	6.54574	6.18121	5.63935	4.42314	1.42444	2.2341	2.84711	3.18259	3.74347	3.00148	1.49918	1.42447	2.74702	4.27002	4.40928	3.18256	0.951571	0.706821	2.06	4.11847	5.3935	5.61762	6.62264	7.11331	6.37703	6.49158	7.94991	6.06318	0.39515	2.62527	3.31636	1.97492	1.03033	3.80906	4.41266	2.70124	4.13322	1.50953	3.63804	4.52004	3.18256	2.49756	1.84428	4.24082	4.24082	2.64883	2.47246	3.08328	2.35637	2.69535	2.12702	3.57347	2.64874	1.18523	3.31636	3.80087	2.1196	1.45693	2.296	0.55879	2.01409	4.09185	3.74331	2.35637	1.62876	2.21306	0.637106	2.12702	3.37234	6.30888	4.99164	1.34553	0.395128	2.15598	1.87776	1.84435	6.61334	8.55893	5.91937	1.6667	0.883502	1.62881	2.847	1.42441	4.19288	2.29606	5.60625	3.94516	4.52025	3.71002	3.28337	1.67595	2.7918	0.900983	2.296	1.37987	1.94311	1.06016	0	2.36945	3.8977	3.52993	3.18259	2.3029	1.84435	1.97497	1.6667	1.42447	2.30284	3.51652	2.76379	1.24937	0.530128	2.40221	1.59979	2.52845	0.790262	3.14305	1.13134	2.84706	2.57132	1.80157	1.11752	1.42438	3.00647	1.07477	1.7754	0.883502	0.883472	0.883472	0.728561	0.883472	1.76652	3.03736	0.999581	1.58014	0.39515	0.901008	1.07477	0.176714	1.24935	1.77538	0.176714	1.95113	1.42444	1.27414	2.7413	2.65469	1.37996	2.14884	2.87432	2.89596	2.47246	0.637147	1.37996	2.23419	2.23419	4.23707	3.08834	3.12319	2.54701	0.951571	2.3563	1.59981	0.749719	1.24937	2.32306	2.84717
2.83038	2.672	1.59964	1.24921	1.03018	0.558757	0.883417	1.18513	0.63705	0.790181	0.883439	0.55874	0.9009	0.558757	0.900918	1.42432	1.4243	1.24921	0.728512	0.395093	2.30256	3.8088	4.99146	5.11076	4.7437	3.88549	2.45964	1.18513	4.0226	11.7044	7.35931	8.36422	11.5049	9.30735	6.40518	3.72228	3.42679	2.87409	2.74102	1.66653	2.54675	4.79553	5.35848	5.3498	4.32361	3.12308	4.10293	5.46956	3.88549	2.01388	2.06726	1.06006	2.37592	2.30267	2.21286	1.49895	1.94293	0.637081	2.84683	3.75137	4.98835	6.1106	5.18272	0.9009	3.00111	3.02175	1.24921	2.1559	3.47633	6.74101	7.15726	7.00169	11.6488	2.62491	1.51961	4.06097	6.84916	6.0165	3.37188	3.40851	1.7397	1.34541	2.47851	4.3804	1.66653	3.78824	1.62867	4.79558	6.54507	5.67164	4.87546	3.56889	1.77521	4.11408	3.17729	3.63786	3.74308	3.8854	1.80139	1.77523	3.39489	4.26958	4.36646	3.00117	2.29579	1.58	2.49731	4.74689	5.42716	5.60605	6.68647	7.08672	6.1307	7.0607	8.24934	6.45529	5.61675	2.74102	5.47218	4.02646	2.45955	2.01388	5.13773	2.30267	1.42425	1.37982	0.95144	3.02175	3.08297	2.05979	2.29579	3.74308	5.46384	4.07244	1.76646	2.89566	2.35614	0.637081	2.1559	2.3026	1.91052	0.530077	2.62491	3.80053	2.1194	1.76641	2.52823	2.50967	2.65445	3.70965	3.74296	2.1341	3.2402	3.42667	2.87394	3.18217	3.39037	4.32352	3.00621	1.81856	1.13124	2.40188	2.62489	3.73877	7.17244	8.57926	6.69784	3.29729	1.97471	1.50938	4.3055	1.07469	3.56883	1.62867	3.86928	2.36934	4.16297	7.01917	3.77592	0.900918	1.34541	0.558757	2.52823	0.883395	1.77523	2.36924	0	1.06006	2.68945	3.52956	3.12308	2.30267	1.73977	2.12675	1.62867	1.37982	1.81864	4.65459	3.00104	1.03023	2.89551	2.52831	1.59964	1.42428	1.45675	2.40188	0.63705	1.90242	2.84683	2.49728	1.11741	0.395109	3.00621	2.69512	1.94293	1.97471	0.63705	1.62859	0.95144	1.62859	1.27394	2.05969	0.999476	0.706754	0.728494	0.900918	0.883417	0.63705	2.13401	1.58987	1.62859	3.12793	1.77521	3.01656	2.625	2.01386	1.42432	1.90242	2.52833	2.87409	1.90242	0.728512	1.94293	2.23397	2.23397	3.18223	3.74301	1.62859	2.54675	3.00104	3.24501	1.24927	0.74964	1.59964	1.8777	2.75804
2.47827	2.32257	2.49703	2.18439	2.695	2.84663	2.23376	1.77504	0.900811	0.900811	0.749575	0.637025	1.07459	1.844	2.695	3.39007	3.42653	3.39007	3.42653	3.31591	2.91143	1.76624	0.395074	0.395074	0.728445	1.24913	2.32257	2.49703	4.12873	11.7071	5.46887	11.3586	10.1828	4.57721	3.55117	4.30534	5.43801	4.99103	5.35801	5.18232	4.24008	4.45038	5.5697	6.85777	7.03616	4.10257	2.14843	3.00073	1.81848	2.695	1.73961	1.95073	2.37571	2.99574	3.0164	3.22075	2.50958	2.18439	1.66638	1.74856	1.95073	2.01367	2.2477	2.79126	2.60678	2.70065	3.37155	2.05961	1.90225	4.36578	7.30861	5.61893	11.1131	2.24754	1.58972	3.68404	5.9568	6.18235	5.68463	6.19981	4.58725	0.951389	1.3796	6.60238	2.40175	5.50544	2.84663	1.73961	2.64841	5.37814	6.15766	5.22976	5.59726	7.75246	8.09811	8.32007	5.62745	1.67562	1.94274	1.41316	2.05948	1.90225	2.36913	3.72186	4.58727	3.51598	2.83011	4.12873	3.77159	4.49539	3.87314	2.45942	1.42419	3.38984	3.38984	4.86207	7.83997	2.35592	5.39211	4.59723	1.66628	3.00082	2.49697	1.45665	1.80118	3.00091	2.92212	2.01367	1.07459	1.73952	4.81096	3.08266	5.81045	6.68566	2.85207	0.999389	2.47827	2.6542	2.50958	3.67157	3.88503	1.24913	2.24754	3.50252	1.3796	1.27381	2.23367	3.7384	3.31573	2.45295	2.65418	2.40175	1.97451	4.81115	3.5989	2.26136	1.99817	3.63753	4.06066	2.92197	1.42411	1.45661	4.1139	6.69257	5.29985	2.93788	5.51373	2.528	4.43983	2.87384	3.94434	1.05996	3.08257	3.04714	4.46418	2.68921	1.42411	8.03921	2.89521	1.7663	1.11726	1.27389	1.57983	1.49879	0.951343	2.50941	0.530026	0	0	0.395052	0.530026	1.07457	0.728445	1.27381	0	0	0.530026	4.90008	2.89521	0.17668	3.8164	2.12652	1.66628	0.530026	1.24911	2.47827	1.58972	0.636984	2.21263	2.30232	0.395052	1.11731	3.42637	2.92197	1.62842	2.05948	1.6285	2.30238	1.59948	2.40163	0.999319	1.07457	1.3797	1.11731	1.18501	0.558683	0.749575	1.77506	1.90216	0.790067	1.8774	3.04706	3.18189	3.47584	1.11726	0.706686	0.353356	0.395052	0.558707	0.637025	2.15557	0.17668	2.15557	1.24908	1.18501	0.706686	2.76326	3.80833	2.8954	4.70375	2.85193	0.749523	0.249854	1.51946	0.558683	0.249871
3.08228	2.12632	2.4968	1.91025	2.62452	3.01609	2.82433	2.40144	0.55865	1.34516	0.749496	0.728372	0.88327	2.2954	3.22044	3.37134	3.48014	3.37134	3.48014	3.40797	3.5288	3.01599	0.529975	0.529975	0.636958	1.03003	2.12632	2.4968	3.6837	12.1793	3.54637	13.5227	8.80716	4.06039	3.63719	4.30489	5.35746	5.03979	5.18178	5.35746	4.35496	4.37979	5.47985	6.61141	7.91676	5.63772	1.76612	2.76302	2.30218	2.76313	1.97439	1.34521	2.7405	2.99542	3.25405	3.08235	2.50932	1.91025	1.62836	1.74838	1.34521	3.46661	2.45917	5.25545	2.60655	1.67553	3.56815	2.05939	1.76612	1.13102	6.37731	2.79104	10.6308	3.74217	1.18495	3.25397	4.87442	5.1368	5.4629	6.68504	6.83896	2.29535	1.13102	7.82957	3.97925	5.31105	2.84633	1.62836	4.07171	6.42065	5.99512	5.12186	5.32571	6.99846	7.93803	8.59872	8.70348	2.60655	1.77489	0.999284	0.49968	1.76612	2.57057	4.23586	4.75894	3.23973	2.21254	4.58336	5.3573	4.54968	3.87274	3.00572	1.77489	2.15538	3.14217	3.61991	6.39651	2.13369	3.1815	3.63277	2.15538	3.18156	1.49866	2.5705	4.59682	3.29675	3.39424	1.74838	0.88327	1.97433	6.00764	3.88464	4.74599	7.23879	5.08536	0.999284	1.73943	3.0057	3.04684	3.6201	5.63765	2.45908	2.74606	3.50221	1.13102	0.789996	1.41302	3.51552	4.50502	2.21244	1.74838	3.18156	2.45273	3.91655	3.59854	0.353322	2.23354	3.18165	5.6839	4.35476	1.1849	1.45647	4.98422	5.56907	3.22044	6.62036	4.12836	2.95874	4.7622	2.93776	1.76608	1.05986	3.29666	4.09069	4.07179	4.70332	4.13207	7.0699	0.728354	1.90206	4.02183	1.45651	0.706618	0.499654	0.728354	1.51932	1.1849	0	0	0.176663	0.395034	0.883247	0.636958	0.789996	0	0	1.1849	4.65367	2.648	0.395017	2.36879	2.32235	0.395034	0.395034	1.24899	2.2954	1.18495	1.87724	2.45273	1.81821	0.176663	2.68883	3.22038	1.59933	1.87724	1.11716	2.12632	1.95057	2.01342	3.14217	0.999232	0.728372	1.42405	1.80101	1.42398	0.558632	1.24899	1.94255	0.79003	0.353322	0.636928	1.81829	2.7405	2.14818	1.11716	0.706618	0.353322	0.176663	0.55865	0.728372	2.40142	0.636928	2.40142	1.74829	1.42398	0.706618	2.06686	2.65394	2.87354	3.89659	1.42402	1.24897	0.749457	1.51932	0.558632	0.249845
2.89466	1.45633	2.12612	1.42392	0.499637	1.27357	2.14797	3.25375	3.88441	4.65347	4.61345	4.6535	4.1169	3.57226	2.65369	0.900662	1.24884	0.394998	0.789915	1.11705	2.82954	4.41095	2.74025	0.728305	1.24889	2.01332	3.91612	7.67991	10.8889	13.3719	4.2392	14.0785	5.28419	1.62822	2.32217	2.52759	2.18397	1.62819	1.18485	1.42383	1.28577	1.05976	0.353289	1.37934	4.74536	6.35516	6.51037	6.68458	6.30679	6.35535	7.50339	6.78695	4.26839	2.40133	2.84602	3.15684	3.75032	4.37941	5.12141	5.6045	5.97919	5.85168	4.19145	7.20643	7.56006	7.94311	7.38865	5.97919	5.97919	6.10891	8.25799	5.59346	6.89169	6.52651	1.73919	2.52759	4.83907	5.91711	7.86806	10.7071	13.6983	13.3593	9.51752	8.39258	7.08446	6.90756	6.01502	3.86837	3.24406	3.85213	3.14206	2.21234	0.883192	3.12702	5.25517	6.69596	7.63187	3.01568	5.80679	8.65943	9.29354	7.97748	5.485	3.00543	3.00532	0.883133	1.11709	3.81567	4.89914	1.73919	1.45633	2.95844	2.21221	1.07436	3.12702	1.37934	4.93701	6.44167	6.48912	4.97453	3.19586	3.25359	1.84357	5.28727	4.70286	1.27357	1.07439	4.20624	5.18133	2.21234	4.93387	7.33675	4.86148	3.57207	5.46229	5.63738	4.11312	3.94374	1.42392	1.81813	2.69432	6.05583	8.05133	6.85852	3.00541	1.02987	0.394976	2.54587	4.51831	3.51531	2.62429	3.35245	5.56857	7.57621	7.31388	3.42588	0.558599	3.08716	6.18855	3.63239	2.85152	6.73258	9.96876	7.33879	2.82954	7.59979	4.13164	4.15043	1.24889	3.5723	4.87418	4.72929	5.75626	7.37407	4.16181	3.37082	5.85144	7.32181	0.883133	1.9018	3.94365	4.2611	3.79959	2.76289	2.01318	1.24889	0.883133	1.11709	1.76596	1.99779	2.26108	2.69449	2.87329	3.37105	3.38943	2.6479	1.67537	3.18117	3.18128	2.1262	2.36855	1.76585	1.27365	2.40133	2.87322	1.45637	0.499637	2.14797	3.18126	2.67119	1.27365	4.12794	2.67119	1.02994	1.95036	1.81813	2.12612	1.41289	2.23324	3.34775	2.45263	2.60643	1.87717	2.4966	3.15684	3.63689	3.55049	3.01582	2.6479	2.30202	1.42392	0.789959	0.789915	0.999128	1.1309	0.728281	0.883192	1.66606	1.62822	1.42392	2.84602	3.0821	3.18128	3.17638	2.57033	2.62429	4.26839	4.96522	4.23927	5.08502	3.25375	2.89466	1.97421	2.12612	1.24889	0.558599
2.64749	1.05966	1.62802	1.77455	1.11694	0.789845	1.27352	2.75698	4.0251	4.7451	4.62636	4.69272	4.16138	3.28199	2.01311	1.67515	1.74796	0.529874	0.353255	0.499584	1.90988	4.05952	3.91568	2.21201	2.45861	2.13328	5.15675	10.9853	12.1835	10.4638	8.75892	14.7799	3.81534	1.66589	2.18376	2.40105	1.90988	1.5088	1.13086	0.394958	0.728232	0.789878	0.353255	1.13081	2.18376	5.048	6.4719	6.48845	6.2179	6.40279	7.37965	7.3402	4.91464	2.62399	2.57008	2.99485	3.74993	4.50437	5.22822	5.6149	6.01957	5.14493	4.29323	5.59563	7.3548	7.94229	7.09266	5.97857	6.01957	6.09821	7.38582	8.65304	0.951109	8.4976	4.89871	2.295	4.17993	5.74769	7.93653	10.1391	12.8214	13.7213	12.365	6.18065	8.92808	6.46711	7.06444	4.77103	1.24879	1.87698	3.31493	2.82929	1.62799	5.43902	7.64922	6.24007	3.72078	1.45623	8.53148	9.75801	9.32494	8.24624	6.62165	2.4587	2.01301	1.62796	1.80066	2.36834	3.6703	2.93706	0.789878	3.18091	3.42536	0.728232	2.69989	1.87688	3.72085	6.76588	6.34502	4.62636	2.059	4.74164	2.29491	6.65613	2.4964	0.353255	3.23896	5.47024	5.35643	6.21765	4.28959	7.33602	5.90341	1.67515	4.05961	5.90348	4.98327	3.68311	4.1012	3.0462	4.16117	6.6724	8.99564	9.21573	5.1357	2.01301	0.176629	1.57939	3.02059	3.23911	3.08176	2.62399	5.20159	7.69512	6.83794	5.9033	3.77447	3.74158	5.15675	1.11698	5.95513	7.55318	9.96778	11.05	5.66922	5.88233	6.35436	2.30178	4.83843	5.48426	4.98645	4.7288	5.36796	7.37334	6.35449	0.883056	5.62562	8.5118	3.61922	3.32881	2.57008	4.70253	3.79921	3.70405	4.9893	1.02983	0.394941	1.80066	1.90169	1.99758	2.36843	2.76261	2.89455	3.42552	3.55013	2.85123	1.6752	0.728232	2.73997	2.52734	3.81534	1.27345	1.76574	2.62399	2.52736	1.45623	0.499584	1.27352	2.99996	3.73734	1.45623	4.58249	2.12593	1.02983	1.34495	1.81794	1.62802	1.41275	2.23304	2.49632	2.37501	2.50884	1.97404	2.059	2.99485	3.61941	3.38907	2.84579	2.62402	2.69994	1.77455	0.789878	0.353255	0.99904	1.37922	0.951075	1.07428	1.97402	1.7391	1.37929	2.26085	3.18101	2.73997	3.54566	2.36843	2.95826	4.49404	5.34776	4.23882	5.21634	5.90066	5.61461	2.12593	2.32191	1.59902	0.900554
2.40071	0.706415	0.728165	1.73885	1.66564	0.558492	0.900489	1.24865	1.94998	1.5086	0.394901	0.529823	1.57932	1.9974	2.15489	3.02035	3.17577	1.77438	0.558492	0.394901	0.353221	1.99726	3.40686	3.7079	4.41013	3.12642	8.08709	12.0559	7.33921	2.0128	12.2119	14.7552	2.06626	0.558469	1.13069	0.998936	0	0.394901	0.176612	0.499506	0.176612	0.176612	0.394901	0.882993	0.789808	0.394923	0.394923	1.11683	2.05869	1.73885	1.13076	3.91529	5.12028	4.45905	3.25312	1.76563	1.90152	2.67072	2.69969	2.30158	2.13309	1.81778	2.6473	1.90152	1.49832	1.62791	1.73894	1.57932	1.28557	0.636739	2.23282	7.8195	4.0895	6.78521	5.91566	3.77005	0.789764	1.76557	1.90959	0.176612	2.18348	6.00588	11.0594	3.74116	9.01625	3.0203	5.67677	4.26006	2.29468	1.74777	1.34476	2.527	2.11839	7.38477	7.84867	1.41261	1.2361	3.0459	9.0829	8.08709	4.50397	5.55916	7.04854	5.12028	2.05882	1.42356	2.12565	2.36809	4.0207	3.77005	0.63678	3.03562	3.37017	1.24863	1.66564	3.25296	2.84537	2.95788	1.37917	1.45605	1.07418	5.55902	3.87954	6.48747	2.32173	2.62376	3.00474	4.75758	4.41726	6.93245	4.69201	2.45201	3.9781	5.68246	7.22852	5.6363	2.65316	1.24863	6.09979	4.37827	6.45669	5.90007	4.37827	8.49675	7.73168	5.73097	2.91031	1.76551	0.998936	0.999006	2.82903	2.35502	1.81767	3.12654	2.45216	5.23626	5.62505	4.05914	4.78676	3.00495	5.72533	5.40154	3.96245	9.8454	8.05143	5.6361	5.71189	1.74789	5.52834	5.66864	1.13076	1.28557	2.05882	4.231	7.88165	5.45842	4.29266	7.2723	5.91566	2.0128	4.42052	1.57923	1.28557	3.08638	6.13747	1.80053	1.62783	2.18348	0.882993	0.728165	2.29474	2.958	2.05882	0.706415	1.2734	2.91031	2.8726	1.42356	1.57923	2.40074	3.77408	0.950978	2.21179	1.34476	0.394901	1.62779	1.07418	1.42362	1.2486	3.96242	1.41261	4.30341	0.950978	0.558492	0.749287	0.900465	0.558469	1.5086	2.23282	1.90143	0.706415	0.63678	1.24863	0.558492	0.394901	0.176612	0.176612	0.499506	0.176612	2.0128	1.51887	0.176612	0.63678	1.07415	1.42356	0.882964	1.13069	1.51887	1.13069	0.176612	1.34476	2.06635	1.90971	2.30144	0.749235	2.30144	2.45201	2.52703	2.24684	2.69962	6.58362	7.26181	0.353221	2.11839	2.52703	1.24863
2.15456	0.706347	0.636714	1.97358	1.90942	0.558436	0.9004	1.59872	1.9498	0.636714	0.176595	0.950893	1.57915	1.9972	2.12557	2.87239	3.54498	2.73938	0.900382	0.176595	0.353187	0.998849	1.94181	3.12622	4.4097	6.39407	12.953	11.4066	4.40969	0.249749	14.5484	13.5997	0.950927	0.558418	1.37895	0.998849	0	0.176595	0.394865	0.499462	0.394865	0.394865	0.176595	0.636714	0.789727	0.529772	0.529772	1.11673	2.05851	1.97358	1.28544	2.73945	4.40625	4.98232	4.24518	1.76544	2.14739	2.82875	2.69942	2.30134	2.01272	1.81759	2.4771	2.14739	1.49816	1.66557	1.8431	1.57915	1.13065	1.87652	3.15578	4.61185	3.04567	2.45814	4.14926	5.75436	3.25268	1.45595	0.728075	0.636683	1.28544	6.728	10.341	4.57488	8.54748	3.63568	5.67627	4.25968	3.47865	2.24649	0.900382	2.29447	1.57915	8.31392	6.92304	1.41248	2.76196	3.04562	9.08211	10.1662	4.37812	5.70079	6.86325	6.39178	2.49588	0.394882	2.37443	3.81461	4.90727	3.18034	2.45179	3.03535	2.12546	1.24851	0.950893	2.75631	2.36788	2.32146	1.50851	1.05945	2.29447	4.23426	2.75646	6.246	1.87662	2.73945	1.02959	3.37005	4.24531	3.6823	2.99932	0.636714	2.12557	4.98861	6.92555	6.4015	2.65291	0.749209	6.09926	6.1068	4.12678	6.34113	0.394882	5.7007	7.376	6.6802	5.12873	3.25268	0	1.41248	2.21169	3.39289	1.81751	2.79008	2.62349	1.76535	4.96048	3.74086	4.23797	4.05875	2.24649	4.32104	1.8431	5.59434	7.64777	4.53085	2.18328	2.65291	1.67483	4.51704	2.85059	1.58895	2.0586	3.15591	7.27809	6.79149	2.4771	3.87108	6.83857	2.01262	5.59158	1.57909	1.58895	2.13279	4.97289	3.3468	2.29447	1.9736	0.636714	1.2854	3.2954	3.36998	3.19495	0.706347	2.56951	2.91002	4.42012	2.15456	2.54516	2.62341	2.30123	0.728075	2.45179	0.900382	0.176595	1.87652	2.06607	1.9736	0.249736	3.71997	1.41248	3.81461	0.728075	0.558436	0.749209	1.34464	0.558418	2.21159	2.23261	2.36788	0.706347	0.728093	1.24851	0.900382	0.176595	0.394865	0.394865	0.499462	0.394865	2.01262	1.51874	0.636683	0.728093	0.882909	1.18445	0.636683	1.37895	1.51874	1.37895	0.394865	2.78995	1.90951	2.06614	0.900382	1.24849	2.78995	2.21159	1.4235	2.2466	1.67488	5.61629	7.50085	2.2603	1.57915	3.63566	1.24851
10.4153	10.2711	10.1319	10.4153	10.653	10.5009	10.3852	10.2054	9.06017	7.758	6.73002	5.25326	3.36976	2.15447	1.62759	2.14719	3.54464	3.89477	4.13035	4.73404	4.44783	3.54913	2.45801	2.13257	7.4533	13.0249	11.9509	6.33094	11.9515	14.7506	17.612	11.7121	3.68207	2.84499	2.56935	2.06595	1.74756	2.01255	2.74491	3.00437	2.12539	1.50838	1.51868	2.13268	2.62329	3.25257	3.25257	2.54506	1.76523	1.27308	1.50838	1.66542	1.5888	2.74472	3.46493	3.50075	4.49278	3.39269	1.50838	0.176578	0.394847	0.706279	1.27308	1.27308	0.394847	0.24971	1.3445	1.42334	1.57901	2.06586	2.78966	3.77336	0.882794	2.2943	3.91462	4.44755	4.0888	5.48291	5.48291	5.22677	4.62507	6.28461	8.42885	2.29424	7.94359	4.80848	3.96166	3.51382	4.58462	4.68147	5.17935	5.35494	3.70727	9.08118	6.19602	1.90107	3.25234	3.631	8.98605	9.16046	1.62759	3.15545	4.24465	5.23533	4.24482	2.84499	3.17516	3.47829	4.17853	3.04539	2.6991	2.21136	2.11798	1.80019	1.13055	1.74744	1.97341	2.1253	1.67466	0.176578	2.5449	3.19464	3.01466	6.36954	4.06986	0.529721	3.17516	3.81446	4.44783	4.57126	5.11942	4.96333	4.29202	3.81446	3.6184	2.76168	3.8788	3.34661	5.22644	6.35249	1.62748	4.78577	5.29701	0.998814	4.96011	8.08589	9.84697	8.08573	1.94964	1.28527	0.789656	2.29424	4.05453	2.84499	1.76523	0.499445	4.36328	3.4062	1.90116	2.18307	3.14085	1.76523	1.13055	2.95731	5.91188	2.24641	3.86693	1.90116	3.52711	5.76469	6.58962	5.75407	4.49278	3.77361	6.21841	4.96305	0.728026	3.25234	5.38903	5.86005	8.09906	2.54506	3.15545	1.11666	2.82846	5.50239	3.9423	1.57901	0.882854	1.59856	2.06586	3.9423	3.01466	1.28532	2.35449	1.97337	3.98893	2.4956	2.90966	2.68753	1.11662	0.499445	1.76517	0.789612	0.353153	2.21136	2.301	1.73852	1.50838	2.76168	2.40028	3.97734	1.49803	0.353153	0.789656	0.950796	0.728002	1.57892	1.97341	2.15433	0.636658	1.23586	0.353153	1.42332	0.529721	0.636617	0.558385	0.900292	0.24971	2.12524	1.49793	1.13047	1.24839	1.50838	1.45582	1.28532	2.47684	3.19469	3.54913	3.99696	4.78584	3.08597	3.314	3.49187	3.314	3.00426	1.67466	0.394825	0	0	3.94208	7.10545	7.17625	6.50789	4.06986	0.789656
10.3741	10.2875	10.1309	10.3741	10.6127	10.4942	10.3842	10.1574	9.1057	7.94308	6.87326	5.43719	3.73604	2.40013	1.66525	1.90097	3.17486	3.34627	4.2042	4.73355	4.65121	4.11483	3.00399	4.05786	13.7251	15.6006	5.91166	7.84659	12.8337	14.9789	14.2279	7.4997	3.94185	3.01436	2.36753	1.97328	1.74738	2.13246	2.92015	3.00406	2.52637	1.6274	1.67456	2.35433	2.69318	3.25223	3.25223	2.5448	1.27303	0.353119	1.37876	1.62742	1.18427	1.24825	2.01231	3.90238	4.49232	3.39234	1.77387	0.636561	0.52967	0.706212	0.789542	0.789542	0.52967	0.249688	1.81717	1.97322	1.57885	1.07387	1.34438	5.25245	0.636561	5.11869	3.76905	0.882762	3.57054	5.48234	5.52709	5.28488	4.74332	4.05414	5.47643	2.76143	5.68081	5.42295	1.07387	2.12512	3.76905	4.35247	5.35439	5.17882	5.10974	10.0355	6.43824	1.45564	2.75579	5.56567	8.74692	5.72374	1.66525	2.23219	2.75579	3.17486	4.58082	3.01436	2.84465	1.42319	2.35428	2.78953	1.51852	0.727953	2.11778	1.80001	1.28519	0.249688	1.4232	2.32102	2.60505	0.636561	0.706212	4.01957	3.25218	4.98137	5.84875	4.1297	2.36753	3.81407	4.40545	4.50265	4.93477	5.34572	4.66444	3.7485	3.66908	2.29403	2.75593	4.59428	3.54862	5.11866	0.176561	3.08566	6.00438	6.0526	3.91431	7.14998	10.1572	11.5128	4.96261	0.727953	1.05925	1.07387	3.29486	3.54434	1.27303	0.499393	5.1066	5.52404	1.90097	2.6229	3.12069	2.56902	1.77385	2.32102	5.66704	3.74009	3.88252	4.12599	6.92172	5.4002	6.44798	5.84889	5.48222	4.0274	5.45967	1.94945	2.21117	5.72912	2.21117	8.95855	7.24122	5.12775	5.07935	1.79997	2.47663	4.84635	3.94189	2.11778	1.07387	1.24829	1.62736	3.94189	4.24437	4.02338	1.59843	2.69305	1.99671	1.80001	2.11778	2.68729	0.499393	1.11652	0.353119	1.27297	0.789542	2.45132	1.81717	1.07385	1.37876	1.23574	4.50244	3.76898	1.80001	1.76502	1.05925	0.52967	0.95071	0.706212	1.4232	1.42316	1.50817	1.8427	1.27297	1.62736	1.18422	0.882717	0.558329	1.34438	0.249688	2.37398	1.4978	1.37869	2.13238	1.6274	1.27303	1.4232	3.08051	3.89435	3.38778	3.99654	4.23716	3.00406	3.14053	3.49151	3.14053	2.13246	0.900227	0.176561	0	0	1.76506	4.79187	6.7814	6.83754	4.32031	1.45564
1.57865	0.950627	0.249679	1.13027	1.41209	1.76495	2.05803	1.76495	2.5261	2.99848	2.4951	2.69282	3.24224	3.17948	3.03465	2.89319	2.87159	2.06556	2.39992	2.25978	1.58851	2.30059	2.66968	7.72865	17.9211	11.9191	7.38418	13.7974	8.58593	5.35386	3.36901	0.394772	1.97303	1.94127	1.13033	0.900149	1.02935	1.59829	1.59827	1.13033	2.47641	2.30066	0.727889	1.27285	1.11642	0.727889	0.900149	0.900131	0.748961	0.882662	1.27292	1.18417	0.529624	0.394755	0.176546	1.84254	2.39992	2.14679	1.27285	1.07377	1.34432	1.24818	0.900149	1.24821	2.12498	2.36732	2.82246	2.84441	2.54458	2.37389	2.3007	5.90055	3.94155	4.74269	2.21097	1.18412	3.36901	2.84445	2.05803	1.05916	1.18417	2.18273	2.37377	4.80743	3.12042	3.42375	1.42306	0.176546	1.45551	1.11645	1.42304	1.0293	4.1144	11.3762	7.88444	1.79982	4.46073	8.45979	8.71165	3.36901	0.249679	1.66503	2.21097	0.900131	2.78917	1.97309	1.79985	0.727889	1.0293	1.18412	1.27285	0.353088	0.789473	1.76495	2.68715	2.18273	0.749	1.876	2.54445	1.45554	1.27292	2.87149	2.30066	0.900149	5.06983	7.00018	2.14679	1.76486	0.499323	0.99857	0.353088	2.4764	4.1144	1.50804	1.07376	3.23744	2.39992	3.17939	2.15396	4.01917	1.41209	3.23744	2.91978	8.69774	5.32789	2.62279	5.10615	11.4552	8.26232	2.18273	0.727872	1.876	0.636506	2.84432	1.76486	1.28508	4.26573	5.82709	1.27292	3.34587	2.29392	2.21097	3.2519	3.34598	6.1052	6.11773	1.62722	4.80736	7.96317	5.36545	1.07377	3.81373	7.20034	5.38836	2.32085	1.42306	3.25182	5.77141	1.73828	10.2745	3.54403	7.47448	7.91158	5.17837	3.35056	2.50766	4.68059	5.11833	0.789473	1.50809	2.76119	2.39983	5.14226	4.97151	3.70651	3.17946	1.45554	0.394755	1.42306	1.37857	0.749	1.37857	0.353088	0.88264	1.24817	2.76119	1.45551	0.789506	1.62726	1.34432	4.96218	3.73982	2.93582	1.45551	1.11645	1.62726	0.727889	1.37857	0.558262	1.81701	2.18268	2.14676	2.4764	1.24818	0.950627	1.57871	1.79985	0.950627	0.636506	2.37377	1.42304	1.42304	2.50753	1.34427	1.02935	1.77371	3.01399	3.32725	0.789506	0.950662	1.18412	0	0	0	0	0	0	0	0	0	0	0.394755	0.900131	2.69862	4.9591	3.17458
1.42289	0.499271	0.176527	0.529569	1.13021	1.42295	1.50793	1.49759	2.64604	3.89361	4.08756	3.59571	4.35143	3.52601	1.8424	2.30046	2.62249	2.36707	2.7554	3.2801	2.14657	1.13021	2.99824	13.5532	18.8463	2.84411	16.801	15.7346	8.65359	5.52323	3.63443	2.54431	2.93551	3.96075	3.91356	2.99313	2.25955	1.9006	1.62709	1.13021	1.58834	2.29364	1.7381	0.900055	0.636439	0.748922	0.950562	0.394731	0.394731	1.13021	1.90878	2.6461	2.9983	2.36707	1.45539	0.529569	2.24574	2.25955	0.727795	1.57855	2.7441	3.47748	3.86579	4.9836	5.48129	5.37348	5.43331	5.61442	5.85833	5.7444	5.17783	6.18462	5.76302	2.23183	2.84403	3.01378	5.61169	6.72576	5.52603	4.05728	2.87129	1.62709	1.66493	3.78478	5.28097	3.03434	0.789424	3.2516	2.89289	1.13016	0.727795	1.9006	1.67424	10.8526	8.81404	2.13197	6.29013	10.0023	7.42464	3.03434	2.13205	2.49489	2.56853	1.42295	2.93551	5.23408	4.93383	3.12503	2.23183	1.8424	1.07366	0.394731	0.558222	1.42293	2.25955	3.78478	4.05728	2.9983	1.76472	0.529569	0.394731	1.73803	1.51816	1.02919	2.93537	5.68496	4.35869	4.65033	4.35164	3.2801	2.87134	1.67424	2.99817	3.81315	0.789391	1.07366	2.3004	0.748922	2.01193	2.15373	2.13205	3.89361	1.42289	6.21674	9.16986	8.75777	4.62371	6.62463	10.2255	6.14229	3.32706	2.66944	2.6461	4.06863	4.06855	2.39958	1.76468	4.05718	4.06867	0.950562	1.97284	1.73803	3.86579	5.35337	6.96023	9.16153	7.25233	0.394714	6.45396	8.26911	6.99308	3.73943	1.37843	2.5074	3.08492	5.28374	6.96692	4.89299	4.65345	8.84997	2.6461	6.44675	8.59223	6.71426	1.28491	3.3269	2.45096	6.67982	4.30139	2.89289	2.90891	0.950528	4.26529	2.7889	2.99824	2.11737	0.63647	2.7889	2.45729	1.28491	0.950528	1.24801	1.05905	1.02919	2.82216	3.70612	1.90878	2.13205	2.68687	2.60455	2.52581	3.63443	3.63438	1.1163	0.950562	1.45539	1.07364	1.13016	0.529569	2.87119	1.27272	1.34413	1.27272	0.748883	1.13021	1.76477	2.47614	0.789424	0.950528	2.13197	1.58834	1.2355	2.54419	2.06528	1.50793	1.77353	2.6224	2.99817	1.07366	0.882592	0.529569	0	0	0	0	0	0	0	0	0	0	0.176527	0.558222	1.67424	4.58331	4.74236
1.5078	2.12457	1.90044	0.899976	0	0.353021	1.27261	1.18394	2.14638	3.35453	4.23225	4.60983	6.35032	5.98218	3.96038	3.23696	3.23696	2.90866	1.45523	0.636414	2.78866	2.06517	7.89468	18.2766	12.1692	13.5129	18.256	9.35098	4.01861	2.50718	2.62228	3.27982	3.61702	4.11375	4.68962	4.35126	3.27982	2.50718	1.90862	1.07357	1.2479	0.727732	1.57841	1.66479	0.789355	0.353021	0.394696	0.72775	1.11624	1.6741	2.73816	4.10998	5.38734	5.36152	4.06832	3.29394	2.52567	0.950479	1.90852	2.0117	2.23163	3.24177	4.40423	4.72568	4.11375	4.5014	5.37302	6.01561	6.22125	6.15432	5.91261	5.69812	5.64111	4.24332	5.3844	4.87039	4.10998	4.49108	4.80665	4.80985	4.9114	4.17718	3.27982	3.0848	4.11375	5.78651	5.13244	2.78866	1.87564	2.75502	3.86527	5.84727	8.31227	9.33148	6.48151	0.727732	6.52392	10.7982	6.09641	0.176512	1.05896	2.3002	2.99798	2.15365	2.62226	3.68067	4.40418	4.49103	3.17894	2.50718	2.25935	2.15365	1.37838	0.789322	0.636384	1.28483	3.11982	3.52588	2.25935	0.950479	0.353021	1.84218	1.42277	2.45707	4.74195	2.64581	1.6741	3.63411	4.51508	2.78875	1.90044	3.25127	1.13011	4.18813	2.90866	1.02915	2.62215	2.45699	1.81674	1.5181	0.499253	2.0117	4.23586	1.13006	3.34534	5.17738	7.23912	3.74745	5.74364	6.27514	5.98231	4.26513	3.23696	4.23598	6.5405	6.6173	4.23598	2.47592	2.66917	3.17887	1.27267	3.03392	2.78864	2.69815	4.05682	5.95141	10.2772	9.54335	6.07397	1.37838	4.78405	7.85435	8.17254	6.15181	6.51229	8.18524	6.64279	6.87122	8.5541	6.06361	2.65168	1.13006	3.25115	9.3168	4.58291	6.60322	1.24794	7.07902	6.34052	1.11624	1.18394	2.13178	3.84924	0.249631	2.18226	1.41182	1.11621	3.74726	0.998379	2.30015	1.2848	1.42277	1.34401	3.51253	4.24319	2.87104	1.42281	0.706015	2.78877	5.45535	2.87109	2.21065	3.12467	0.950479	2.78877	2.84935	2.18231	2.66921	2.25935	1.27261	2.64587	2.69243	2.05764	1.59798	0.249631	0.636414	2.13178	0.249618	1.11621	1.67404	1.45527	1.42283	2.78866	2.39939	0.899976	1.45523	2.62217	2.52559	0.558155	0	0	0	0	0	0	0	0	0	0	0	0	0	0	0	1.79947	3.12475
1.34394	1.74674	2.1243	1.57818	0.394639	0.636318	2.29316	1.6268	1.7644	2.69202	2.64547	2.23134	4.74133	5.01024	3.00287	2.60421	3.13938	4.05263	3.40461	0.529472	1.5076	2.54387	12.7362	17.3644	1.51797	15.6237	11.3026	2.73791	2.39924	1.51797	1.13002	1.13002	1.4227	1.66464	1.97256	2.49447	2.23143	1.99608	1.57827	1.62675	1.67387	0.558122	0.558122	1.07344	0.950348	0.394661	0.49921	0.705947	1.07344	1.59781	3.04388	3.35423	2.87084	4.05263	3.70542	2.87077	3.17367	1.6268	1.81647	2.39912	1.57818	1.42265	1.59783	1.23528	0.789285	1.4227	2.15346	2.75492	2.89238	2.91907	3.29364	5.29434	4.66259	3.42296	3.76766	2.46941	0.705947	0.950348	1.42267	2.56805	2.84349	1.45508	1.76446	2.36666	2.23143	3.17863	6.00208	5.49982	3.8691	1.58805	6.24245	6.73336	4.59273	3.17857	3.42274	1.7377	4.33282	11.1205	8.07237	0.789285	1.11614	0.727659	2.01147	0.558099	1.24777	2.15332	1.11609	3.07935	1.37826	1.27256	1.66464	1.67394	1.42267	0.882438	0.176495	1.7377	1.37816	1.05885	1.57818	1.90017	2.18211	1.6268	1.42267	4.75767	2.84909	1.23528	0.558122	0.899869	2.12424	3.32627	1.94071	0.529472	3.13917	2.65143	3.56476	1.79929	3.03361	2.89219	1.42262	1.37826	1.67394	0.636359	3.17845	3.24129	1.4227	1.11614	2.11698	4.59256	1.07344	2.82713	3.54302	2.49447	0.727683	1.37826	4.28636	6.02004	6.07068	4.01799	1.45508	1.49722	1.27248	2.05733	4.64923	0.882379	2.89219	0.950394	4.76743	8.38573	8.6694	5.98161	1.45513	0.882438	2.82716	3.76766	5.13189	6.99373	2.69783	7.54716	9.34322	4.45593	3.84885	1.13002	4.64927	10.4099	1.87544	6.78076	1.62675	6.67853	7.12984	1.11609	0.49921	3.81243	2.84349	2.15332	3.04388	1.62683	1.58805	3.7345	2.32015	1.51787	1.029	1.51787	1.02906	4.67907	3.12435	0.899869	1.74662	2.65141	4.52831	4.26103	2.45685	2.74363	1.81658	2.84896	2.62206	3.04396	1.90845	3.56476	2.62202	2.39912	1.24786	0.882438	0.727683	0.24961	0.899869	0.950394	1.842	0.727659	0.998275	1.12994	0.558122	0.950394	2.68626	1.90017	0.394661	2.13157	2.78838	1.67387	0.176495	0	0	0	0	0	0	0	0	0	0	0	0	0	0	0	0.352987	0.950394
1.84188	1.37811	2.29978	3.00256	1.59766	0.882302	2.15313	1.23516	0.950263	2.45652	3.00256	2.6687	4.31819	5.13141	4.28958	3.91247	3.38619	4.58204	5.10434	3.71768	2.62178	5.82225	16.2413	10.5412	8.96944	14.5941	7.97526	1.9	1.76423	1.50751	1.24773	1.37811	1.42256	1.18371	1.37811	2.4566	2.99747	2.75463	2.56788	2.47545	1.9723	1.37811	2.29304	3.03349	3.40442	2.21022	1.76427	2.36641	2.36641	1.79916	2.54348	2.75449	1.45499	3.54264	3.91235	2.69764	3.3907	3.46308	2.4566	3.56443	3.42256	3.56886	3.08421	2.24512	1.1299	0.352953	0	0	0.394604	0.899786	1.59766	4.80875	4.35025	1.77303	3.52512	2.75463	1.41154	0.636262	0.249571	2.0647	3.19284	2.49423	0.882346	0.727593	0.499132	1.5879	3.86853	2.13138	1.42256	1.27237	5.87734	6.6228	3.5471	4.65237	6.60456	6.7124	1.62663	10.0309	9.74488	1.11599	0.72761	0.636292	1.9	1.05875	0.636262	1.90816	0.352953	2.15313	0.899804	0.899804	0.394621	0.882302	0.899786	0.748713	0.899804	0.636262	2.12412	2.01139	2.1241	2.21013	0.950263	2.06477	2.12412	2.76014	1.59768	0.950263	0.882346	1.28455	1.27237	3.63328	2.78822	2.15324	4.28587	1.66447	2.39893	3.25058	3.32598	2.56781	2.90803	1.37804	1.23516	1.11603	1.90816	2.45652	1.24773	1.28455	0.882346	3.27903	0.899804	1.94851	1.34375	2.0647	1.07336	0.558049	1.0289	2.8487	6.52973	6.30058	2.1241	1.28455	1.45499	2.84332	4.09771	1.0289	2.93455	1.05875	0.176478	3.04366	7.56283	9.35075	7.21668	4.52786	0.727593	3.11922	4.97904	5.3975	1.81631	7.81371	8.79105	2.99734	3.88059	3.73846	5.8696	8.59831	0.558049	5.4344	3.00256	5.35164	7.20582	2.01137	1.62666	3.03334	2.18184	1.97227	2.47545	2.24512	1.18371	1.9	3.29331	2.87054	2.29304	2.69764	1.97233	4.25687	2.95574	3.27919	2.62176	3.15369	2.15313	2.87054	3.61633	2.78824	4.40334	5.6727	3.07916	2.99734	0.176478	2.60383	2.65117	3.73416	0.72761	1.18366	1.27243	1.42256	1.77303	1.27243	1.45495	1.18371	1.94052	0.176478	0.882346	1.11603	2.21013	1.51774	0.558066	2.15313	2.37286	1.12984	0	0	0	0	0	0	0	0	0	0	0	0	0.176478	0.249584	0.176478	0	0	0
1.799	1.76412	2.06459	3.19253	2.843	1.02886	0.88224	2.37278	2.7431	2.231	2.14572	1.50731	2.18162	4.40294	5.67229	5.66417	5.52402	6.68908	8.07508	8.41134	6.9906	14.774	15.2542	4.01742	15.0036	13.1838	6.3292	2.65092	2.06459	2.13127	1.87521	1.62652	1.37799	0.998153	0.789134	1.24762	2.37278	3.13878	3.46276	3.52478	2.82662	2.01122	2.35301	2.39882	3.47173	4.02132	3.88036	3.71736	3.38589	3.00239	2.52495	2.52485	1.81612	2.31975	4.45868	4.41698	4.4135	4.96935	4.89437	6.61544	6.5294	5.9498	4.51044	2.90783	1.59753	1.11593	0.882269	0.636237	0.558015	0.727544	1.24759	3.76684	5.41975	1.62652	3.52467	1.1298	2.64505	1.97215	0.899721	1.07324	2.11658	2.95536	1.27223	0.72752	0.950212	2.14572	2.15291	1.49704	2.60371	3.21671	4.35694	6.00094	5.14011	8.20902	9.41098	11.4772	7.16084	4.93171	10.7526	7.05781	1.94034	0.394586	1.4224	2.13127	1.76412	1.45481	0.394564	1.42235	0.88224	0.176461	0.529371	0.176461	1.02886	0.950212	0.998153	1.23504	0.789134	1.51768	0.88224	1.24756	1.62652	2.99712	1.73746	1.62649	3.93964	1.94835	1.24759	2.39879	1.23504	2.06459	2.50648	1.62652	3.29301	4.40294	2.39882	2.50631	3.31164	2.11658	3.34426	2.78785	1.07326	0.727544	1.24756	1.84172	2.39882	2.84855	2.62155	1.23504	1.84172	2.231	0.72752	1.87521	3.24083	2.3662	1.45485	2.01118	5.80597	8.62583	7.11387	4.57157	2.87029	2.69739	1.42235	2.14572	2.45627	0.705812	1.3779	1.84172	4.57835	8.32986	9.56429	9.55022	8.58727	4.6617	3.62861	3.73378	0.727544	7.10277	8.65171	2.78785	1.94835	2.84311	7.40341	5.67207	1.79895	2.39869	2.6509	4.5273	6.24126	0.557992	2.31975	4.18705	2.25872	1.07326	1.42243	1.62649	1.1298	0.636237	0.748648	1.81623	2.50648	2.3662	2.29953	3.52478	3.56857	2.95547	1.27232	2.75985	0.249545	2.87015	2.14577	1.62652	3.29289	2.44992	2.12384	3.98629	0.636196	1.12972	2.75985	3.46264	2.06459	2.56756	0.636196	0.249562	1.24753	0.705812	1.05865	0.899721	2.13116	1.66422	1.57797	1.81623	1.41141	1.24753	0.88221	1.12972	2.29272	1.73737	0.176461	0	0	0	0	0	0	0	0	0	0	0	0.249545	0	0.249545	0	0	0
3.5682	3.73775	3.42195	3.5638	2.82084	1.51752	2.06438	2.75972	3.91172	5.7604	6.62874	6.122	5.22575	4.3744	4.02091	3.42195	2.50622	0.249536	3.24053	5.56228	8.96429	20.2098	6.73151	16.9324	14.6231	8.55293	3.70445	1.67345	1.05855	1.11581	1.18349	0.789052	0.499062	0.52932	0.176444	0.789052	1.11581	0.882177	1.66407	2.13097	2.47499	1.76394	1.05855	0.63614	0.52932	1.34354	1.62635	1.34354	1.50722	2.44981	3.23573	2.36596	1.02871	0.352885	1.62632	3.47585	4.44444	4.95955	5.31916	6.04121	4.23436	2.75411	2.73704	2.86984	0.997996	0.557959	0.789052	0.727471	0.557959	0.636171	1.12968	2.66818	5.29003	5.13057	3.63268	1.34354	1.94816	2.49375	2.1237	1.51752	3.00208	4.92827	3.5941	1.81604	1.62626	1.84148	0.950081	0.882133	0.394545	3.12347	3.42183	4.05147	5.37097	7.40279	4.73043	8.41026	9.78621	4.40594	5.86858	10.897	8.6233	4.41653	1.5876	2.01098	3.52454	2.99173	1.50722	1.37778	1.11578	0.950115	0.789052	0.727453	0.394545	0.899613	0.882133	1.24747	2.14556	1.37785	0.998049	1.37785	1.74622	1.84148	1.27212	3.03276	1.42226	3.97444	4.11211	1.42228	1.73722	1.34349	0.557959	0.74857	0.998049	2.64479	3.07857	2.44981	2.45605	2.23071	2.84816	2.12365	0.352885	0.249536	1.07314	1.11581	0.727471	0.789052	1.37785	1.42224	2.24457	0.882155	2.37241	3.19223	4.60817	5.52063	3.89182	1.28431	1.50722	5.72827	8.70695	8.31087	5.58982	1.97198	0.557942	1.66407	1.28431	1.02876	1.12962	1.97195	1.90788	1.49681	4.11211	7.01606	10.9093	11.7601	9.27146	5.34204	0.352885	6.46485	8.66664	2.49367	1.27218	4.95636	8.98628	3.86397	5.11529	1.73728	0.727471	5.13036	5.84486	1.79882	4.59116	4.40596	5.36238	6.8398	5.43077	3.21646	1.66415	1.42226	1.62635	1.66415	1.12962	1.34349	2.99683	0.998049	1.02876	2.9181	1.02871	3.13829	1.18349	3.17764	1.12968	1.07316	1.51752	5.2785	5.03359	3.89178	1.81604	2.23078	3.01226	3.17757	1.07316	2.86989	2.35272	0.557959	1.51752	2.56739	1.77269	1.05855	1.76385	2.29927	1.18344	0.499036	0.249523	0.789052	2.39857	2.99689	3.24996	2.4497	0.394528	0	0	0	0	0	0	0	0	0	0	0	0.176444	0.249536	0.176444	0	0	0
4.89027	6.83921	7.45965	7.06098	5.90726	4.8555	4.20105	3.93894	4.34918	5.4613	6.05343	6.47881	7.70429	9.42515	9.90867	9.27577	8.45458	8.61567	9.51072	8.68027	18.0749	15.5665	11.9754	15.548	8.15199	3.86762	1.90772	1.11571	0.899524	0.557909	1.12958	2.01083	1.81588	1.34342	1.51739	1.62621	0.997962	0.39451	1.18331	1.28418	1.42213	1.81588	2.15264	2.15264	1.76378	1.49675	1.76378	2.29918	2.848	3.34376	3.54611	3.49777	3.03265	2.15264	2.848	4.73978	6.33789	7.26526	6.72433	4.72346	2.20961	1.11571	3.52399	3.24957	0.727381	0.499019	0.636115	0.899548	0.788982	1.02866	1.73713	2.54289	4.17521	5.87601	6.21835	4.41266	2.56716	2.45591	3.52851	3.0121	4.09673	6.18117	6.23305	5.23112	4.58072	2.66789	1.18331	1.57767	3.00182	4.45783	5.32435	1.94797	5.49763	4.66093	2.0108	4.48872	7.31286	7.99381	1.62613	5.97933	8.79559	6.29874	3.08316	2.95479	2.01083	2.39833	2.35249	2.05654	1.18331	0.727404	0.557909	0.39451	1.18338	0.788982	1.05845	1.02866	0.636074	0.557885	0.176428	0.394488	0	0.636074	0.529269	2.84246	2.31926	1.12958	4.01666	4.95911	3.86364	2.0108	1.18338	1.49675	0.899548	1.51729	1.94795	1.34342	2.37216	2.0107	2.49341	1.6639	1.11571	1.9718	1.24738	0.499019	0.249514	1.37773	1.42216	1.02866	3.8755	2.68524	3.17724	5.56143	3.67893	4.90908	5.97936	4.40202	0.8821	1.42213	4.96841	8.14637	8.41678	6.01775	3.24021	3.52423	4.73002	4.09673	1.58745	0.529269	0.95003	0.882071	1.28422	2.64463	5.62753	9.09704	11.9056	12.3087	7.23572	3.77015	8.30978	5.89683	6.83918	8.41678	7.19759	3.51097	7.02394	6.72204	5.56179	6.04053	3.8634	3.54591	7.92724	6.19102	6.60039	7.81196	8.75284	7.60897	6.36678	4.45441	1.9718	2.0107	2.52439	2.8696	3.17727	2.31926	2.68537	4.60757	2.64454	2.93369	0.705677	1.97177	3.17724	1.76372	4.24104	2.35256	2.84257	1.34342	0.529269	1.87485	1.50709	2.60321	3.81121	1.50709	2.29903	0.8821	1.76372	2.39833	3.01715	1.76366	1.45457	2.73677	1.79861	1.11571	0.882071	0.394488	1.28418	1.7725	4.12655	2.75368	0.394488	0	0	0	0	0	0	0	0	0	0	0	0	0	0	0	0	0
3.63187	3.24941	4.10762	4.1264	3.13785	2.54263	2.54263	2.95461	3.04249	3.76577	3.89104	3.23511	4.23355	4.8071	4.48853	4.26269	4.18586	5.36995	8.55145	9.65054	16.8281	4.7553	18.5175	7.95715	2.20938	1.34329	1.42199	1.45439	0.949899	0.394453	1.50688	1.51723	1.94777	0.899459	1.02856	1.37759	1.5775	1.62604	1.94778	1.67308	0.557835	0.636049	1.45443	1.37759	1.51723	2.01062	2.29894	2.52424	2.62075	2.66767	2.18106	1.87466	2.23035	1.99511	3.52377	3.91091	3.56752	4.1264	4.15625	3.08303	1.84118	1.23469	3.91078	3.38472	0.557852	0.748426	0.748426	0.899459	0.727332	0.705609	1.11556	0.788901	1.12947	1.12947	1.2841	2.95452	2.29212	2.01062	3.38935	1.24723	2.39799	2.14511	3.36643	3.73691	4.73912	3.71616	2.95452	2.93343	2.29894	5.1054	5.82545	6.61106	7.56577	1.23469	2.12324	3.61476	7.83404	8.61435	2.05636	1.90743	7.936	9.74888	3.73691	2.06391	0.881964	1.51715	2.50561	2.15231	1.05835	0.949933	0.899441	0.748387	0.557835	0.394453	0.394469	1.02856	1.02856	0.881986	0.636018	0.176411	0.705609	1.05835	0.881964	1.67308	3.27778	1.18321	0.49894	1.87466	3.54575	2.5669	0.727332	0.249488	1.37751	1.62595	3.17696	1.97158	3.70359	1.59705	3.07787	2.06391	1.34324	1.24719	1.81562	2.66767	2.8203	1.87456	1.59705	3.27778	3.21579	5.41815	3.13769	7.44216	2.84215	2.29212	4.60714	5.55273	2.95452	2.64422	2.31908	4.2408	6.47791	6.49909	2.69661	2.99632	3.81082	4.76512	3.56738	0.394469	0.705609	1.62598	2.37195	1.42197	3.12287	4.83255	7.02551	11.488	10.907	2.24414	6.52037	6.36852	4.48851	4.14493	2.69076	1.1156	3.79452	5.70574	5.84398	4.40166	1.94777	5.62958	9.92378	6.50156	4.90859	2.50574	4.73912	4.12262	5.38132	5.32383	4.11125	4.54298	2.64429	2.66767	4.25898	3.73286	2.73659	4.88955	2.54251	1.87456	1.02851	0.899459	5.28016	1.89928	5.49422	2.44923	1.34324	1.42195	1.42201	2.01054	2.01054	4.05452	4.25898	2.31904	1.07293	1.4966	1.77234	1.07293	3.03218	3.36636	0.882008	3.38472	1.24719	0.557835	1.02851	0.529218	1.93978	1.59707	4.64705	2.64422	0.176411	0	0	0	0	0	0	0	0	0	0	0	0	0	0	0	0	0
3.87861	2.64395	1.73671	1.18315	1.89917	2.15222	2.15222	1.62586	1.18309	2.86899	2.91724	2.0638	3.17672	3.31055	4.64688	5.94754	6.90892	7.68502	8.35584	7.40088	15.8597	2.64412	18.9966	3.03187	1.79826	1.28398	1.24711	1.0284	0.899352	1.02847	2.01034	1.07285	2.14495	2.64412	2.12317	1.37746	1.62589	1.76344	2.11577	2.49304	2.86919	3.56721	3.56721	3.00124	3.13758	4.10726	4.93015	5.7588	5.90614	4.75513	3.00124	2.12317	2.29196	2.50552	3.87873	3.17185	2.23015	1.99494	2.23015	2.52398	2.69636	2.35211	4.233	4.11085	2.25786	2.12317	2.01045	1.62586	1.1155	1.1155	1.23457	0.899376	0.635993	0.352784	0.394412	2.0637	2.14495	1.87449	3.34768	2.99089	3.01662	1.97139	2.90663	3.34298	4.01575	3.87476	4.58993	5.1737	2.50535	4.19999	3.61438	6.18959	9.59619	1.45425	4.57638	7.36768	9.83674	6.8286	1.18315	5.55233	9.05876	8.88407	2.50535	1.0284	0.949802	1.12929	2.29859	2.13034	0.881902	0.881931	1.73679	2.12311	1.23457	0.529168	0.529168	1.4543	2.3653	2.44913	2.62052	2.05627	1.77216	0.557778	1.24711	1.9476	2.64395	1.05825	0.788831	1.50673	0.557778	2.29859	0.635952	0.949848	1.94758	1.07283	3.07755	1.81554	2.62037	1.97142	3.70332	3.8023	3.5103	3.4704	3.59308	3.17185	3.52344	4.22578	2.3653	3.52332	2.54224	6.08977	2.20905	8.06779	3.81024	0.788787	2.7588	4.95789	4.56624	1.76333	3.01138	1.27175	5.35771	6.66335	3.79418	2.69065	1.34317	4.02341	4.56966	2.0638	2.05627	2.23015	2.52388	1.24706	2.78675	2.78675	1.12929	6.92396	11.3822	7.94869	0.557802	3.35229	1.73679	1.5068	4.75513	5.27117	2.64404	0.949802	0.899376	0.899376	0.949848	4.78711	10.1136	7.54313	4.95501	2.37187	2.24391	1.59689	3.17663	2.90663	5.27976	7.55919	4.86715	2.25786	2.66738	2.0638	2.12308	3.70321	4.4153	4.4432	3.56721	1.62589	5.72367	1.11545	5.22101	2.29859	3.07755	4.41521	3.23959	3.07758	2.56657	3.38437	3.00104	3.73645	2.01041	1.9476	0.557802	0.249466	2.69629	4.56966	1.81554	3.00104	1.5171	2.3979	2.84202	3.07771	1.74573	1.66358	4.56624	1.97131	0	0	0	0	0	0	0	0	0	0	0	0	0	0	0	0	0	0
3.89819	2.78653	1.67276	1.07273	1.02836	1.37732	1.51694	1.37732	0.78875	1.97114	2.56641	3.17651	4.2546	5.49345	6.47926	6.98944	7.14259	7.50623	8.71935	8.19043	19.1439	4.892	19.8357	5.60693	4.80299	4.49796	3.81009	3.42064	3.27731	3.11744	2.05606	1.07275	1.97122	3.49673	3.86648	3.08244	2.12295	1.6257	1.79813	3.24884	5.03167	5.56016	5.76621	6.33603	6.88169	7.54862	8.21072	8.59385	8.99155	9.18026	7.87735	5.90553	5.38323	5.22964	4.51164	3.12236	2.29173	2.12295	2.60245	3.01121	3.07737	2.90643	4.22904	5.12256	5.24726	4.85407	4.29795	4.0232	3.23449	2.37162	1.66351	0.881839	0.529117	0.557745	0.881839	1.6257	2.20896	2.74176	3.95738	4.37273	3.00093	2.35187	3.17642	3.71545	3.87439	3.89033	4.65949	6.14685	5.11334	4.18491	3.50984	4.41475	10.2417	6.67444	9.95371	11.5167	8.92082	2.01024	6.51907	9.73508	8.75201	4.78034	1.81527	1.59676	1.45415	0.949751	1.49623	1.89891	1.23445	0.949751	1.51694	2.66716	2.4928	1.37732	0.949751	2.01016	1.94741	1.97122	2.01021	1.77201	2.18059	0.788717	1.11538	1.11538	1.02831	1.18303	1.34303	1.84083	1.66351	1.34298	1.49623	0.788717	1.02831	0.727192	1.73662	2.86889	1.74555	0.176377	1.62566	2.4928	3.31021	4.26187	3.49673	1.94741	2.06359	4.28348	3.52319	1.45415	2.39753	4.18491	2.12295	6.09178	5.52116	3.27731	3.59273	4.06509	3.61407	0.881839	2.62014	1.07273	4.25812	6.5003	5.34883	4.54234	3.32422	3.91016	5.45119	3.80192	2.75305	3.03175	2.45519	0.78875	2.86874	2.39753	1.02836	4.92952	10.6575	13.0105	6.75386	1.07275	2.86879	3.70288	4.9014	6.17938	6.34555	4.34794	3.24884	2.86889	4.15546	3.31021	5.11337	7.12541	8.00712	7.14259	4.01937	1.42172	2.74162	1.76326	4.83179	8.80014	9.73209	7.29656	2.86889	1.66343	2.06352	1.76326	3.61425	3.98463	2.89042	3.27715	4.01919	4.95766	5.89504	2.20896	6.3333	5.46244	5.03756	2.50513	1.76317	2.69037	4.51164	3.93767	1.89891	2.54202	0.705474	1.11535	1.5066	3.86631	1.67276	1.28381	2.22993	3.00093	3.74459	3.8464	2.64965	3.23435	4.3725	1.27164	0.176377	0	0	0	0	0	0	0	0	0	0	0	0	0	0	0	0	0.35275
3.402	2.06331	0.881703	0.89918	0.748218	0.748218	0.727126	0.498793	0.529066	0.557695	1.34291	1.34291	1.87413	2.62002	2.01003	2.06331	1.76299	0.17636	0.557695	1.59659	19.7944	3.17125	20.5037	5.11316	5.70415	5.739	4.95722	3.86213	2.84148	2.20876	1.59659	0.249401	2.12262	1.42156	1.84066	2.29146	1.34284	1.42153	0	2.56608	2.5235	2.13005	2.69584	3.47421	3.80976	3.97256	3.80157	3.1762	3.90979	4.48729	5.8658	4.23236	3.27703	2.7864	1.51681	0.89918	0.63583	0.394337	0.557695	1.50644	1.90686	1.34284	2.18037	2.39741	3.00067	2.91684	2.45497	2.86858	2.66691	1.50651	0.78868	0.63583	0.557672	0.557672	0.748218	0.89918	0.394359	1.07265	1.51681	1.77185	1.28369	1.18286	2.20863	2.75827	2.84131	2.75262	4.61906	6.88064	5.87338	4.54164	3.56633	2.64938	6.94253	5.82129	9.00377	7.92424	2.14449	4.4973	9.07517	6.94253	3.36546	1.11528	0.352716	1.4106	1.23433	0.748218	0.89918	1.24682	1.02821	0.249401	0.881703	1.11524	1.97097	1.24687	0.89918	1.51671	1.67259	0.557695	0.727126	1.07262	1.74528	1.74528	0.748166	0.557695	0.727126	0.529066	0.557695	1.02827	1.50651	0.997579	1.37711	0.727126	1.49618	1.76305	0.705406	1.42158	2.18044	2.05588	1.97105	1.34291	0.249401	1.02827	1.81508	0.748218	1.07262	1.57697	1.45402	1.89872	2.12262	1.81519	3.38844	2.00993	4.48707	3.56653	4.28673	3.97256	1.59661	1.28373	2.12268	1.42153	1.73637	4.02264	2.47379	2.0634	2.6494	2.47379	3.95681	3.402	0.78868	1.4106	1.3772	1.24685	2.44851	2.5234	0.949666	1.90699	5.27878	12.1603	10.6799	2.12268	2.49245	6.08862	2.50487	2.15167	4.22498	3.86216	3.04163	2.20876	3.93738	3.95703	2.60222	1.18286	3.50963	5.24671	5.62811	2.20876	1.73637	1.2715	1.77182	3.29112	5.8945	6.84752	5.12785	4.14373	2.2983	0.557695	0.557695	0.394359	1.97094	4.73768	1.50651	5.47602	3.86614	2.47379	8.78517	3.99176	8.02485	2.64353	2.11536	4.22498	4.49757	2.24363	1.02827	1.59659	1.02827	0.748218	2.06331	3.46956	2.22963	0.949666	1.34284	1.28369	0.997579	3.03129	2.25727	3.01081	5.03704	2.06331	0.394337	0	0	0	0	0	0	0	0	0	0	0	0	0	0	0	0	0.788636
2.39707	1.4214	0.727053	1.24677	2.29806	2.74124	2.68985	2.75814	2.2434	1.37706	1.07254	0.899097	0.557621	0.7481	0.557639	1.58669	2.18022	2.00985	1.62541	4.23918	19.3778	4.69495	19.9701	8.20734	6.58102	4.68515	2.20853	1.02812	1.73628	2.86834	4.34708	3.56616	3.00029	2.1225	1.66319	2.64915	3.01575	2.84114	1.49602	2.84106	1.89855	1.11517	1.73622	1.66312	1.41046	2.31815	1.84042	1.28357	2.50465	0.557639	3.2385	2.3971	1.50636	1.67249	2.00985	2.00985	1.51665	0.74814	0.394302	1.27139	1.76284	1.11514	1.76284	0.949535	0.635805	1.12898	1.02812	1.4214	1.97076	1.28357	0.727053	1.24673	0.949535	0.727035	0.74814	0.899097	0.249392	1.12898	0.788566	1.41046	2.18022	2.31819	2.5232	2.84652	3.41982	3.90929	6.45649	7.26774	5.28981	4.44168	2.52317	1.93904	3.17575	2.3646	5.82044	4.75348	2.2434	7.27614	10.3712	5.49502	2.64915	1.74522	1.73628	1.11517	0.394302	0.74814	0.727053	0.949535	0.7481	0.249379	0.899115	1.18281	1.11514	0.788566	1.11514	0.498749	1.41046	1.49602	1.37706	0.88167	1.57683	2.3645	1.11517	1.05794	0.705339	1.05794	0.997475	1.12903	1.50636	1.12903	1.4214	0	0.635774	1.73622	0.788599	1.27139	0.881626	0.529016	1.05794	0.997475	1.42144	1.2836	1.9067	0.881626	1.42143	0.727053	0.394318	2.35137	2.66665	2.68407	3.52683	2.50478	3.73548	2.78611	3.76441	3.17583	1.02816	1.66312	1.45384	0.881648	1.24671	3.2385	1.81492	0.881648	1.97076	2.00977	3.63048	3.73131	1.74522	1.77168	1.12903	1.93904	2.61967	2.60184	0.249392	0.557639	1.87384	9.70525	12.0673	5.11248	1.58669	5.52002	3.17575	1.49602	3.07681	2.91654	3.46034	0.557639	3.11668	1.12903	3.13665	4.12483	3.99162	3.29079	3.24805	2.22943	0.352683	2.14429	2.14429	1.49595	3.17577	4.48659	6.26905	7.29509	4.34708	0.949535	0.88167	0.899097	2.69552	2.78597	3.38805	3.38801	0.249392	2.68973	7.93879	6.98811	9.10759	3.32359	3.01064	3.34204	1.12903	3.00029	2.29129	1.66319	1.59644	0.727035	2.25707	2.56585	2.95348	2.61978	2.11516	1.97076	0.176343	3.74368	1.76284	1.57683	5.38194	2.7411	0.394302	0	0	0	0	0	0	0	0	0	0	0	0	0	0	0	0	0.788566
1.18263	1.18263	0.635749	1.59631	2.69533	2.741	2.75789	2.68962	2.4545	1.50622	1.2341	1.34258	0.557565	0.249353	0.557588	1.1827	1.90662	2.12964	1.66305	6.99152	18.0665	4.25341	16.1892	8.46761	6.77251	4.80165	2.99482	1.02801	1.62527	3.29049	4.17282	4.14306	2.4545	1.97064	1.62527	2.35121	2.86803	3.17064	1.79762	2.36426	2.36426	1.11507	1.07242	1.9065	2.2292	2.12227	1.2341	1.50615	1.51642	0.557588	1.74494	1.77148	1.62524	1.51652	2.00968	2.00968	1.51652	1.24661	1.12886	0.788485	1.27126	1.11502	2.25684	1.66294	0.726987	0.394261	1.02801	1.18263	1.73604	1.50615	0.635749	1.24661	1.66294	0.394283	0.748074	0.557588	0.249371	1.37684	1.27126	0.997388	1.90662	2.82443	2.7352	3.07638	4.15403	5.62686	8.30137	6.60789	4.18372	3.23339	0.881593	1.37694	0.726987	2.25699	4.18368	2.29771	2.4545	8.80417	10.3702	3.9718	2.35121	1.74507	1.84031	1.11507	0.881534	0.748074	0.635749	0.726963	0.249353	0.748022	0.899032	1.12893	0.498732	0.352649	1.11502	0.498697	0.997388	1.49589	1.42134	1.07244	1.57667	2.84077	1.11507	1.45369	0.705271	1.45369	0.997388	1.1827	1.62524	1.28349	2.15126	0	0.881534	1.07242	0.788529	0.788485	0.635708	0.394283	1.45369	0.997388	1.28349	1.42131	0.726963	1.62516	0.949484	1.07242	0.726963	1.59631	2.29108	2.68383	3.36487	2.60172	3.73512	2.78586	3.90905	4.10928	2.00957	1.9065	1.89836	0.635749	1.74494	2.74081	1.34258	1.07242	1.73604	1.59628	3.40135	3.50882	1.74507	1.42134	1.1827	1.77151	3.3091	2.60157	1.02801	0.557588	0.635708	6.00393	11.8454	7.37505	1.28349	3.56562	5.38138	2.49204	2.88962	3.38779	4.34649	1.34258	3.36473	2.6194	3.76406	4.10947	3.99127	2.86809	0.352649	3.15096	1.27126	2.56559	1.76271	3.48666	3.86119	1.51642	3.56585	7.02221	7.36065	3.63008	0.949484	3.27618	2.29777	0.899007	2.99998	2.00957	0.249371	1.97056	4.3995	6.77478	6.61742	3.3233	2.84094	1.49589	2.6194	3	2.20834	1.97064	2.00957	0.394283	1.76265	1.45374	2.61955	2.95321	2.90551	2.68945	0.394261	4.23861	1.27126	0.705271	6.11757	3.23816	0.176326	0	0	0	0	0	0	0	0	0	0	0	0	0	0	0	0	0.352649
0.949388	0.898924	0.394243	2.12203	3.29007	3.03059	3.80864	4.014	4.01396	2.8406	1.89825	2.75761	3.41934	3.48654	3.32295	2.54117	1.66288	0.394243	2.22907	9.61053	15.6387	4.25281	14.521	6.22886	4.80435	2.61925	2.15107	2.66614	2.44794	3.36454	2.39673	1.97039	0.88148	1.42115	1.4212	2.20811	2.86775	3.3645	2.52277	2.64864	2.86769	1.73595	1.81465	2.29756	2.78546	1.94665	1.18258	1.97041	1.94667	1.90642	2.12209	1.67212	0.949353	0.49868	0.176309	0.557514	0.557514	1.24647	1.34246	0.898924	1.12876	0.997232	2.37059	2.00937	0.394226	0.176309	1.12876	1.27115	1.27115	1.18253	0.747996	1.24649	2.12934	0.898924	0.176309	0	0	1.18253	1.59615	1.81465	1.4212	1.90633	2.50417	2.99963	4.98031	6.91411	7.94296	4.80095	4.02167	6.12733	5.22765	4.47909	6.60756	6.43892	5.2888	1.37679	4.9743	9.74044	7.99052	0.726896	0.788415	0.49868	0.949353	0.635653	1.42117	1.6251	1.11496	0.881457	0.394243	0.949353	0.881457	0.176309	0.528914	0.49868	1.11492	0.949353	0.394226	0	0.635653	1.02792	1.28336	3.52613	2.29081	0.881457	0.898942	1.67212	0.881502	0.949388	0.898924	1.12876	2.15107	0.881502	0.88148	0.881457	1.58638	2.12214	2.54117	2.25676	2.49181	0.726914	0.394226	0.726896	1.02797	1.34246	1.07233	1.76254	1.93867	2.24297	2.45425	1.02797	2.00937	1.37672	2.49181	2.52277	1.34246	3.38741	4.05218	1.42117	2.25664	0.788415	2.25664	2.39661	1.02792	0.747957	1.42113	1.11492	2.52271	3.70155	2.45425	0.949353	1.12882	1.84012	2.54105	2.14388	2.49184	1.84012	1.02797	3.30881	10.5398	8.64271	2.17975	2.15107	6.3333	3.62976	1.27121	2.86769	4.4858	4.25661	4.52354	1.02792	3.95584	4.97439	4.35692	2.12942	1.28336	2.90525	1.27115	2.52271	2.12942	4.3461	3.86483	0.635653	2.39664	3.70153	8.53392	7.32479	1.84012	5.0295	3.17521	3.88885	3.52615	2.35097	1.6251	0.88148	1.02797	2.00939	0.726914	3.34608	3.56548	3.70162	4.22741	2.14392	1.28336	1.94665	2.78544	1.59613	2.31775	1.42117	0.394226	1.6628	2.64862	4.08258	3.38751	4.39902	1.79744	1.49574	5.90299	3.36443	0	0	0	0	0	0	0	0	0	0	0	0	0	0	0	0	0.352615	1.97044
1.66273	1.37667	0.747931	2.78515	3.56494	1.42102	0.249306	1.37667	3.28986	4.56722	4.37068	4.98014	5.80063	6.21362	6.53027	6.42888	5.84799	4.71986	4.40218	9.85072	13.5336	10.5684	17.5655	9.09214	7.31611	5.70198	3.23297	0.249306	1.7358	2.47287	1.62493	0.176292	0.557481	0.898835	1.24639	0.635628	1.27102	2.49156	3.03033	4.02131	4.01359	3.32266	3.27577	2.91573	2.64836	1.94646	1.42107	2.12187	1.59598	0.726847	1.73571	2.06252	1.24639	0.788378	0.528864	0.557481	0.949302	1.42102	1.42099	1.27102	1.34233	1.11481	2.00916	1.87329	0	0.394208	1.18241	1.51613	1.02781	0.635587	0.176292	0.747879	1.73571	1.41006	1.02788	0.881425	0.557481	0.394208	1.37667	1.7358	1.58623	0.635587	2.22878	3.18948	6.9134	7.85198	5.22684	4.04799	4.54021	5.46003	5.03533	2.75176	4.05181	5.54902	6.77994	7.65093	10.4216	9.51122	4.57723	0.352581	0.635628	1.12872	1.45346	1.2711	0.881425	0.249323	0.881366	1.37658	0.394186	0.498602	0.788334	0.394186	0.176292	0.249323	0.747879	0.726824	0.528864	0.249323	0.788334	1.02781	1.23386	2.64839	3.8	0.949302	0.881366	1.89799	1.18247	1.2711	1.18247	1.58623	2.14367	1.12872	1.02788	1.73571	2.68894	2.61902	3.13578	2.5652	2.95253	1.42104	0.635628	0.352581	0.726847	0.352581	1.94646	1.62493	2.31748	2.06261	2.6659	1.76237	1.83988	2.17954	0.528864	2.52254	2.05509	0.528864	3.47268	1.37658	2.66585	1.89808	2.90496	2.52246	1.24639	0.176292	1.42107	2.45403	2.93163	4.40929	5.0016	3.59093	1.76231	1.79728	1.596	0.557458	1.34233	1.41006	1.3424	3.00966	8.76132	9.62366	6.17647	2.61905	4.68355	5.12593	1.45341	1.81439	2.84029	2.61905	1.49561	2.91557	3.32266	3.99051	3.3412	3.35039	2.47287	2.05497	1.28319	2.31748	1.57637	4.62741	2.14367	2.52246	2.66585	2.29053	5.39182	8.3597	4.25237	4.64725	3.88843	2.99943	1.27102	2.39652	2.99434	1.79723	1.59598	0.528864	3.70118	4.60413	3.08099	3.73038	4.48548	2.98918	2.15099	2.35069	3.6633	2.4915	1.62496	3.18953	1.87342	2.50408	4.73293	6.53259	6.95779	6.36433	4.2381	3.03033	3.86444	2.64836	3.52154	3.52154	2.29064	0.881395	0	0	0	0	0	0	0	0	0	0	0	0.705136	1.79728	4.57723
0.881311	0.788297	0.705069	2.17934	3.8442	5.07142	4.87657	3.56477	1.24627	2.25633	4.35609	4.50567	4.10449	3.49473	3.38686	3.71343	4.48508	5.19418	6.82658	12.1645	15.1529	15.5506	14.9997	3.86029	3.90799	4.71938	5.4566	4.454	2.12173	1.58608	1.34221	0.881289	0.394151	0.635562	1.42092	2.00908	1.90606	0.557425	1.4209	2.82364	3.38682	3.08067	3.03002	2.88877	2.45378	2.29714	2.12901	1.67185	0.249297	1.67185	1.4209	1.12854	1.05754	0.89877	0.89877	0.528813	0.557408	1.50573	2.22858	1.77098	1.24625	1.28308	1.89782	1.73555	0.726775	1.02777	1.24627	1.02772	0.949172	0.726757	0.394151	0.635531	1.27091	0.747814	0.394167	0.557425	0.705069	0.726757	0.352548	0.498558	1.34221	0.635531	1.76225	3.62921	9.88011	8.78797	2.61864	2.44736	1.2463	3.40052	4.06281	1.87322	3.95509	2.82364	5.22665	9.55436	6.72526	3.17462	0.557408	0.498558	0.394167	0.557408	1.02772	1.4209	2.37026	2.99921	2.64233	1.83977	0.788297	0.557425	0.898752	0.528813	0.176276	0.352548	0.726775	0.898752	0.747814	0.394167	0.89877	1.45332	2.11435	1.59584	3.27527	0.881289	1.49537	1.87312	0.394151	0.394167	0.557425	0.394151	1.77098	1.37653	1.1286	2.22858	3.54289	2.39618	1.2463	2.49133	1.97001	0.881311	1.07213	1.07213	1.51607	2.39625	2.66563	2.12901	1.40992	0.89877	1.94627	2.06233	0.635531	1.77098	2.49137	1.97009	0.788297	0.747853	3.4004	2.95227	2.45378	2.25633	2.39618	1.51599	1.50578	2.29718	1.62479	1.67185	1.74455	2.50382	5.00111	6.4966	4.77761	2.31727	0.898752	0.726757	1.58608	0.949206	0.528813	2.61864	5.19398	7.74073	9.06631	7.59242	2.88877	3.79149	3.71336	1.97009	2.29712	1.51607	0.528813	4.28103	5.00422	3.36397	4.06284	2.05488	1.87322	4.95168	4.52257	3.38671	4.14177	4.39824	4.50567	3.79163	0.394151	3.53858	2.31727	6.28123	6.95027	2.49137	2.12901	4.73565	4.10449	2.95235	2.3173	2.73443	1.57623	1.74446	4.88896	1.97001	0.394151	2.61864	1.87312	0.89877	1.62479	3.32216	3.38213	2.73443	2.29033	1.7971	2.60095	2.84554	3.50794	3.62498	4.39835	4.25944	3.07563	2.29714	0.726757	3.71343	5.45947	4.83854	3.56035	1.81423	0	0	0	0	0	0	0	0	0	0	0	1.89782	2.64227	4.5089
0.635465	0.176259	0.635465	0.898663	1.02768	1.42077	2.52195	2.44711	2.39591	2.29684	2.00888	2.12155	1.66241	0.898687	1.2461	0.557351	0.881197	1.45314	1.45318	8.54194	7.0151	11.8202	7.12054	0.557375	1.02768	1.59569	3.23696	3.56429	1.77083	0.394132	0.898663	1.07201	0	0.788227	0.997007	0.788227	0.352514	0.881197	1.51584	2.39591	2.75669	1.62462	1.57616	1.66241	1.81415	2.29692	2.00888	1.34214	1.51584	1.02762	0.176259	0.498506	0.635465	0.557375	0.898663	1.42071	1.77083	1.94611	2.06212	1.18218	0.635465	1.37632	1.90577	1.57607	0.705001	0.705001	0.705001	0.352514	0.528763	1.07203	1.11464	1.28295	1.62454	0.705001	0.498541	0.394132	0.249258	0.726684	0.528763	0.176259	1.05744	1.90577	2.00881	2.52198	12.036	9.28582	1.73538	3.23216	2.99883	3.07533	2.12148	0.39411	0.498506	2.75669	6.26606	3.4588	0.898663	0.557351	0.249275	0.176259	0.788227	1.23362	1.50558	1.76198	1.18218	1.1285	1.7621	1.62465	1.02768	0.949121	1.07203	0.635506	0.528763	0.747736	0.39411	1.27077	1.1146	0.726708	0.881256	1.27086	2.14326	1.07203	2.99359	1.07203	1.73538	1.37632	0.394132	0.788227	1.1285	1.07203	0.352514	1.1285	0.898687	2.00877	2.93089	2.31704	1.90589	2.11415	0.705001	0.176259	0.726684	0.788227	1.42077	1.93811	2.4661	1.96992	1.24616	0.949075	1.77081	1.96984	0.788227	0.39411	1.07203	1.96992	2.29698	2.12148	3.52063	2.8668	0.394132	1.27077	1.62454	0.898687	3.36353	2.39607	1.50558	0.352514	0.352514	1.79688	2.56471	6.05499	5.74343	3.00908	1.45318	1.96984	1.66231	0.352514	0.726708	2.00877	2.45345	3.21309	5.2845	6.49364	4.92624	0.881256	2.75669	0.788227	2.36336	1.49522	4.62653	4.78378	5.45884	2.86693	3.67528	2.54046	4.25517	2.44726	7.42768	5.50067	1.89763	4.15272	4.72552	2.64788	2.88832	2.93089	0.557375	3.70047	6.72447	4.10413	3.36358	3.23216	1.283	3.23712	3.17441	2.14331	0.705001	1.28295	5.60561	1.96981	0.726684	2.50343	1.24613	2.29684	0.635506	4.29483	3.24647	1.42071	3.41816	0.881197	1.24613	1.34207	1.62454	0.528763	0.747788	0.726684	1.62454	2.00877	1.81404	3.45868	2.06222	3.95452	4.22971	2.1214	0	0	0	0	0	0	0	0	0	0	0	2.75105	2.44711	3.38178
4.92588	6.98416	8.09322	8.68854	9.14713	9.04312	7.96509	6.29246	4.48423	2.8231	1.1145	0	0.35248	1.05733	1.79672	1.07192	0.949024	2.12121	5.99359	10.6328	3.71265	9.16143	1.94592	0.557318	0.176242	0.88112	2.60034	3.03953	2.78449	2.99864	2.99864	2.15035	1.12838	0.74771	0.881164	1.49517	2.61827	3.54236	3.7909	3.76225	3.52479	2.39579	2.60046	2.78451	2.64183	2.56445	1.89753	1.89753	2.90421	3.23202	2.99864	2.68831	2.447	1.67153	1.6244	2.05439	1.73522	1.42061	1.62442	1.24602	0.898598	1.18208	1.66216	1.67148	0.94899	0.788113	0.881142	0.74771	0.63544	0.704934	0.881142	1.50544	1.76182	0.498463	0.176242	0.557318	0.881164	0.949024	0.726636	0.881142	0.881142	2.54008	2.17892	2.69398	11.6751	9.22508	2.14306	3.39975	3.56409	5.96556	7.20719	6.84984	6.73992	6.32875	5.28681	0.74771	0.63544	0.35248	0	0.35248	0.788146	0.881142	0.94899	2.12126	2.28993	1.45304	1.05733	0	0.788146	1.11453	1.11453	1.12838	1.51578	2.12861	1.87286	1.23351	0.747671	0.528712	0.394092	0.249236	1.62442	1.27072	2.12121	0.949024	1.77064	1.73522	0.704934	1.1145	1.23351	2.39582	3.24635	3.13485	1.74422	1.3762	2.36315	2.15025	1.67153	3.08008	2.88821	2.25589	1.83942	0.949024	0.788113	1.6244	1.87277	0.635409	1.23351	2.17897	2.84499	3.4674	3.11505	2.12861	0.94899	1.07192	1.02757	1.12833	3.67495	3.90712	2.0087	1.59554	1.62442	0.704934	3.13469	0.557318	3.01398	2.12132	1.74422	0.635409	1.12833	5.12462	8.63447	7.87135	6.427	6.125	6.53068	6.60506	6.04203	5.35336	4.71848	4.99717	6.27296	7.24072	7.35735	6.29244	3.17408	0.881164	2.14306	2.49085	3.46727	3.24635	2.68243	2.68243	2.15025	3.23679	6.94895	2.99864	7.26361	7.02309	4.18187	2.52173	1.07192	3.56397	3.71265	5.98093	7.71588	6.84089	7.19646	5.5807	6.10746	6.84298	2.99855	0.394075	0.35248	0.726636	0.63544	0.35248	4.25119	3.87542	2.66512	2.47213	1.62446	2.83948	2.75095	3.34012	2.93063	1.81388	3.36315	1.27066	1.1145	1.18208	1.6244	0	0.176242	1.18208	1.42059	2.0086	2.242	2.7339	3.24635	5.28396	4.01232	1.57593	0	0	0.704934	0.996903	0.704934	0	0	0	0	0	0	2.36315	3.14948	3.61131
6.03376	7.2904	8.20381	8.74307	9.17256	9.02239	7.8031	6.08441	4.25825	2.15017	0.498446	0	0.788033	0.788076	1.79654	1.23339	0.881087	4.35458	11.3988	9.78652	10.3772	10.3542	1.51565	0.557268	0.394035	0.635343	1.67131	2.29648	2.60023	2.99837	2.99837	2.28977	1.28275	0.747645	0.948939	1.79659	2.95152	3.62821	3.79056	3.39956	3.01374	2.52157	2.78423	2.78427	2.61805	2.36304	1.76176	1.76176	2.53998	3.1738	3.07981	2.75631	2.5216	2.69371	2.86625	2.05418	1.96943	1.62426	1.42047	1.24589	0.898515	0.528661	0.948894	1.67131	1.66199	1.27053	1.0718	0.747645	0.726569	0.704866	1.0718	1.2827	1.27053	0.498411	0.394035	0.898491	0.948939	0.881087	0.635384	1.0718	1.0718	2.53981	1.28275	2.29646	9.50723	8.74249	2.56412	2.73363	3.56377	6.36191	7.20656	6.8225	6.70305	5.71862	2.75631	0.747645	0.726569	0.352446	0	0.352446	0.788076	0.635384	0.528661	1.62431	2.4719	1.7617	1.45286	0.996747	0.788076	1.11443	1.11443	1.18202	1.51565	2.00852	1.96954	0.948939	0.24921	0.394057	0.528661	0.747593	0.881087	1.27061	0.394035	0.881087	1.58562	2.93033	1.57577	2.05418	2.75616	2.5216	3.24607	3.30739	2.64735	0.176225	1.89727	3.38114	3.56361	2.99837	3.07477	2.36304	2.28971	1.42047	0.352446	1.87257	1.62423	0.881028	0.948939	1.90553	2.6416	3.32139	3.1738	2.99826	2.64142	0.881087	1.02748	0.635343	2.46563	4.10693	2.12842	1.24595	1.42047	1.57577	2.39545	2.78409	2.82281	2.15017	2.00849	2.12099	4.35458	4.17043	7.94144	8.08307	6.75059	6.05413	6.38831	6.63214	6.27974	5.79304	4.71806	4.99673	6.16424	7.24005	6.87801	7.11936	4.39698	1.07182	1.27061	1.79659	1.7617	3.24607	1.79654	2.68216	0.726545	4.77624	6.55085	3.2365	5.75306	6.01089	6.18387	5.16871	0.881087	3.11958	2.86645	6.89126	7.68372	7.949	7.03331	5.6566	5.90307	8.37286	6.04621	0.176225	0.788033	0.635384	0.726569	0.352446	1.79659	4.04644	3.55932	2.28971	2.12105	1.89736	2.75071	1.49504	1.73504	3.27431	3.11457	0.788033	1.11438	1.42044	1.87257	0	0.394035	1.42044	1.18196	2.00839	1.74394	1.37615	3.67472	4.58561	2.49066	0.704866	0	0	1.57577	0.996816	1.57577	0	0	0	0	0	0	1.05723	4.10309	4.84961
6.20558	3.38552	1.94553	0.880952	1.11432	1.42038	1.42036	1.23327	1.02733	1.23327	1.57569	1.27048	1.05713	0.498394	1.40938	2.05409	2.36935	7.20545	12.5062	5.38946	13.1961	7.87914	2.06161	1.51549	1.1819	0.948843	0.898408	0.635288	0.726497	0.557212	0.635318	1.89717	2.83902	2.75042	2.25546	2.31642	2.6471	2.12087	1.76153	1.58547	1.94553	1.59522	1.18185	0.394	0.176208	0.498368	0	0	0	0.394	0.948809	1.27042	1.27042	3.17332	3.71184	2.06154	1.96926	1.73489	1.24578	0.898408	0.394	0.176208	1.24578	2.29624	2.12085	1.45272	0.787963	0.176208	0.249189	0.726479	1.11428	1.28259	1.24578	0.557212	0.557194	1.02733	0.249189	0.249202	0.249202	0.898426	1.2458	1.74379	1.1819	2.99282	8.3774	7.49876	1.8971	2.56396	3.51974	2.84435	0.747528	0.726479	0.498394	0.948809	1.02733	0.249202	0.249189	0.557194	0.176208	0.394	0.557194	0.176208	1.05713	0.948843	1.66184	1.37593	1.51541	1.42032	0.726479	0.635288	0.498368	0.635288	0.726479	0.352413	0.880952	0.880974	0.996712	0.996712	1.11432	1.05713	0.176208	0.557194	0.557194	0.249202	1.24575	3.23603	1.73489	2.84435	2.93007	1.11428	1.05713	1.27042	2.866	0.747567	2.6471	4.06121	3.66158	0.557212	1.50515	1.28259	1.66184	1.11428	1.12817	1.83901	1.42032	0.880952	0.787963	0.394016	0.249202	0.394	0.726479	2.73338	3.93391	2.14269	0.394016	1.23327	1.96931	3.07434	0.787963	0.394016	1.23327	2.22772	2.56389	3.93387	2.3627	0.352413	1.62409	3.62769	5.18903	4.3116	2.45276	3.30692	3.52411	3.01344	1.77032	1.28259	2.28945	3.41726	2.82254	0.557194	2.69346	3.7655	2.20675	4.64177	5.24207	3.23617	2.36935	1.27048	3.41721	0.726497	2.64119	3.11929	3.69942	5.24207	4.32583	1.7703	4.41047	3.33948	6.35861	7.33917	0.880974	2.53959	1.07172	5.42613	1.42032	5.03281	6.32746	4.97145	3.93387	7.3122	6.51278	2.59996	3.03901	4.19581	4.32601	2.64712	0.948809	3.51965	4.25038	1.62415	1.12811	0.996712	0.948843	1.62415	2.22779	3.79004	3.14888	0.394016	1.83901	2.1785	2.39524	0	0.787963	1.8971	1.05713	1.18185	2.1282	2.91431	2.82256	2.06154	0.394	0	0	0	1.76149	0.498394	1.76149	0	0	0	0	0	0.528611	0.880996	4.01151	5.71773
5.12329	2.73891	1.34162	0.39396	1.11422	1.37588	1.2825	1.07162	0.24918	0.948758	1.57555	1.45263	0.787926	0.49835	0.996625	2.05391	2.39515	10.6029	10.1095	6.83881	9.80896	1.96908	1.96916	1.51536	1.12807	0.880919	0.557161	0.176191	0.635263	0.557161	0.880889	1.897	2.75018	2.83877	2.25527	2.17836	2.64685	1.96913	1.45263	1.77013	1.94534	1.24568	0.52856	0.176191	0.39396	0.498316	0	0	0	0.176191	0.726406	1.7613	1.7613	3.41686	3.95301	1.83883	1.73471	1.96905	1.24566	0.557161	0.176191	0.39396	2.1279	2.69319	1.624	1.05703	0.352379	0.39396	0.249163	0.948712	1.11417	1.505	1.24566	0.557161	0.557138	1.02722	0.249163	0.24918	0.24918	0.898344	1.02729	0.249163	1.58532	3.96865	7.67587	5.55403	0.787926	2.25527	2.90339	1.42022	1.24562	0.948712	0.49835	0.726406	1.02722	0.24918	0.249163	0.557138	0.39396	0.176191	0.557138	0.635222	0.787926	0.880919	0.948712	1.12799	1.51526	1.18173	0.948712	0.88086	0.498316	0.88086	0.948712	0.787882	0.635222	0.635263	0.996625	0.996625	1.11422	0.787926	0.635222	0.557138	0.557138	0.24918	1.74361	2.73872	1.0716	3.07402	1.73471	0.49835	1.45258	0.787882	2.61737	1.24566	3.45736	3.41692	1.96905	0.89832	1.28246	1.505	0.948712	0.49835	1.1818	1.23315	1.18173	0.635222	0.352379	0.52856	0.24918	0.176191	0.393981	1.77015	3.53689	3.24529	1.42017	0.948758	2.12067	1.96908	0.352379	0.726406	1.07162	2.2275	3.00793	3.46625	2.8386	0.352379	1.87221	3.87417	3.33915	4.5204	1.02729	1.77013	3.01316	3.52378	2.73311	1.505	1.62395	2.47145	3.84225	3.49285	2.29602	2.29596	1.505	3.50614	4.42752	3.45747	2.44632	2.14244	3.17299	0.635263	0.948712	3.56293	4.90237	4.42752	2.73311	1.12807	4.64129	3.33915	5.65522	8.77863	1.0716	2.53933	0.880919	4.95222	4.12104	2.83877	6.00975	6.35569	7.29275	6.08283	4.22816	3.34847	4.07979	4.86159	5.14412	4.67105	1.66167	4.50326	5.1885	1.42025	0.635222	0.996625	0.880919	1.42025	2.22759	2.90329	3.14855	1.42017	2.99245	2.84406	3.13377	0	1.27029	2.36245	0.787926	0.726406	2.12801	2.91405	2.20665	1.07162	0.176191	0	0	0	1.27029	0.49835	1.27029	0	0	0	0	0	1.18173	0.948758	3.02839	6.20966
4.1507	3.17287	2.29586	1.18167	0.787812	0.176174	0.393925	0.352345	0	1.0715	0.726358	1.6238	1.37574	1.49459	1.6616	1.94518	0.557088	10.6063	11.134	5.99115	7.44254	0.557105	2.00793	2.14953	2.12051	2.3689	2.61727	2.78345	2.73862	2.88711	3.14841	3.33895	3.11386	3.56276	3.76497	3.41673	2.9031	2.06122	1.81327	1.94518	1.42007	0.352345	0.52851	1.18167	1.42011	1.18167	0.996521	0.880827	0.635166	1.45248	2.52086	3.55836	3.58861	4.2351	4.3499	2.66411	2.34918	2.12045	1.76119	1.76124	2.25503	2.68728	2.99742	2.34912	0.898255	0.898255	0.880827	1.37574	1.81327	1.83871	1.62384	1.94516	1.59493	1.42011	1.57539	1.28238	0.880805	0.393941	0.393925	0.787812	1.58517	3.72787	5.67387	6.97923	6.89355	3.39845	0.635166	0.747385	0.880805	1.12795	1.42007	0.948627	0.557105	0.898255	0.898237	0.176174	0.498272	0.635166	0.72634	0.635197	0.726358	0.787812	0.52851	1.02718	1.18167	1.05693	1.57533	1.28234	1.0715	0.948627	0.557088	0.880783	0.787812	0.787812	0.352345	0.704664	0.393941	0.249141	0.635197	0.880827	0.176174	1.62386	2.50239	2.73862	2.52084	2.39481	1.24556	3.01283	2.7555	2.78345	3.30642	2.64082	0.880783	2.46493	3.00766	1.76115	1.45248	1.45248	0.704664	1.1141	2.61727	2.8656	1.99244	1.42011	1.42009	0.948661	0.880827	1.28238	1.24558	1.37574	2.06122	2.12779	3.1187	3.45704	3.01287	2.83847	3.39857	3.11879	1.81327	0.898255	0.747385	1.87205	2.36225	3.28756	1.24552	3.23078	5.3628	7.01394	1.5152	3.45704	3.03843	1.62386	0.352345	3.62291	6.4506	6.13014	4.71668	3.58861	4.64088	4.56403	3.69879	3.89385	3.11879	3.34352	3.87393	3.34815	2.39488	3.1728	4.04911	2.88711	1.83871	4.35337	4.3675	2.31594	2.9031	2.14228	2.75539	4.28222	7.18534	11.7426	10.9648	6.87387	2.11314	3.74011	4.83562	3.23555	3.38482	7.44254	10.3227	3.38482	2.29582	4.10577	4.78128	2.2273	4.29282	4.23501	2.92965	5.12262	3.49255	1.02718	0.948661	1.87215	1.34149	1.42004	0.996469	1.66153	2.78333	1.24554	2.6466	3.34815	2.75539	0	1.18162	2.31594	1.99244	1.96894	1.42007	0.787812	0	0	0	0	0	0	0.787812	0.498298	0.787812	0	0	0	0	0	1.62378	1.94516	2.822	4.39562
4.50607	3.11359	2.69275	1.41995	0.352312	0.393884	0.176157	0.352312	0.996365	0.880721	0.635141	2.28878	1.41998	1.49446	1.62372	2.29558	2.502	6.71149	14.5793	1.50478	10.4871	2.29552	2.00776	2.12033	2.14934	2.39469	2.64059	2.7832	2.73838	2.86535	3.14813	3.33865	3.13338	3.49243	3.76465	3.36175	2.53901	1.96879	1.81311	1.67074	0.948576	0.352312	1.1815	1.58502	1.37562	1.12785	0.996435	0.948576	1.87185	2.56314	2.86529	3.71088	3.58828	3.86958	3.93278	2.82176	2.1276	1.62369	2.14203	1.89663	2.36213	2.75526	2.45216	1.59478	0.898172	0.898172	0.948576	1.50478	1.81311	1.73447	1.50478	1.94497	1.59478	1.37562	1.57525	1.12785	1.07139	0.528459	1.12778	0.352312	3.5405	5.10712	6.40246	6.84652	4.9016	1.41998	0.880691	0.249115	0.635141	1.18157	0.948576	0.726267	0.898148	0.898172	0.557055	0.393884	0.49822	0.880691	0.948531	0.726291	0.635141	0.352312	1.1815	1.24544	1.12785	0.787775	1.57516	1.50471	0.880721	0.726267	0.557031	0.6351	0.352312	0.352312	0.352312	0.704597	0.528459	0.747307	0.880721	0.948576	1.62361	2.12027	2.50217	2.73838	2.12033	1.76979	1.59475	2.17794	2.68705	2.7832	3.13338	3.36166	2.36853	2.83812	1.76103	0.352312	1.27013	1.27013	0.704597	1.79585	2.95039	2.92939	2.22717	1.37562	1.28226	0.88075	0.948576	1.41995	1.24547	1.41998	2.47098	2.34896	3.56225	2.64634	2.86529	2.74966	3.30612	3.69838	2.2956	0.898172	1.24539	1.62361	1.05683	3.07347	2.2409	4.7583	5.22322	8.74109	4.95128	2.00772	3.34783	2.12027	2.25468	4.58386	6.1396	6.80861	5.11625	4.96995	5.34195	2.99714	3.56244	4.13911	3.69838	3.1725	3.69419	3.69835	2.52061	2.73268	3.73163	3.07359	3.07347	6.08168	3.13317	1.41998	2.90283	3.24467	1.41993	3.8737	6.28952	9.76018	11.2821	10.1241	5.66225	2.25468	2.99196	3.45682	2.34896	9.54765	11.4357	3.38449	1.81311	4.73233	5.22292	1.40898	4.78073	1.76097	3.55803	3.79722	0.557031	1.59475	2.06094	1.9048	1.94497	2.1492	0.996365	0.948531	1.94497	1.24542	2.00772	2.59923	1.23292	0	0.528459	1.50478	1.99227	1.66146	0.948576	0.352312	0	0	0	0	0	0	0.352312	0.498255	0.352312	0	0	0	0	0	1.87185	3.69827	2.31576	0.635141
2.91308	1.50463	1.96853	1.02694	0.556999	0.726219	0.393866	0.528409	1.57502	0.996331	1.49431	2.06076	0.898065	1.34123	1.87179	3.00719	5.07052	3.96762	13.0844	5.031	9.70046	3.71042	1.02694	0.556999	0.898083	0.726219	0.528409	0.393849	0.176141	0.249106	1.1814	1.73423	0.556999	0.249093	0.393849	0.352278	0.635075	1.24532	1.50463	1.57509	1.49431	1.50463	1.2453	1.12768	0.498203	0.393866	0.176141	0.498177	2.36833	2.99676	2.24071	2.78278	2.28858	2.68089	3.46528	2.66356	1.96858	2.206	2.47074	1.4522	1.05673	0.787661	0.498177	0.787661	0.880637	0.898083	1.07131	1.2328	0.898083	0.726219	0.352278	1.49423	1.41977	0.880659	0.787694	0.704529	1.07131	1.74322	3.07832	3.73133	4.94782	5.38724	4.34196	2.92895	0.996279	0.787661	1.11386	0.393866	0.556981	0.726201	0.498203	0.704529	1.11386	0.528409	0.249106	0.556999	0.94848	0.880637	0.747242	0.635045	0.352278	0.94848	1.76962	1.05673	0.498203	0.393866	1.37541	1.62347	0.556981	0.556981	0.556981	0.249093	0.176141	0.352278	0.528409	0.556981	0.556999	1.24532	1.67057	1.81292	2.00747	1.34118	1.24532	0.556981	0.635045	0.726219	1.9448	1.37548	0.787694	1.41984	3.23017	3.24445	2.61664	2.84326	1.07129	0.393849	0	0.176141	1.34118	2.29532	1.34118	1.41981	1.11386	0.176141	0.556981	0.249106	0.726201	1.11386	0.393866	0.393849	1.76081	0.880615	3.1181	2.64025	2.12004	0.94848	1.26999	3.67295	4.62353	2.90255	2.46446	2.36179	0.528409	2.3155	4.25243	5.95937	2.83785	7.01028	7.52018	1.57509	3.17213	2.12004	2.36833	4.95084	0.635075	3.85716	3.73121	5.28379	6.44914	2.28858	0.556981	2.12	2.75486	2.39435	2.56291	3.24438	2.46446	2.05321	2.68089	1.40885	2.86491	6.04338	4.07863	0.249093	2.29538	3.07316	2.61664	1.41977	0.352278	0.352278	3.33821	10.2963	8.82249	5.20199	3.6263	0.393866	5.66192	10.3194	8.46549	4.73185	1.24534	5.40998	5.62935	5.19023	2.00747	3.56208	3.28702	0.528409	2.24071	1.51483	2.99161	0.787661	2.48946	3.85716	1.66121	1.11389	1.40885	1.89637	2.25449	0	0	0	0	0	0	0	0	0	0	0	0	0	0	0	0	0	0	0	0	0	0	0.176141	1.87169	4.1199	1.2453	1.9685
3.38378	1.62338	1.41968	0.249085	0.897976	0.63502	0.528358	0.393831	1.57486	1.40871	1.49418	1.07121	1.34104	1.9446	1.90444	2.74913	4.43643	3.72682	6.91347	5.96657	5.36098	3.9515	2.00724	0.897976	0.898	0.63502	0.393831	0.176124	0.393809	0.249085	1.41963	1.9683	0.556948	0.747164	0.176124	0.352244	0.726152	1.59445	1.62338	1.57495	1.49418	1.62338	0.747216	0.393809	0.49816	0.528358	0.393809	0.498125	2.11978	2.99645	2.73767	3.27243	2.52002	2.68062	3.93197	2.86467	2.06064	2.28846	2.06064	1.26988	0.787624	0.352244	0.498125	1.2698	1.07119	0.898	1.23268	1.07121	0.898	0.63502	0.352244	1.49407	2.14879	0.948395	0.787624	0.704462	0.880582	2.00734	3.07805	3.73101	4.05936	5.16582	3.45604	1.73405	0.996175	0.352244	1.11374	0.528358	0.556925	0.948349	0.49816	0.704462	1.11374	0.393831	0.249085	0.556948	0.880582	0.63502	0.249067	0.880523	0.78758	1.41966	1.58471	0.787624	0.49816	0.528358	1.12756	1.8715	0.556925	0.556925	0.556925	0.249067	0.393809	0.78758	0.393831	0.556925	0.556948	1.02689	1.51478	1.81276	1.02689	0.556948	1.59445	1.51468	0.880523	1.07119	1.67042	1.5045	0.787624	2.52005	4.05936	2.83768	0.176124	3.07285	1.73405	0.176124	0	0.393809	1.81265	1.81265	0.556948	1.28201	0.49816	0.393809	0.556925	0.249085	0.948349	1.11374	0.528358	0.176124	1.2698	0.393809	1.94462	3.21057	2.31527	1.41966	1.76069	3.31949	5.62877	3.51806	2.83757	3.80443	1.18128	1.5045	3.36101	6.1704	5.03034	4.10075	7.98783	2.11253	3.85677	1.62338	0.176124	4.48103	2.44524	2.31527	3.73084	4.65282	7.36458	4.43615	0.556925	1.37526	2.06055	2.6164	2.14162	2.83757	2.83757	4.00956	3.62168	0.996244	1.6233	3.79638	5.33236	3.73075	2.29516	1.96833	1.8715	1.18128	0.352244	0.352244	1.79556	8.07817	8.25022	7.06373	8.78044	3.62592	10.3585	7.71061	2.68062	3.07285	3.23449	5.62054	4.40509	4.88506	4.82462	4.74773	3.55735	0.948349	1.74294	0.556925	2.75458	3.24399	2.05313	5.98939	2.88611	1.11379	1.40871	1.45202	1.76063	0	0	0	0	0	0	0	0	0	0	0	0	0	0	0	0	0	0	0	0	0	0	0.393809	1.6233	3.3792	1.24518	1.73405
4.07791	1.96821	1.41957	1.51462	2.12698	1.90424	0.787544	0.528308	1.02674	1.23256	1.37521	1.12752	1.89608	3.46475	3.70988	3.23432	3.5614	4.5993	4.62265	6.88666	5.98915	3.87247	2.06036	0.634923	0.726062	0.249059	0.249059	0.176107	0.498082	0.352211	2.06036	2.34822	1.41957	1.96821	2.368	2.68626	2.92853	3.00662	2.20558	1.2451	0.556875	1.18117	0.704395	0.634954	0.88049	1.26975	1.76056	2.05292	2.46398	2.68038	2.61614	3.27215	2.5198	2.68038	3.93162	2.86441	1.94443	1.62318	0.880446	0.556892	1.02679	1.37521	1.73396	2.29494	1.83801	1.57479	1.79538	1.57479	1.41957	1.51462	2.1197	2.73189	2.64559	1.18122	1.18122	1.24506	0.39379	1.79535	2.14871	2.59847	3.8564	4.89377	3.01168	1.34098	0.726062	0	0.726062	1.02679	1.02679	0.897893	0.556892	0.897911	1.07109	0.634954	0.634954	0.352211	0.352211	0.99614	1.76056	2.06043	1.67026	1.24506	0.747099	0.249046	0.556892	1.02679	1.24508	1.81249	0.726062	0.352211	0.393774	0.176107	0.528308	0.634923	0.39379	0.556875	0.634923	0.352211	0.498108	0.528308	0.556875	1.02674	1.02674	1.94441	1.67026	1.41952	0.72608	1.28189	1.87143	3.03721	2.92839	1.45189	2.17731	2.17725	1.41952	1.34098	0.747099	0.897911	1.81249	1.24504	0.880446	0.393774	0.556875	0.556875	0.393774	0	0.880446	0.948264	0.528308	0.39379	1.05653	1.41954	1.34098	2.59836	1.62315	1.45189	0.996088	2.14146	3.93162	2.53814	2.51988	5.51286	5.51013	4.35194	3.70988	3.77563	4.85916	4.77959	6.27527	1.50434	4.13782	2.12698	3.4914	4.42548	1.51454	3.03727	4.04756	2.86441	6.03714	5.88335	2.68048	2.14146	2.14142	2.56242	2.11966	2.64559	2.99626	5.73054	4.74715	0.634954	1.40858	2.06036	4.36584	4.92202	6.49061	6.59078	4.96862	2.56242	0.498082	0.393774	0.176107	4.79547	6.14263	8.96948	13.8405	10.3709	9.71715	3.24371	1.62318	4.39754	6.29732	8.06445	3.65966	4.40464	8.23293	4.96854	4.57246	4.10427	2.94954	3.41542	3.84054	3.2342	2.6456	6.05992	2.88586	1.34092	1.41954	1.23256	1.18117	0	0	0	0	0	0	0	0	0	0	0	0	0	0	0	0	0	0	0	0.528308	1.34098	1.41957	0.39379	1.28185	2.90192	2.17731	1.24508
3.27202	1.87127	1.37509	1.51449	2.00699	2.17711	1.89582	1.18105	0.249037	0.948213	1.41944	1.18112	1.89591	3.24359	3.95096	3.4555	4.13753	3.95096	3.93143	5.97587	6.11981	2.86426	1.071	0.17609	0.948168	0.249037	0.249037	0.393734	0.49803	0.78743	2.75406	2.34799	1.37509	1.87127	2.39378	2.75421	2.99091	2.83714	2.11952	1.59417	1.51439	1.41936	0.704327	0.726013	0.948213	1.26964	1.76041	2.05274	2.14126	1.79517	1.87114	2.78196	2.28791	2.68011	3.46427	2.66279	2.2947	2.28791	1.62299	0.897804	1.24497	1.41944	1.83785	2.29473	1.73381	1.57465	1.79522	1.57465	1.37509	1.6701	2.20538	2.61601	2.00696	1.12742	1.12742	2.12668	1.41936	1.79517	2.82068	3.34655	7.55212	4.89327	2.82065	1.34086	0.393755	0	0.393755	1.0267	1.0267	0.556842	0.897804	0.897828	0.880384	0.726013	0.726013	0.352177	0.78743	1.40844	1.89591	1.96803	1.51449	0.747073	0.24902	0.747021	0.897804	1.0267	1.0267	1.34079	0.948168	0.352177	0.17609	0.634858	0.393755	0.17609	0.528257	0.556818	0.880355	0.78743	0.498064	0.393755	0.556818	1.02663	0.249037	1.34086	1.51449	0.948213	0.634898	1.12742	1.96803	2.29473	1.73372	0.787474	1.90407	1.18112	1.071	1.94423	2.24005	0.897828	1.34079	0.747021	0.634858	0.17609	0.556818	0.556818	0.17609	0	0.634858	0.72599	0.393755	0.528257	0.787474	1.28177	1.34086	1.67003	0.880355	1.05642	0.995984	1.76041	1.76035	1.57456	2.28802	4.53502	6.0897	4.36568	3.62548	1.12742	2.63958	4.56876	2.81518	2.51957	3.34653	2.34806	4.42507	3.49109	2.50104	4.07746	3.7302	1.6231	3.14675	5.45073	3.18587	2.46375	2.56216	2.14121	1.968	2.64533	2.64535	6.67477	6.22086	0.880384	1.40844	1.83777	2.14838	3.70956	6.49005	7.26604	7.14574	4.88067	0.49803	0.17609	0.393734	2.31483	4.48042	7.60851	11.5902	10.249	4.44593	2.74842	3.22908	6.43309	5.4538	9.81552	4.05865	5.62775	6.67038	4.21854	3.62545	5.29391	2.84257	3.84019	3.41512	1.245	5.57841	3.70942	1.66072	2.78196	1.28177	1.071	0.528257	0	0	0	0	0	0	0	0	0	0	0	0	0	0	0	0	0	0	0	1.18105	1.94423	1.76914	1.41936	0.726013	2.11213	2.31487	1.24497
2.48856	3.02655	2.86396	2.50095	1.81223	2.0067	2.51932	1.76018	2.22609	3.50392	4.35111	5.22069	4.50053	2.25374	2.2877	2.05997	2.11919	1.28161	0.528207	0.897739	2.92783	1.49366	0.176073	0.556785	0.897721	0.249011	0.393715	0.70426	0.70426	1.11343	2.48843	1.83761	1.12731	1.11347	1.11347	1.40831	1.40831	1.11347	0.948117	1.02654	1.90378	1.66057	0.556768	0.556768	0.528207	0.70426	0.725923	0.746956	1.34067	1.594	2.29449	3.03663	2.46977	2.39343	2.63917	1.99119	1.99119	2.61564	2.1482	1.11343	1.11343	0.70426	1.11343	1.73356	1.41927	1.73363	2.00676	2.12657	2.36754	2.36099	2.06004	1.66994	1.02659	0.746995	0.634832	3.9504	4.22179	4.2473	3.75866	4.43492	9.51814	4.11833	1.87098	0.880278	0.634802	0.176073	0.497986	0.497986	0.393715	1.02659	1.41927	1.11347	0.948117	0.725941	0.725941	0.948117	1.05632	1.41923	1.18095	0.70426	0.498012	0.70426	0.393715	0.746956	0.897721	0.8803	0.352143	0.78736	1.07088	0.556785	0.176073	0.995898	0	0.497986	0.497986	0.634802	0.746956	0.897721	0.746995	0.746995	0.725941	1.11343	0.528207	0.249011	0.249011	0.176073	0	0.497986	0.880278	1.2448	1.504	1.05632	0.498012	1.41925	1.93607	0.948083	2.64508	2.51942	2.11923	1.12725	0.725941	0.556785	0.393699	0.634802	0.393715	0.393715	0.393699	0.497986	0	0.393699	0.249011	1.07088	1.49374	2.17689	1.81223	1.81223	2.66254	1.76897	1.24487	1.59401	1.504	1.45161	3.87171	3.03669	1.73356	2.25362	2.05997	1.41925	0.393715	2.91197	2.6914	2.29444	3.49055	0.725923	3.90333	4.25075	2.36089	0.498012	2.46351	3.77491	1.81215	2.34783	3.70911	3.17098	1.93607	2.14102	2.22602	7.30667	6.5707	1.05632	1.40831	1.89565	1.26945	2.44456	2.05997	3.07199	7.64123	7.25674	2.11193	0.352143	0.393715	0.897739	0.634832	1.12725	2.51932	4.65151	3.69243	2.3935	8.30809	7.20021	2.68574	8.63136	5.67063	6.84319	3.38294	1.28161	1.62293	4.25435	1.02654	1.90387	5.96499	7.28833	7.35444	1.50406	1.87107	4.59837	2.3935	1.87107	2.63931	2.28779	0.897739	0.176073	0	0	0	0	0	0	0	0	0	0	0	0	0	0	0	0	1.76014	3.00594	2.562	3.18553	1.181	0.556768	1.41923	1.76014
3.46825	3.87148	3.98519	3.73784	3.70886	4.4069	5.11937	5.267	6.58664	7.90543	7.81897	7.31472	5.96448	4.2505	3.16583	2.86367	1.66051	1.62273	2.12639	2.53755	3.07175	2.05979	0.393681	0.556737	0.556737	0.248989	0.528161	1.05623	1.28153	1.24473	1.24469	1.45152	1.76008	1.81207	1.81207	2.05986	2.28759	2.39332	2.36734	1.87091	1.24472	1.51412	0.72586	0.528161	0.634777	0.948035	1.23222	1.34055	2.0065	2.17665	2.83652	3.70875	3.24293	2.73113	2.64485	2.14083	1.89548	2.92758	2.67964	1.59388	1.59388	1.66979	2.51918	3.55602	3.95022	4.19225	4.19225	4.25057	4.23245	3.98519	3.80322	3.62479	3.35982	2.99551	2.53755	5.88428	5.59657	4.11818	4.97351	8.19569	10.7201	4.10306	1.76881	1.05623	1.07081	1.18089	1.3406	1.0265	0.948035	1.28153	1.28153	1.28153	1.2694	1.12721	1.12721	1.37483	1.2694	1.07079	1.12715	0.634747	0.393681	0.725878	0.880245	0.948035	0.556737	0.634747	0.393664	0.634777	1.41917	1.62279	1.24473	1.37476	0.556737	0.897661	0.725878	0.897643	0.176058	0.634777	0.995863	0.995863	0.880245	0.897643	0.176058	0	0	0.176058	0.176058	0.352113	0.948035	1.94387	2.36069	0.746891	0.393681	0.948035	1.89555	2.25354	2.28759	1.66979	1.24469	2.05979	0.497943	0.897661	0.497969	0.787292	0.528161	0.556737	0.393681	0.55672	0.248989	0.352113	0.248989	1.73341	2.66235	3.53868	3.07184	2.29435	3.17069	2.29429	1.12721	1.90371	1.62279	1.66043	1.5142	4.22142	3.90306	3.1462	2.20487	1.07079	0.176058	1.58412	3.17069	3.75827	3.53426	2.99551	2.86361	3.60755	2.53743	2.05225	2.83652	2.00653	0.787324	1.99112	3.50362	4.56782	3.17069	2.14087	3.16583	7.76624	7.01145	3.62052	2.90119	2.82014	2.29429	0.497943	2.46958	1.0265	4.96717	8.92172	7.64477	4.3929	1.66051	0.634777	0.393664	0.634747	1.45149	3.00568	5.21997	6.98103	7.40512	5.4499	5.11939	8.09211	5.23775	5.10426	2.1767	3.58618	5.89493	6.931	5.93625	7.28975	8.0867	5.84285	1.12721	3.70875	1.5142	3.56024	1.96764	3.95022	4.74608	5.03176	5.21141	3.89129	1.45152	0.352113	0	0	0	0	0	0	0	0	0	0	0	0	0	0	1.87081	3.60755	0.995863	3.52112	2.61552	1.66051	1.05623	1.34055
2.69094	2.86341	3.24264	3.17045	3.37779	4.49967	6.13797	7.55044	8.51957	7.43722	5.23728	3.78657	4.17696	3.94967	2.83623	2.29405	1.34046	1.41898	2.61516	2.86341	4.96673	4.39587	1.45137	0.528106	0.248963	0.556679	0.897568	1.07068	0.89755	0.704125	0.352076	0.248963	0.634711	0.897568	0.880132	0.897568	1.41902	1.87072	1.99092	2.11889	1.87072	1.419	1.05612	0.634711	0.393623	0.947936	1.89535	2.48804	3.3363	2.88476	2.63867	3.7083	2.83623	2.7813	3.41407	3.3364	3.17042	3.52075	3.20904	2.00637	1.83731	1.96743	2.63874	3.35937	3.34559	3.39598	3.85911	4.16604	3.85513	3.7292	3.94983	3.85513	3.62441	3.31788	2.64458	5.35847	7.86211	3.85493	2.88476	11.9497	11.4988	3.69591	1.74222	1.57419	2.11889	2.39307	2.0064	1.62262	1.26927	1.24461	1.11325	0.897568	0.556679	0.634711	0.880154	0.995759	0.995759	0.634711	0.634711	2.0064	2.12617	0.897568	0.528106	0.947936	1.12709	0.880154	0.248963	0.248963	0.497917	0.725802	1.45134	1.73323	1.05612	1.37469	1.62262	0.880154	0.393623	0.24895	0.352076	0.634711	0.634711	0.17604	0.248963	0.248963	0.17604	0.352076	0.634711	0.634711	0.634681	1.58396	3.11632	1.76863	1.11325	0.556662	0.787242	2.67946	5.18726	5.46624	3.77435	0.897568	1.50377	1.11325	0.897568	1.0264	0.352076	0.248963	0.787242	0.947936	0.634711	0.528106	0.248963	1.74213	2.53717	0.556662	1.57412	1.0264	2.78121	2.83618	0	0.352076	0.88011	0.897568	2.00637	1.83726	3.46774	3.72491	2.99003	4.39249	3.89088	1.75989	1.57412	2.4693	3.62014	4.3644	4.04611	1.24461	2.64459	4.17696	3.22818	0.78721	1.59369	2.94841	4.59764	6.74118	5.79217	2.73084	2.94841	7.00863	8.60551	6.32155	4.68691	4.22468	4.39244	3.24259	0.556679	1.7947	0.880154	3.7084	7.28267	7.42693	4.51665	1.94369	0.725784	0.556662	0.634681	3.41395	6.94752	6.45015	4.8982	5.28076	1.41902	7.13091	4.6769	2.69094	3.146	5.81049	4.40634	3.94981	4.05747	4.7713	1.76863	2.28726	4.6108	3.867	2.28731	3.62423	1.11325	4.10264	2.36709	3.65827	6.32402	7.91031	5.85521	2.31421	0.995759	0.704125	0.704125	1.41902	1.51404	0.947936	0.352076	0	0	0	0	0	0	0	1.28136	3.51638	3.38229	0.634681	2.11885	1.96746	1.51404	0.634681
2.51864	2.12598	2.1477	2.05947	1.51391	1.4189	2.36033	3.85478	4.51626	2.83606	2.46283	2.73054	4.6765	3.51599	2.39275	2.23923	0.556613	0.725739	3.0051	2.39275	2.64435	5.2803	2.2254	0.393606	0.248942	0.897472	0.89749	0.52806	0.634625	0.746748	0.248942	0.393589	0	0.497848	0.880033	0.176024	0.352045	0.497874	0.497874	0.497874	0.787174	1.11316	1.0706	0.746787	1.18062	1.57399	1.26916	2.11134	3.92978	4.00734	2.86302	3.98422	3.17002	2.14042	2.48778	2.46283	2.5187	2.63851	2.56122	1.40792	1.0706	1.28125	1.75965	2.61491	2.73615	2.20445	2.11864	2.314	1.99074	1.99074	2.22547	1.75974	1.45125	1.40792	4.34968	4.94759	7.24841	5.2131	7.28183	13.296	8.97847	1.66942	0.556613	0.634656	1.18067	1.12699	0.787174	0.634656	0.746787	1.23198	1.11316	0.634656	0.176024	0.393589	0.52806	0.497874	0.497874	0.52806	1.41884	1.83715	2.46911	2.0594	0.880033	0.497848	0.393589	0.393589	0.176024	0.880055	1.26916	1.89519	1.83715	1.24448	1.02626	0.880055	0.995673	1.11312	0.497848	0.176024	0.746748	0.52806	0.52806	0.393589	0	0	0.393589	0.556613	0.556631	0.880077	1.73308	0.634625	2.61491	1.07058	1.23198	1.51383	0.947819	2.44388	3.3819	1.66019	3.16522	2.48778	1.45121	2.56122	2.1476	1.0706	0.352045	0.393589	0.897472	0.634656	0.52806	0.556613	0.248942	1.24446	1.76846	1.75974	0.725739	0.556631	2.59714	3.41366	0.634625	0.947853	1.18067	0.393606	0.634656	1.66947	2.0594	2.88451	1.62245	2.92716	4.77083	2.17629	1.18067	0.248929	1.02631	1.81172	1.81172	2.99479	2.29391	5.2803	4.43369	0.880033	2.83593	4.24964	4.72893	6.48508	7.19809	2.81961	1.62245	3.38195	5.74658	5.3695	3.88254	3.07123	3.52047	3.75755	2.29385	0.725739	0.880055	0.89749	2.59714	5.16295	4.85689	3.28477	1.23198	0.556631	0.248929	3.55956	6.85223	6.13714	2.39275	6.22597	3.1456	6.38073	6.04698	2.53695	2.20454	3.98422	4.79323	2.25311	3.88254	3.463	0.725721	1.81164	4.66667	4.33908	2.34718	5.3294	1.94352	3.17002	0.352045	2.75305	2.64436	4.77089	7.52739	3.28477	0.995673	1.57399	1.57399	1.76848	1.66947	1.41886	0.787141	0	0	0	0	0	0	0	0.352045	1.28128	3.55958	1.81164	1.18062	0.704064	0.947819	1.87046
5.40599	4.63667	4.14675	3.85437	2.98946	2.68472	3.28451	3.24197	2.66156	1.87036	2.81931	3.38155	5.3374	3.51562	2.25276	2.36652	0.634559	0	2.05165	3.28443	1.96708	4.91908	2.49987	0.176006	0.352009	0.947721	0.393548	0	0.497796	0.879941	0.248916	0.248903	0.393565	0.528005	0.746671	0.248916	0.393548	0	0.176006	0.393565	0.63459	1.07049	1.11304	0.879985	1.66925	2.00594	1.24439	1.41871	4.00692	4.49858	2.88421	3.98381	3.23232	2.00591	2.00591	2.00591	1.62222	1.62222	2.14737	1.28112	1.07049	1.58366	2.46883	3.00996	2.61467	2.3925	2.14737	1.57382	0.787092	1.12687	1.41873	1.62231	2.31373	3.33566	5.27978	2.59687	7.00956	10.5141	11.7317	11.8506	6.03879	1.24435	1.0262	1.34021	1.34021	1.24439	1.34021	1.0262	0.63459	0.947721	0.556555	0.556573	0.74671	0.556573	0.248903	0.248916	0.176006	0.393548	1.66925	2.05925	2.83572	2.31373	0.897378	0.393548	0.393548	0.393548	0.176006	0.879941	0.393565	1.28115	1.50348	1.23186	1.26896	0.995517	0.176006	1.51368	0.725646	0.497822	0.787059	0.497796	0.393548	0.528005	0.393565	0.248916	0.725646	0.879963	0.725664	0.393565	1.66925	1.18055	2.05165	0.787059	1.28112	1.967	1.11301	2.11838	2.91086	1.74188	1.76827	2.25276	2.67885	1.57382	3.58512	0.787092	0.725664	0.556573	0.746671	0.248916	0.393548	0.497796	0.352009	1.07047	0.897378	0.634559	0.393548	0.556573	2.14737	3.24185	1.26896	0.879941	0.248916	0.248903	0.556555	0.879941	0.995517	2.05165	0.787059	1.45106	3.35866	2.12568	0.393548	0.393548	1.34021	1.96702	0.393548	4.33863	1.12687	5.54827	5.20963	1.24437	3.23235	4.47812	4.10186	2.92671	7.52662	5.05458	5.26545	5.4483	5.96517	6.91135	6.76917	4.42295	3.45375	3.62356	2.46883	1.94332	0.947755	1.11301	1.57382	4.11676	4.47805	3.48922	0.947721	0.393565	0.248916	2.61464	6.03371	6.99848	2.78068	5.30576	3.83824	5.66828	6.2717	4.24552	1.50343	1.59339	4.85649	5.58427	6.13915	5.54018	6.46575	6.57781	3.92953	3.90184	2.86287	4.89097	1.41873	2.73025	1.26902	3.00479	2.90026	1.28112	7.04388	4.33865	1.37443	2.48756	1.45109	1.05592	0.497822	1.41873	1.9433	0.528005	0	0	0	0	0	0	0	0	3.48037	2.48748	0.995517	0.497796	0.703991	2.17601
5.88223	4.71832	4.43306	4.4434	4.0106	4.19066	4.08659	3.30298	2.84095	2.36643	3.33537	4.84324	5.93371	3.6948	2.00576	2.05147	0.786991	0.248894	1.24426	2.94759	2.99437	2.75252	2.44974	0.879909	1.05583	1.0704	0.497779	0.175991	0.393514	0.703929	0.556524	0.393514	0.556524	0.39353	0.248881	0.248894	0.175991	0.175991	0.527959	0.556524	0.7256	1.05583	0.7256	0.527959	1.23175	2.53658	3.87001	4.57962	6.15848	6.31247	5.23576	5.27651	3.70737	2.29343	1.5033	1.8701	1.8701	1.8701	2.39229	1.6691	1.59327	1.94315	3.20815	3.34004	2.6902	2.81907	1.62211	1.37424	1.5033	1.81138	1.96691	2.39238	3.69488	5.93376	4.27414	7.43518	11.7346	15.2273	14.8444	10.6806	5.23576	2.14729	1.7594	2.35988	2.25268	1.8702	1.90298	2.05156	2.00584	1.65987	1.02611	0.879909	1.12678	1.24428	1.02611	0.634535	0.39353	0.351978	0.947672	2.14729	2.61452	1.50335	0.39353	0.175991	0.351978	0.175991	0.393514	0.634504	0.393514	0.497779	1.11294	1.75936	1.93517	1.89483	1.74173	1.40765	0.8973	0.634535	0.39353	0.351978	0.248881	0.879909	1.11294	0.634535	1.07038	1.23175	1.02611	0.947672	1.23175	1.02611	1.45093	1.11291	1.34004	1.8113	1.11291	1.37424	1.62211	1.49304	0.527959	1.90298	3.86992	2.00576	2.84084	2.74689	1.24428	1.18044	0.248894	0.248894	0.351978	0.556507	0.556507	0.703929	1.23175	1.28104	1.26891	1.37431	1.59325	2.05147	2.11094	1.59327	0.703929	0.703929	1.11294	1.24426	1.23175	0.634504	0.703929	0.879909	1.79416	2.92646	2.46863	2.74703	2.73009	1.76812	0.879887	3.02498	1.34009	5.4924	5.41948	1.12678	2.51814	3.145	4.08643	1.57368	6.33423	8.73155	9.61563	9.74328	6.83332	5.25915	8.09851	8.22775	7.02405	5.29095	3.00973	2.64386	1.76814	1.05583	1.45097	4.44676	5.71346	4.17578	1.99036	3.11062	2.83552	1.07038	4.47773	7.69698	6.91075	6.66665	5.57553	4.96535	3.62322	4.72803	4.22356	1.8368	2.51824	4.47789	7.01319	4.94372	5.27946	4.97162	4.3064	0.786991	3.16957	2.638	1.73275	2.69014	1.26891	1.37424	2.84095	3.72816	2.74689	5.33712	4.7765	4.04499	3.85804	2.44982	1.0704	2.34673	4.57962	4.5154	1.58352	0	0	0	0.175991	0.248894	0.39353	0.947672	3.07556	2.11819	0.393514	1.37431	3.30298	4.87819
3.58444	1.622	2.00561	2.8133	2.59649	2.44327	1.73264	1.11283	0.175972	3.24135	7.19613	8.05842	6.65913	4.04066	2.34649	1.75918	0.703856	0.248868	0.393489	0.725525	1.05572	0.393489	2.56053	2.61425	1.50319	1.11283	1.026	0.947574	0.393489	0.175972	0.746528	0.786909	0.175972	0	0	0	0	0.393473	0.556449	0	0.634469	1.33995	1.41848	1.026	0.634438	2.48709	4.014	5.57495	7.48101	8.02283	7.28624	6.19496	4.63909	3.65687	2.61428	2.11804	2.34643	2.34643	2.28639	1.51339	1.65962	1.79397	3.07023	3.16911	2.66106	2.83518	1.49288	1.24411	2.29313	0.897207	0.351941	1.05572	0.746567	6.89253	10.6046	10.4301	8.44366	7.57159	7.46087	5.75307	4.00636	3.48873	3.3765	2.92629	2.25245	2.00563	2.00563	2.14707	2.36619	2.36619	2.11808	1.74155	1.37416	1.12666	1.11283	1.026	0.786942	0.634469	0.947574	1.23162	0.703856	0.248868	0.497701	0.393489	0.527904	0.248868	0.556449	0.556449	0.248855	0.393489	0.248868	0.947539	1.41846	1.87	2.14707	1.49288	0.725525	0.351941	0.393473	0.527904	1.07029	1.05572	0.248855	0.746567	1.05572	0.634438	0.393473	0.351941	1.02596	0.393473	1.3399	1.07027	1.18027	1.62191	1.1266	1.02596	0.786909	0.248868	1.81111	1.05572	2.75223	3.46198	1.50314	3.6567	1.02596	0.947574	1.33995	1.12666	0.879795	0.634438	0.393473	0	0.786942	1.41848	1.41848	1.12666	1.07029	0.393473	1.41846	2.11804	1.75918	1.41846	1.41848	1.62197	1.45078	0.527904	0.703856	0.634438	1.57352	2.68408	2.36607	1.93497	3.94833	3.38105	2.78012	1.37409	1.50314	4.47719	4.67512	1.51346	1.50314	4.94614	5.78997	4.79196	3.86961	4.57914	4.39082	8.94414	7.97545	1.18032	3.3443	6.05296	8.69952	9.34848	7.69828	5.62401	2.86227	3.07035	4.00636	5.9616	9.14144	9.08882	3.23185	1.28091	1.94293	1.28087	1.50319	5.02622	7.82088	8.60227	5.27592	1.76795	3.94833	4.47056	4.61913	3.6186	2.51798	3.77292	4.01385	2.39204	2.25233	0.746567	2.78012	3.55854	1.76794	1.89463	4.21938	3.11522	2.11808	1.6597	1.24409	1.24415	1.65962	2.61428	4.60918	3.30263	4.23039	6.90136	6.13314	5.19705	5.9846	7.87084	4.50118	0	0	0	0.393473	0.248868	1.93497	4.39077	3.41282	0.897207	2.17559	3.30263	3.45318	2.8838
2.8349	1.49275	1.79385	2.28623	1.66883	0.879741	0.725462	0.634413	1.96645	5.91464	7.89885	6.66543	4.5954	2.66083	1.45069	0.725462	0.175957	0	0.175957	0.527858	0.725444	1.41829	0.995292	2.31309	0.879741	0.703795	0.634413	0.897147	0.897129	0.248847	1.02587	0.634383	0	0	0	0	0	0.497658	0.497658	0.393439	0.879719	1.12656	1.24402	0.556418	1.74131	2.77988	2.8403	3.28352	5.11627	5.71238	3.53224	2.28628	1.73249	1.65956	1.81103	1.66883	2.34623	2.34623	1.6218	0.879697	2.23838	2.20361	2.752	3.46611	2.22455	1.45066	0.995292	1.50306	1.73242	0.634383	0.556418	1.33983	3.41235	4.27326	4.59549	3.77259	2.81855	2.34628	2.1179	1.89446	1.49275	2.14688	2.61405	1.90262	1.33983	1.37404	1.41836	1.18022	0.995292	1.12656	1.37404	1.41836	1.02591	0.725444	0.497658	0.175957	0.556401	0.556418	0.897147	0.879719	0.393455	0.248847	0.879697	0.393439	0.556401	0.248847	0.556401	0.556401	0.248847	0.248847	0.175957	0.497658	0.497658	0.393439	0.556418	0.897147	0.556418	0.175957	0.497658	0.879697	0.746502	1.59296	1.07017	0.725444	0.556418	0.175957	0.703795	0.351911	1.1265	0.556401	1.51326	0.947457	1.1127	1.26861	1.37397	1.02587	0.634383	0	1.75898	0.947491	2.44927	2.49918	0.248847	3.06997	2.51766	0.556401	1.02591	1.18022	1.45066	0.947457	0.393439	0.393439	0.527858	0.527858	0.556401	0.248847	0.556401	0.393455	0.175957	1.33978	1.59294	1.65956	2.1179	2.44936	2.86197	1.98988	0.786873	0.351911	2.68385	1.66878	2.46816	4.24434	0.78684	2.6781	3.92828	1.62183	0.897129	3.76015	3.69409	1.62186	0.78684	7.42324	7.53658	4.0971	1.86984	1.65948	0.634383	7.10839	8.91982	2.13964	1.6218	1.94278	4.5954	7.04865	8.08762	8.07067	2.6375	3.69	3.31633	3.47959	5.99169	10.7966	5.98381	1.65956	1.45069	1.37397	0.879697	0.947457	3.16888	6.97706	9.49313	4.75292	2.89945	1.50306	2.8403	4.85497	2.20361	2.6782	1.89446	1.28076	1.94278	0.879741	1.73242	3.06997	2.31309	2.66079	2.94694	0.175957	0.947457	0.897129	2.1754	1.86984	1.96648	1.98988	1.8944	2.39186	3.45279	3.94799	5.82894	4.1344	3.69	8.15235	6.72879	0	0	0	0.497658	0	3.61829	5.36746	3.69	1.07017	4.57853	2.13964	0.393455	0.746502
1.57322	0	0.879605	1.41815	1.18004	0.746385	0.55636	1.02581	4.22215	7.96073	7.00675	3.90042	1.96627	0.897035	0.393398	0	0	0	0.175939	0.527803	0.725386	1.81076	0.746385	2.11757	0.393398	0.393398	0.175939	0.393398	0.879605	0.248821	0.879605	0.497606	0	0	0	0	0	0.393398	0.55636	1.24389	1.76762	1.3739	1.59278	1.12639	2.84001	3.96299	4.22946	4.03989	4.50032	4.59478	2.0584	1.11258	0.947358	1.24389	2.00525	3.85291	5.87794	6.4255	6.13448	5.97072	5.8048	4.72664	3.7925	3.90042	2.98825	2.61375	2.3917	2.14666	1.89427	1.12644	0.897053	1.41821	4.72647	5.26611	1.12644	1.02581	1.18004	1.26848	0.351874	0.786758	0.634347	1.07006	0.393414	0.897035	0.947393	0.879649	0.897053	1.02581	1.24392	1.12644	0.879649	0.879627	0.725386	1.23139	1.11262	0.995189	1.07008	0.393414	0.393398	0.634317	0.175939	0.248821	1.24385	0.897035	0.897035	0.248808	0.248808	0.527803	0.393414	0.248808	0.393414	0	0.879649	1.02581	0.55636	0.634317	0.497606	0.175939	0.393398	0.725368	0.897053	0.725368	1.26848	1.11258	0.393398	0.55636	0.248821	0.634347	0.527803	0.725368	1.26848	1.12639	1.18004	1.28063	1.33964	0.879605	0.634317	0.55636	1.33964	0.248821	1.62163	2.51747	2.34604	1.02576	3.38036	3.69386	2.4491	0.746424	1.12639	1.18004	0.634317	0.393398	0.527803	0.527803	0.393398	0	0.497606	0.175939	0.55636	0.725368	0.725386	1.51317	1.62169	1.76762	3.11454	3.45243	1.02581	0.634347	3.00365	0.527803	1.02581	4.99455	3.3804	4.4765	1.94258	2.2928	3.48807	2.9934	1.73224	2.98832	4.10036	7.08844	9.00744	0.248808	1.8362	2.66051	2.77973	5.82823	6.95012	2.35909	1.7588	0.497606	1.49252	2.48653	5.06153	8.30524	4.61825	3.53184	0.786791	1.45054	2.20347	9.62475	8.431	0.634317	0.393414	0.879605	0.995137	0.393398	0.947358	6.24007	12.3978	4.71669	4.33698	2.49892	2.00517	3.62215	3.22633	0.746424	0.248808	0.556343	1.41817	1.26854	2.11032	2.94663	2.31284	1.73224	1.66861	0.55636	1.37383	0.634317	0.947358	1.45054	0.725368	2.20347	2.88325	1.94256	3.38026	2.66051	3.16848	0.879627	2.94663	7.30115	7.59371	0.527803	0	0	0.634317	0.248821	3.38026	5.61469	4.05507	2.81825	5.6229	5.16065	4.3478	2.61375
3.47893	2.61355	2.92548	3.06948	2.46769	1.76744	0.879529	2.66032	7.39952	10.0224	6.50251	3.00349	1.45041	0.556312	0	0.248799	0.175923	0	0.393364	0.497589	0.725323	2.25171	0.78669	2.29249	0.39338	0.39338	0.39338	0	0.786723	1.51304	1.26843	0.39338	0.175923	0.39338	0.497589	0.634292	0.746359	0.879573	1.26843	1.28055	0.393364	2.00505	3.41182	4.17432	5.46254	5.63603	4.9418	4.24726	4.21456	3.92758	2.2858	3.16341	4.38955	5.72485	7.44255	9.05185	9.74737	9.5357	9.79464	10.1068	9.52946	8.16966	6.86417	5.9625	5.11548	4.48645	3.8526	2.77949	1.37378	0.725323	0.879573	2.55982	5.65491	4.79056	1.51304	1.17999	1.11252	0.896957	1.06997	1.37378	1.62155	0.879573	0.497563	0.248786	0.39338	0.746359	1.49247	2.25182	2.48644	2.49883	2.49883	2.59577	2.39149	2.28584	1.96616	1.74107	1.8941	1.50278	0.746359	0.725305	0.351844	0.248799	1.33953	1.24377	0.556294	0.556312	0.634292	0.527757	0.497563	0.725305	0.248799	1.45038	2.28584	2.39149	1.8361	1.41806	1.06999	0.70366	0.351844	0.497589	0.94731	0.746359	0.634262	0.896957	1.11248	0.725305	1.26843	1.41809	1.12635	1.06999	1.24377	1.45038	1.62149	1.59264	1.05542	0.896957	1.06997	1.06999	0.879551	0.175923	0.556312	1.74107	3.16341	2.36541	3.41187	4.88886	4.34372	1.12629	1.06999	1.62152	1.8941	1.50278	0.896975	0.39338	0.175923	0	0.393364	0.351844	0.248786	0	0.879551	1.28055	1.49247	2.28584	3.53157	4.21819	2.83986	2.883	4.27614	3.75963	2.883	4.74235	3.77187	2.4864	2.68334	4.04336	3.65586	2.36553	1.26837	2.637	3.41182	6.42475	8.51544	1.41806	2.44248	2.4987	4.17421	5.61156	3.72246	2.53549	2.05069	0.879573	1.9661	2.92534	3.37997	5.99547	5.53749	0.351844	1.28055	1.96608	0.896975	7.67027	8.18766	1.73209	0	0.78669	0.879529	0.175923	0.725305	5.6467	11.5524	6.5953	2.99314	3.35709	2.83431	2.28576	1.96608	1.57315	1.17999	0.725305	0.947276	0.634292	0.879529	2.48636	2.89897	1.9896	0.896975	0.725305	0.879529	0.393364	0.746359	1.05542	1.81061	1.51297	0.896957	0.634292	1.02567	2.89897	2.72904	1.65924	3.20693	3.46545	8.08601	5.19561	1.58291	0.175923	0.78669	0.248799	1.24378	4.61785	4.40007	3.41182	3.92765	3.35719	1.86939	1.96608
7.52878	6.4457	6.8103	6.92514	5.30872	3.41141	3.77132	5.96183	8.95932	7.75966	2.66002	0.786653	0.634237	0.497545	0.527707	0.175907	0.24876	0	0.393323	0.393323	1.62133	2.86114	0.725233	2.05047	0.393345	0.393345	0.24876	0.527707	0.896893	1.11242	0.947225	0.725257	0.725257	0.947225	1.12625	0.995016	0.556238	0.248777	0.634196	1.41793	4.38916	6.03569	5.72435	4.40315	4.40302	4.61733	4.04298	4.05438	5.448	6.83687	7.29194	8.3041	8.59753	8.6671	8.89756	8.35828	6.89662	5.1834	4.16293	3.7593	4.0049	4.59422	5.10009	4.819	3.77154	2.83419	2.53539	2.7791	2.51695	3.07426	2.92523	3.69301	5.78765	3.41141	1.79335	1.49234	1.90209	1.90209	1.79335	1.26832	1.02563	1.02557	0.94718	0.497545	0.35181	0.896869	1.45028	1.41796	1.2437	1.37366	1.62141	2.0506	2.2924	2.51705	2.59554	2.25163	2.0581	1.96595	1.33946	0.393345	0.634237	0.995016	0.879467	0.527707	0.995016	0.725233	0.393345	0.786609	0.527707	1.17989	1.2437	1.57292	1.26824	0.393345	1.96598	2.55959	2.12458	2.0581	1.50264	0.634237	0.393345	0.634237	0.497545	0.24876	1.11237	1.50257	0.786609	1.62141	1.90209	1.12625	1.24364	1.28039	1.26824	1.37357	0.896869	0.879467	1.11237	0.556238	0.175907	0.175907	0.175907	0.725233	1.41793	4.94127	4.22136	1.57292	5.27676	3.16797	0.879496	0.24876	0.786653	1.62137	1.62137	1.02563	0.556238	0.248777	0.175907	0.634237	0.896893	0.786653	0.896869	0.497511	0.393323	0.393345	1.93424	3.69313	3.94689	5.30308	7.064	7.05535	4.38922	4.9662	6.19271	3.58319	4.5939	2.59539	1.89393	1.62137	1.7408	2.224	1.98943	5.61356	6.61983	1.41793	2.44223	2.00476	5.88956	4.98742	2.13903	1.6683	1.6683	1.26832	2.13903	3.8997	3.62153	4.16269	6.03028	3.22572	1.81053	1.17989	3.62171	7.76361	9.47018	6.12088	3.03383	1.33939	0.746243	0	0.497511	4.6338	9.66466	6.51802	1.24364	3.8997	4.79	1.33939	1.24367	1.24364	1.12625	2.0049	1.05532	1.17989	1.37366	0.393323	1.50264	2.49861	3.10917	2.36533	1.41796	1.65909	1.41796	1.24367	2.35877	4.05443	4.31867	3.60467	2.48617	0.175907	1.06989	0.393345	3.07407	3.06923	6.65666	7.31021	2.92504	0.24876	0.556238	0.497545	0.527707	1.26824	1.05532	2.59554	3.72224	7.34756	8.17991	5.10005
10.0931	10.337	9.73796	9.09616	7.44081	5.89167	8.29943	8.74189	7.69262	4.30385	1.11227	0.527656	0.393305	0.17589	0.393288	0.393288	0.248751	0.497494	0.556205	0.725167	2.53501	1.62115	2.44834	1.41777	0	0.879383	1.11231	0.947129	0.703526	0.248738	0.17589	0.725185	0.556205	0.17589	0.879405	2.05789	3.16773	3.35662	3.98139	5.21523	5.67817	3.78335	2.67718	2.35853	3.89934	5.36542	4.94086	5.36552	7.1759	7.74157	6.96814	7.52193	7.08678	5.96137	5.1085	4.55681	4.08426	3.16775	1.90189	1.17977	1.41779	1.6682	1.96578	1.90189	1.51275	1.17977	1.49218	4.05395	4.75111	3.1432	3.14333	6.84723	8.89132	4.56339	0.78654	0.947129	1.28031	1.12613	0.725185	0.17589	0.879383	1.33927	0.879361	0.351776	1.23104	1.58261	0.879383	0.17589	0	0	0	0.17589	0.556205	1.17977	1.81034	2.05039	2.2854	2.46722	1.58261	1.06977	0.879361	0.725185	1.33932	1.41782	0.947129	0.879361	0.725185	1.40684	1.12607	2.44842	3.1286	1.7584	0.497494	1.76711	0.634141	1.40684	2.23764	3.31507	3.33357	2.2854	1.51275	1.12613	1.02552	0.879405	1.05522	1.50244	0.99486	0.896804	0.896804	0.248751	1.12607	1.02548	0.634141	1.57278	1.26813	0.351776	1.05522	1.02552	0.879405	0.556188	0.556205	0.725185	1.41777	3.34274	5.96125	4.59374	1.75835	3.69284	4.38872	1.79317	0.556188	0.556188	1.05522	1.11231	1.40684	0.994912	0.947129	0.556205	0.556188	0.703526	1.41779	1.81034	1.90189	1.49218	1.7584	3.06891	2.9459	1.24353	0.746178	3.37932	2.39101	3.69284	5.56963	7.51981	6.83603	3.06889	2.75106	2.36508	0.896804	0.393305	0.896804	5.09945	8.7881	6.80959	6.89592	5.83731	4.96245	5.85788	2.05782	0.879405	0.634141	0.17589	0.947129	3.78335	6.17228	6.13513	7.4774	6.39268	1.65892	1.83569	1.62115	4.94086	9.24121	8.12917	7.28286	6.71068	3.51777	0.497494	0.527656	3.85166	10.0322	9.06961	3.85184	4.57679	5.85788	1.06977	0.527656	1.12607	2.3122	2.25139	3.03347	1.62121	1.57285	1.12613	1.33932	2.20286	2.11709	1.94204	0.879405	0.556188	0.725167	2.2921	1.98922	2.2921	1.76711	1.37352	3.00801	3.06891	2.55933	0.994912	4.04248	3.16763	6.44471	8.62245	2.35843	1.94204	3.85184	5.93062	7.29952	8.33224	8.80869	8.16812	7.14009	7.1822	4.07285	6.31835
5.64532	6.57283	6.03445	10.3569	11.5541	7.98417	8.62162	6.92352	4.07242	1.59217	0.634075	0.497416	0.393247	0.527601	0.393264	0.55613	0.527601	0.497442	0.527601	0.879269	2.39067	1.33918	3.0685	0.994808	0.634075	1.33913	0.896711	0.634105	0.393264	0.248726	0.527601	0.527601	0.248713	0.879291	1.79298	2.83356	2.86064	2.39079	3.22524	4.1324	2.99228	0.947031	1.41763	2.312	4.24596	5.3248	3.79097	3.83531	6.11945	5.60164	2.99226	3.88706	3.41075	2.1386	2.13856	2.61267	1.93386	1.49203	1.62107	1.62107	1.44999	1.05511	0.725091	0.527601	0.497442	0.393264	0.896693	2.34514	4.98971	7.30469	4.96184	4.3882	10.0563	7.12203	0.879313	0.896693	0.879269	0	0	0.786458	1.06965	0.896693	0.634075	0.786458	1.50228	0.896693	0.175871	0	0	0	0	0	0	0	0.175871	0.556147	1.17964	2.559	1.89348	1.05511	1.62101	1.17959	0.879269	0.556147	1.17964	0.994808	1.65867	1.59219	2.92448	2.83348	1.98902	2.81169	1.79295	1.12596	1.41763	0.35174	1.76692	2.00448	2.99226	2.11683	1.44999	0.947031	0.879313	0.947031	1.23091	1.76692	0.746139	0.527601	1.17964	1.06967	1.62099	1.02537	0.175871	1.26799	1.57262	0.497442	0.786491	0.947031	0.725109	1.26799	0.786458	0.725109	0.7461	1.33913	2.29186	4.14359	4.73772	2.77853	4.55621	3.26778	0.879291	0.634075	0.55613	0.248713	0.896711	1.24344	0.879313	0.786458	0.497416	0.879269	1.73158	1.76694	1.90169	1.90169	1.62107	1.44999	2.88201	1.24342	2.12414	2.29186	0.527601	2.11676	0.634075	5.61249	6.70068	2.39069	1.2434	0.725109	1.9016	0.879291	0.786491	1.41765	5.43847	4.67268	5.06282	4.24971	3.37912	4.63624	2.49796	0.725091	0.393264	0.55613	2.00438	2.00446	4.76671	5.57161	6.8264	6.15174	3.5565	1.62105	4.51225	0.725109	6.10197	4.49861	4.72164	8.06688	6.57946	0.497442	0.393264	4.14339	11.4893	9.34287	0.879269	6.66661	5.72293	1.96556	1.62107	0.634075	2.94551	0.725091	2.74504	0.634105	1.66802	1.50233	1.40669	1.40669	1.11216	1.49195	1.11216	1.12601	0.725109	2.48558	0.393247	2.00438	1.06965	0.946997	1.17964	2.312	2.51646	1.4176	4.24949	3.26778	8.53934	8.45274	0.35174	3.72136	5.43849	7.13928	7.69987	7.76427	6.37555	5.1794	4.22798	2.81718	1.66797	8.09282
2.83336	2.51622	7.88107	14.5138	14.6459	9.76637	8.15524	5.21407	2.20235	0.725028	0.527555	0.393213	0.634019	0.725028	0.497399	0.351709	0.351709	0.497399	0.527555	0.746035	2.90839	1.51246	2.98679	1.23081	1.06958	0.879193	1.12592	1.4919	1.37326	1.12592	1.26794	2.22335	2.98692	3.37882	3.39245	3.23922	2.55885	2.05	2.6593	2.29168	0.896633	0.556099	2.17416	3.18161	4.27082	4.77268	3.58208	4.00357	6.42225	5.92926	3.75404	4.0418	3.20571	2.13841	2.48545	2.13838	1.12586	0.175856	0.175856	0.39323	0.527555	0.556082	0.393213	0.393213	0.248691	0.39323	0.946914	0.896615	3.0329	6.7565	6.48113	3.5519	9.97543	6.23717	0.879237	1.33902	1.12586	0.175856	0.556099	1.24329	0.896615	0.248691	0.63405	1.40657	1.28003	0.393213	0	0	0	0	0	0	0	0	0	0	0	1.96533	2.29166	1.66788	1.94167	2.34494	2.34494	1.33907	0.556099	0.248691	2.12387	1.59205	3.07322	3.10809	0.879237	1.96533	1.57248	0.63405	0.879193	1.57248	2.39049	1.37326	2.81694	3.03295	2.28493	1.05502	0.497399	0.786422	1.05502	0.99467	0.527555	0.746035	0.527555	0.393213	1.94165	1.94165	0.634019	1.11206	1.12586	0.248704	0.248704	0.527555	0.703392	1.50215	1.33902	0.879193	0.39323	1.12586	0	1.62085	4.24553	5.65267	2.55878	5.60943	3.85111	1.7404	0.393213	1.41755	1.62093	1.17954	0.946914	0.99467	0.39323	1.24329	1.80991	1.24327	0.527555	0.527555	0.248704	1.66783	3.37868	1.17949	0.351709	0.946914	0.39323	1.79279	1.41755	3.98043	5.98041	3.23915	0.946948	0.746035	1.86867	0.725028	0.896633	2.14555	2.35798	1.96541	2.81692	1.86877	2.49787	3.5519	2.22328	0.725046	0.746074	0.556099	3.12785	2.55878	3.5519	5.47995	7.738	6.31481	4.98919	4.13195	2.99193	2.34489	5.08631	3.4104	0.896633	7.32468	7.3226	0	0	4.72099	11.6553	7.94181	3.5171	6.89435	4.3982	1.12586	2.29166	4.4192	2.9085	2.20235	2.0499	0.946948	0.725028	0.78639	1.11206	0.497373	1.57248	1.26788	1.17949	0.879237	0.879215	1.80991	0.63405	1.44982	1.12592	2.00423	1.8354	2.61253	3.72525	3.69207	3.39233	2.13841	9.70358	6.27852	3.69207	6.4813	6.13395	5.98052	2.53465	0.634019	0.527555	1.44982	1.75806	1.86877	1.51239	8.66423
6.36463	13.5483	17.4809	19.2207	15.9393	10.1824	6.42185	2.63574	1.06946	1.62076	1.11199	1.12582	1.83523	1.73134	1.62079	2.59455	3.89838	4.11312	3.62033	3.97256	3.92579	1.89312	2.73326	1.33888	0.248665	1.02524	1.80983	2.1165	2.25077	2.48528	3.55603	4.95193	5.26343	5.1578	4.67187	4.16134	3.70429	3.65415	4.10934	3.26737	2.49766	2.90825	4.27049	5.11299	6.15324	6.88068	6.75615	7.2558	8.72568	8.04305	5.64431	4.40148	2.8976	2.46652	2.65906	1.80983	0.946864	0.556049	0.72498	0.946864	0.87916	0.72498	0.556049	0.393195	0.556026	0.703325	1.05492	1.59188	3.0326	5.44594	8.88238	10.1168	9.24021	3.37839	0.527505	1.12574	1.05492	1.41742	1.89321	3.06803	3.26737	2.59455	1.41739	1.37304	0.786309	0.175839	0	0	0	0	0	0	0	0	0	0	0	0.879131	2.0041	2.51609	2.92411	3.55603	3.88649	3.03267	1.5919	0.527505	1.11199	2.28476	2.29144	2.39022	0.556026	0.633954	1.51233	2.25077	2.20225	2.46025	2.00403	0.89655	1.80983	3.18135	3.34178	2.28476	2.23702	2.1165	1.75791	0.994636	0.527505	0.527505	0.633995	0.724956	0.87916	2.65901	2.12365	1.12574	0.497321	0.248682	0.248682	0.393195	0.72498	1.40644	1.94146	1.7666	0.87916	0.946818	0	1.33888	1.66766	6.02054	3.3418	2.34472	5.09812	4.72399	2.89751	0.994567	0.497355	1.06948	1.62071	1.23069	1.33895	1.62076	1.59188	0.724956	0.175839	0	0.248682	2.23686	2.49749	1.26783	1.41742	1.2799	0.633954	1.11199	1.37314	1.74013	4.72382	4.57562	2.83853	1.94148	2.17401	1.90136	1.23069	1.66766	0.351676	2.14547	2.39034	1.65846	1.96523	2.29144	1.44968	0.633995	0.74601	0.633995	5.15746	4.04141	3.86661	4.474	8.7308	9.12644	8.0525	7.56769	1.24319	2.98649	2.72775	6.42185	4.30272	7.32393	6.42868	1.80983	0.89655	4.47379	10.6087	7.07602	6.32885	6.14079	2.68783	0.497355	3.88633	4.81696	2.63574	3.62009	0.248682	1.62079	0.896526	0.351676	0.879102	0.89655	1.59188	0.556026	0.87916	1.96523	1.75791	0.248682	1.17937	0.633995	1.26783	2.51599	1.94148	1.90136	3.55603	5.65776	2.13822	6.32638	9.4351	0.879102	9.75331	8.5943	7.08905	6.5158	4.56552	1.41739	0.556026	0.497321	0.946818	0.786353	5.74047	7.89345
13.0761	15.5296	13.461	12.182	7.87953	3.03237	1.27978	0.393155	1.33881	2.0039	1.76645	1.44958	1.79248	1.2677	1.17932	3.34146	4.60528	4.72356	4.04114	4.04114	2.44749	4.04094	1.62056	0.946734	1.23057	1.06938	0.879047	0.724908	0.879069	1.50192	2.99145	3.35527	2.55836	1.96503	1.51217	1.59175	1.6206	1.83505	2.28449	1.49161	1.75772	2.83277	3.51643	3.78992	5.43688	5.91015	5.43698	5.79301	7.07537	5.67592	2.44749	1.41727	0.724908	1.62054	1.86832	0.555993	0.745932	0.633929	0.703257	0.703257	0.497304	0.393155	0.527455	0.497304	0.351642	0.879025	0.946734	1.49161	3.61569	5.20448	7.29676	7.66041	4.0106	1.59175	1.33881	0.633929	0.724908	1.33881	1.59175	3.4098	2.83282	3.18104	2.46001	2.39003	1.17927	0	0	0	0	0	0	0	0	0	0	0	0	0	0.351642	0.946768	1.373	1.57225	2.48494	3.00167	1.89295	0.946734	1.02508	1.06938	1.05482	2.04951	0.879047	0.745932	1.24307	1.62062	2.04961	1.44958	0.633898	1.06936	0.527455	1.73998	2.44108	1.41727	1.74007	1.50192	0.994532	1.11188	1.05482	0.527455	0.248656	0.896444	1.17927	1.90107	2.92367	1.41721	0.393138	0	0	0	0.175823	0.72489	1.44955	1.75768	1.2677	0.497304	0	0.633929	1.17927	2.98629	5.80611	3.37808	1.33881	4.72339	4.40086	1.76645	1.27982	0.248656	1.33876	1.06938	1.06938	0.879047	1.11185	0.393155	0.248656	0.527455	0.497304	2.35754	2.13797	1.65829	1.83505	2.22286	1.26764	0	0	0.351642	2.67606	3.23853	2.83274	2.10893	1.98847	2.55836	2.28449	1.76643	1.57218	1.26764	0.351642	0.351642	0.879047	1.50186	1.26764	0	0	0.175823	7.18986	4.01045	4.04094	0.72489	4.68105	6.66035	7.13502	8.27806	3.92529	3.12725	4.13117	5.5702	6.67172	8.43625	6.27736	2.29124	1.66751	3.26687	8.67815	5.45937	4.05244	2.85979	0.555976	1.27978	3.23848	4.28428	3.22421	4.81645	2.49727	0.745932	2.36406	0.497304	0.879047	1.24305	0.896444	0.248644	0.896444	1.59173	1.41725	1.44955	1.26764	0.633898	0.175823	2.14514	0.879025	0.497304	1.57218	2.83277	7.30467	8.59311	4.34125	7.85255	10.3997	3.37363	3.5814	3.00167	4.63163	1.59173	0.724908	1.44955	1.93332	1.1257	7.86213	4.96664
16.318	12.6937	8.04503	6.93176	4.5545	3.48547	5.09718	5.70511	5.25954	5.82414	7.13677	6.19661	4.63146	4.60493	4.71992	4.78746	4.39008	3.85403	3.75298	0.786159	3.1661	4.24788	1.02498	1.24299	1.66741	0.878992	0.70319	1.40617	1.901	2.44727	2.64107	1.83481	0.946638	0.393098	0	1.12553	1.50171	1.58186	1.59157	1.02504	1.96486	3.52922	4.05206	4.39008	5.99146	5.43634	4.01004	4.63119	5.64293	3.6909	0.555943	0.39312	0.633873	1.50171	1.90088	0.55592	0.39312	0.633873	0.896379	0.724842	0.49726	0.49726	0.70319	0.633873	0.878992	1.23046	1.06925	0.786159	0	0.39312	1.50171	0.633873	1.51194	1.02504	1.80949	1.96486	2.22273	1.75757	0.946683	2.68153	1.89285	2.83246	2.4847	2.38979	1.17915	0	0	0	0	0	0	0	0	0	0	0	0	0	0	0	0	0.393098	1.80938	2.77751	2.64109	2.44727	2.64107	0.55592	0.896379	1.51194	0.724818	0.351608	0.994377	0.351608	0.724842	0.555943	0.175806	0.786159	0.70319	1.26751	1.98816	0.175806	0.248618	0.896355	0.745867	0.946683	1.41712	1.24296	0.555943	0.527404	1.65804	0.878963	3.28069	2.34421	0.946638	0.175806	0.175806	0	0	0.393098	0.946638	1.06925	0.896379	0.878963	0.39312	0.393098	1.98816	0.49726	4.05196	5.19203	3.55088	3.48523	4.73903	1.51194	0.724818	0.393098	0.633833	0.70319	0.351608	0.393098	1.02498	0.248618	0.248635	0.175806	0.946683	1.83481	1.12553	0.393098	0.878934	2.38976	1.65804	0.175806	0.175806	0.248635	1.80938	2.51548	2.51551	2.28427	1.26759	1.96486	3.49863	3.666	3.52917	2.35729	0.351608	0.497226	1.41715	2.64109	2.44715	0.175806	0	0.351608	7.66514	3.73228	5.12078	1.02504	1.02498	4.44209	7.68295	8.8871	6.65291	3.3915	4.22615	2.0493	6.32493	8.29349	5.33132	2.05683	2.13776	1.41707	6.66409	4.93839	1.93314	1.02498	0.248635	1.02498	2.291	4.4005	3.52922	4.09337	3.02178	0.994446	2.38976	0.248635	0.248618	1.02498	0.248635	1.41712	2.31114	2.51558	2.1736	2.51561	2.83257	2.25034	1.901	2.11601	1.62045	2.14506	3.51172	2.6118	10.18	9.4772	2.22273	10.4214	9.14727	1.66741	2.28422	1.86812	3.29936	3.02198	4.11234	5.18045	3.12714	1.96475	6.51197	3.0015
19.8462	11.1526	5.76278	3.97891	3.72378	3.88536	5.50025	5.70452	5.21231	6.03923	7.05927	6.75872	4.59112	4.72267	4.71943	4.17116	4.38966	3.72391	5.33095	4.22579	2.94413	2.77723	2.00344	1.59144	1.51189	1.06917	0.703123	2.22243	2.17338	2.44702	2.00352	1.23034	0.724752	0.175789	0	1.37266	2.20151	1.7661	1.24283	1.24283	2.63499	3.86151	4.215	4.38966	5.56902	4.55409	3.55484	5.33088	5.4105	2.77726	0.555887	0.527354	0.724769	1.27954	1.65789	0.555869	0.527354	0.724769	0.896291	0.633808	0.497209	0.497209	0.703123	0.724769	0.946587	1.06917	0.878879	0.351575	0	0.724752	1.27954	0.724769	2.49679	1.59142	1.8093	2.05672	2.2225	1.75739	1.23034	1.06915	1.75739	2.45954	2.48446	1.7661	0.527354	0	0	0	0	0	0	0	0	0	0	0	0	0	0	0	0	0.175789	1.33851	1.94091	2.34404	2.44702	3.4495	2.49679	0.896291	0.555869	0.946553	0.786089	0.994291	0.351575	0.633808	0.896273	0.393063	0.351575	0.703123	0.786089	1.98798	0.393063	0.745751	0.555887	0.745789	0.878901	1.27957	1.59142	0.896273	0.39308	1.90071	1.27954	3.06707	3.22837	1.65789	0.393063	0.393063	0	0	0.175789	0.724752	0.878879	0.896291	1.06915	0.527354	0.175789	1.98798	1.11163	2.63499	4.98729	5.04821	1.51181	5.2296	2.49679	0.39308	0.175789	0.175789	0.703123	0.351575	0.175789	1.02489	0.745751	0.248609	0.633777	1.41696	1.23034	0.393063	0.175789	0.633777	2.14473	1.90071	0.393063	0.393063	0.248609	1.33851	2.28401	1.93295	2.46579	1.26746	2.17338	3.22373	3.92466	4.77087	3.79725	0.786089	1.49125	2.51528	2.99086	3.85347	0.393063	0	0.786089	7.17586	3.23787	5.36513	1.24283	2.00344	3.20454	7.46707	7.84541	6.82335	3.61922	1.7573	1.11163	7.05891	8.0499	4.09675	1.83464	1.75734	0.946553	4.79006	5.59904	1.37273	0.248609	0.248609	0.248609	1.51189	3.5506	2.83228	2.22243	2.04912	0.994342	1.17904	0.248609	0.248596	1.02489	1.02489	1.9646	2.81584	2.38965	2.31092	2.38967	2.74389	2.25011	1.86806	1.62029	2.11582	2.38965	3.51139	2.72696	10.4148	10.4303	2.2225	10.6503	7.27221	1.51189	0.946587	1.62023	1.17909	3.02167	4.18587	5.09663	5.13236	5.60988	3.61485	4.22588
23.4561	13.3986	9.58376	7.70541	5.88805	5.56869	7.13753	8.55616	9.12325	10.0365	10.0896	9.19654	6.93092	5.95745	3.8969	2.65804	3.53278	0.896208	4.96518	6.44038	4.72203	4.43794	3.83328	2.12295	0.896208	0.878795	1.62014	2.6868	1.76592	1.23022	0.724703	1.05452	1.96445	2.923	3.86525	4.47236	4.5538	3.53297	3.02141	4.43794	7.04136	8.23422	8.59106	8.81821	9.14927	8.13875	6.80732	6.13106	4.21815	1.37252	0.527304	0.555837	0.946502	1.41683	1.66702	0.896208	0.946502	1.17899	1.51175	1.51175	0.946502	0.393045	0.878766	0.878795	0.724703	0.703056	0.878795	0.633752	0.497131	1.17892	1.24266	0.248587	2.49654	1.66702	0.878825	1.17899	2.4967	3.12655	2.83744	2.23616	2.23616	2.17318	1.79193	0.786009	0	0	0	0	0	0	0	0	0	0	0	0	0	0	0	0	0	0	0.994187	1.12531	1.02478	0.878766	2.67528	3.86513	3.29891	1.96448	1.41685	1.4059	1.41683	0.393045	0.878795	1.41685	0.393045	0.555837	0.946502	0.946502	1.24266	1.02485	1.24272	0.878825	1.26735	1.75724	2.14465	2.72672	2.55764	1.65783	2.28384	2.8965	2.48427	1.8924	3.45821	3.53297	2.00337	1.12539	0.878825	0.633752	0.703056	0.724703	1.02485	1.73068	2.24991	2.14465	2.64056	2.34383	1.80914	2.2905	5.43544	5.33067	4.39967	1.62014	3.7971	2.94395	1.41679	0.724703	1.02485	1.37261	1.62014	1.06907	0.351541	0.786009	1.41683	1.33844	1.12539	0.994256	1.11157	2.13735	2.46555	1.66709	1.02485	0.878825	1.44917	2.51503	1.66702	1.62009	1.98791	2.1374	1.06905	2.12284	4.5097	5.67429	3.00596	1.05452	3.51544	2.68687	3.10658	1.98791	2.61133	3.2282	5.71968	1.96441	4.70574	0.497131	3.94364	1.80914	6.15083	8.55603	10.4142	8.56467	2.65799	1.79198	5.09587	7.53294	9.90858	9.90858	7.58104	5.44387	2.38934	5.45766	1.33837	1.33844	2.4468	4.24736	4.33309	1.37261	0.175772	1.02485	2.11564	1.11157	0.786009	0	0.351541	1.11157	1.58155	1.96438	2.83186	2.63473	4.09661	5.25855	4.18551	3.07192	2.8591	2.88056	3.89681	4.2725	3.39085	2.46558	11.3094	9.65279	7.34408	12.0295	7.70521	4.38588	3.37724	2.6113	1.26735	0.946457	1.80904	1.80914	6.19025	8.57683	7.58706	9.33807
21.523	12.2206	9.23449	7.53839	5.71945	5.29851	6.96508	8.65974	9.14846	9.89262	10.112	8.77655	7.1368	6.49407	4.78608	3.54987	4.2431	0.89612	3.97816	7.4189	7.65717	4.43749	3.40862	2.12274	1.66687	0.633687	2.11541	2.29035	1.5814	1.06897	0.633687	1.44899	2.8587	3.40857	4.00526	4.47191	4.33265	3.37235	3.02109	5.60623	8.37791	8.55519	8.68042	8.9051	8.93693	7.89012	6.47777	4.78933	2.3436	0.175756	0.393005	0.555781	0.878733	1.61994	1.66687	0.89612	0.878733	1.12527	1.5116	1.66692	1.41669	0.527253	1.61992	1.06895	0.633687	0.702989	1.06895	0.724631	1.49096	1.41667	1.73932	1.02469	1.51152	0.89612	1.06897	1.41671	2.77681	3.10648	2.63455	2.23593	2.23593	1.90044	1.11146	0.351508	0	0	0	0	0	0	0	0	0	0	0	0	0	0	0	0	0	0	0.994101	1.3724	1.02469	0.633656	1.11146	2.98521	3.89643	2.63448	1.27933	1.40577	1.61994	0.724613	1.9642	1.27933	1.41667	0.896102	0.878733	0.878733	0.248549	1.02474	1.02474	0.946406	1.44903	1.8923	2.11548	2.61104	2.83169	1.96426	1.83435	2.5332	2.04882	1.89223	3.23742	4.09611	2.64033	1.17887	0.946406	0.724631	0.702989	0.633687	1.02474	1.62	2.24968	2.38919	2.64031	2.12274	1.80896	1.33825	3.97836	5.36438	2.98521	3.61842	3.92396	4.84951	3.12606	0.633687	1.02474	1.41673	1.50134	0.878733	0.785939	0.351508	0.946406	1.3383	1.17887	0.994153	1.11146	1.75701	2.28362	1.94056	1.02474	0.946406	1.26722	2.72637	2.59318	0.878733	2.22208	1.75705	1.73044	1.24258	2.85875	5.87431	5.40947	1.89223	2.83716	2.29041	0.392988	2.22208	2.63455	3.44893	3.03116	1.5814	2.89614	0.497088	4.66939	1.80896	4.15934	7.54639	10.7971	11.8932	7.46559	2.48399	0.527253	5.78304	9.6154	10.5555	8.97356	7.92033	1.27933	5.45719	2.7767	1.3383	3.72307	4.89045	5.78289	2.94357	0.392988	1.59112	1.96426	1.79176	1.26716	0	0.351508	1.11146	1.17887	1.73044	3.31239	4.05082	4.84961	5.21132	4.84961	3.22788	2.88026	2.8588	4.38532	4.64324	3.22312	2.63448	13.2036	7.23746	12.3149	10.7696	6.7056	4.72174	3.78857	2.38921	1.75701	0.724613	2.2903	2.29037	4.76364	7.35984	7.65752	8.77647
15.8293	4.4952	1.44885	1.06887	2.00296	2.61083	2.89595	1.9324	0.724541	1.27917	1.59099	1.02465	3.22743	3.53211	4.42649	7.16758	7.64093	4.16997	5.11884	8.35534	8.32473	1.73026	0.24854	1.27917	2.11523	2.14424	2.2834	1.59097	1.06884	0.702922	1.27921	2.99003	3.51475	2.83138	2.10792	1.75684	1.61978	1.66677	3.39021	6.68445	7.71143	5.28341	4.22467	3.75146	3.06615	1.49081	0.633632	1.02465	1.37235	1.73035	2.00299	2.44005	2.48386	2.81506	2.29013	1.24248	0.527203	0.175739	0.633632	1.22999	1.33811	0.555707	1.86741	0.785859	1.4489	2.36307	2.7262	1.26711	1.26703	1.61978	1.65741	1.49081	1.1251	0.24854	0.745531	1.51137	1.86741	0	0	0	0	0	0	0	0	0	0	0	0	0.527203	1.33818	1.61986	1.37235	1.51147	1.86754	1.98753	1.86754	1.41661	0.724565	0.175739	0	0	0.878598	1.61975	1.1251	0.248523	0.392948	0.351474	2.74294	2.04852	1.27921	1.58125	1.76559	1.59099	2.83677	1.05432	1.37226	1.24248	1.02465	0.555731	1.1787	1.58125	1.61986	0.878657	1.02459	1.1787	0.633632	1.27917	2.24933	1.61975	0.555707	0.175739	1.37226	3.48391	1.65741	2.85842	3.33527	2.44005	2.20099	2.04864	2.14424	2.23574	2.00299	1.51147	1.17876	1.79159	2.4399	0.633591	0.702922	2.89585	2.51462	1.24251	3.12574	5.88398	1.06884	4.76942	4.23907	1.06884	0.555707	0.392948	0.392948	0.392948	0.785859	0.39297	0.175739	0.392948	0.633591	0.351474	0.527203	0.745531	1.41652	1.57142	0.724565	0.896037	0.633632	2.3564	2.89585	1.49091	0.785859	0.785859	1.50114	1.61986	2.14424	5.22817	7.13371	4.58966	1.41661	0.878598	1.22999	1.76559	1.41661	2.51462	2.65753	1.26703	1.89204	0.39297	4.86157	2.22188	1.76561	3.07114	6.21603	13.1478	11.4796	3.86437	1.94037	2.87981	1.57151	4.22454	6.11483	9.06189	3.92346	5.2572	4.24267	1.65751	2.48369	3.51039	4.93652	3.12574	0.527203	2.59291	1.94037	2.77645	1.73026	0.633632	0.555731	0.633591	0.392948	1.80869	3.26529	4.47124	3.97775	0.555731	3.4618	2.1441	0.555731	0.745582	3.55377	3.26529	2.4399	2.38888	13.6718	4.63272	14.3628	5.58919	2.38885	1.86741	2.31026	3.10621	3.68543	1.61986	2.12244	1.90015	1.73026	3.26529	3.11099	3.7881
13.8069	3.00511	1.05422	0.878566	1.73908	2.68039	2.53272	1.37221	0.39293	2.43968	1.59084	1.02454	4.15837	2.38866	5.15408	11.7763	7.50476	8.11393	8.28966	8.58824	6.8979	1.06875	0.248514	0.724493	1.61969	2.11507	1.834	1.24236	0.878544	0.702855	2.1725	3.72236	3.00514	2.45861	2.10772	1.44875	1.41642	2.68604	4.38448	7.07136	7.0991	4.73371	3.86004	3.16465	1.96385	0.496993	0.724493	1.02454	1.41646	1.834	2.12233	2.5144	2.4836	3.35332	2.68604	1.59082	1.17859	0.392913	0.878544	1.06876	0.895931	0.555657	1.61961	0.351441	2.55682	2.43979	3.16467	2.13675	0.351441	1.41642	0.946192	1.49068	1.37214	0.248514	0.248501	1.51123	1.61961	0	0	0	0	0	0	0	0	0	0	0	0	1.17859	1.94017	1.65734	1.41646	1.66661	1.90008	1.98733	1.90008	1.76544	1.27905	0.392913	0	0	0.633536	1.86725	1.37214	0.248501	0.175722	0.785789	2.24913	1.11121	1.41644	1.76542	1.5811	1.59084	3.06587	1.44872	0.175722	1.02454	1.24236	0.895931	1.4164	2.61045	1.65734	1.61963	1.0245	1.4164	0.724493	1.501	2.74271	1.86725	0.555657	0.392913	1.125	3.4836	2.87956	1.96389	3.16467	2.5144	2.28323	2.04843	2.11507	2.23551	2.00278	1.51131	1.12506	1.79142	3.16458	0.878522	0.702855	2.10772	2.38873	2.3431	3.37154	6.61299	0.724493	3.31176	4.23869	2.68027	0.555657	0.175722	0.175722	0.175722	0.351441	0.527153	0.392913	0.175722	0.878522	0.785789	0.39293	0.248501	1.17859	1.57128	0.633566	0.895949	0.724493	1.89187	2.10772	1.79146	0.785789	0.351441	0.633566	1.73017	2.11507	4.41579	6.91769	5.60782	2.51432	0.392913	1.06876	1.5811	1.37221	2.11507	3.54919	1.26692	2.35619	1.65726	4.16943	2.22165	2.72585	5.98858	4.29985	13.1467	13.2772	4.43999	1.51131	0.724475	1.57135	1.75663	3.9231	9.0611	6.11429	4.76901	5.44217	1.61969	0.496993	2.53272	3.16467	1.4164	0.39293	3.55346	2.28991	3.68917	1.96383	0.724493	0.555675	0.175722	1.125	2.28987	2.77617	4.47085	3.9774	0.895931	3.22236	3.37154	0.555675	0.745505	3.55346	3.75515	3.16458	2.61045	12.7299	1.94017	14.3616	2.7762	2.14391	0.633536	2.05593	3.12563	4.64227	1.73017	1.24234	0.724475	1.06875	1.80853	3.55349	4.21696
11.3981	2.17235	1.41634	1.17854	0.633511	0.63347	0.351407	0.351407	0.878431	2.28963	2.00261	2.63382	4.92019	5.44195	7.92572	14.3384	6.03641	14.6571	12.6471	8.37552	4.55859	0.392873	0.248493	0.175705	0.496941	0	0.496941	0.785709	1.22975	1.83383	3.00482	2.74804	1.06864	1.9637	2.48332	1.76525	2.44575	4.41536	4.58879	5.79688	5.34831	2.83078	2.11474	1.80835	1.24224	1.51118	1.96374	2.20057	2.59257	2.28978	1.17854	1.27892	1.17854	3.16435	3.75084	3.84783	3.7875	2.30982	1.41628	0.946141	1.11114	1.17854	1.96366	0.785709	2.51407	2.68016	3.00486	2.17228	0.496941	1.05412	1.05412	1.57112	1.72993	1.02445	1.65719	2.51414	2.63956	0.895866	0.175705	0	0.351407	1.11114	2.04825	2.87946	3.10561	2.63382	2.11489	1.98716	1.98716	2.30982	2.63956	2.11489	2.35608	1.73002	2.00257	2.77607	3.48348	4.24211	4.96054	5.34009	5.57484	5.82082	5.70187	4.13972	1.65719	0.785753	1.12496	1.41631	2.05565	1.76527	2.5325	2.20057	0.724427	0.785709	2.55657	2.6103	2.59257	1.80845	0.895866	0.878431	1.26679	2.61019	1.96374	2.10752	1.40536	1.79129	2.36262	3.11051	3.68888	2.46464	1.41634	1.51118	1.66646	2.11474	3.52716	2.48338	2.10752	0.87846	0.63347	0.785753	0.785753	0.63347	0.895866	0.392895	0	1.17847	3.1104	2.38852	1.41634	1.22975	1.44862	3.20295	1.80835	5.82058	5.47271	3.16446	3.26467	3.48324	0.633511	0.878489	0.555601	0.555625	0.74544	1.02445	1.27897	0.724427	0.946096	1.05412	0.993877	0.878489	1.24224	2.00257	2.11489	1.61955	1.33793	1.93203	1.83383	2.30982	2.46461	0.895866	0.248475	0.895842	0.74544	2.23516	5.10895	6.1485	5.70446	5.25944	3.55332	1.02445	0.895866	1.50092	3.5272	5.01871	5.33718	4.10621	4.57214	4.38421	5.9552	9.74601	6.43839	10.3472	11.3505	6.21499	5.44195	4.72046	3.02025	1.96374	2.77592	9.11594	5.10892	7.39043	7.51201	4.58898	4.7204	3.46135	2.94283	2.20057	2.24905	2.99965	1.41631	3.3894	1.49052	1.40536	1.86718	2.49575	3.7875	4.12852	3.03036	3.70125	3.31141	1.96374	2.17228	2.83084	4.22403	4.49119	3.35305	2.73117	2.49558	2.28972	12.5179	2.12215	12.9444	1.89979	3.4965	2.61034	1.27897	0.527102	3.5096	1.79129	0.993877	0.351407	0.633511	2.11489	3.353	2.98934
8.713	1.89972	1.37195	1.12484	0.878376	0.175688	0.785639	0.351374	1.6193	0.89576	2.3427	2.61007	3.79526	5.33954	9.33344	14.7879	6.58443	16.8613	10.9888	5.97502	1.89157	0.175688	0.248467	0.392838	0.496898	0	0.496898	1.26667	1.83359	2.28275	2.81423	1.22963	0.724355	1.65702	2.48308	3.29719	4.81279	5.2267	4.03417	4.88219	4.86963	2.35574	1.37188	1.33774	1.02435	1.66629	2.05554	2.28279	2.77576	2.28954	1.41617	1.50072	1.5808	2.38828	3.38922	3.76685	4.38715	3.61706	1.61932	0.878398	1.11103	1.12484	2.17209	2.2487	1.41619	2.61007	2.43933	1.27884	0.496898	0.785672	1.44844	1.57098	1.96345	1.24212	1.96351	2.38828	3.44753	1.66624	0.392838	0	0.785639	1.79108	2.48308	3.06541	3.12503	2.83608	2.14361	1.98695	1.98695	2.17214	2.63931	2.20034	2.55641	1.61938	2.63931	3.1102	3.48312	4.10957	4.84784	5.3281	5.58519	5.83067	5.70128	4.60178	2.46438	0.785672	1.17842	1.27884	1.83359	2.72533	2.53223	2.38828	1.06854	0.351374	1.44848	2.3883	2.77576	2.28949	0.895778	0.633415	0.785639	1.5808	2.05554	1.57105	1.40523	1.49047	2.43933	3.1102	3.33894	2.05554	1.37195	1.51102	1.51102	0.633415	2.55641	2.67412	1.57105	0.633445	0.175688	0.785672	1.05402	1.86689	0.895778	0.724337	0	0.527052	1.93982	2.5139	1.61936	1.06856	1.26674	2.63348	1.80819	3.60018	5.47214	4.38365	1.80819	3.48294	0.878376	0.946045	1.51095	0.89576	0.745363	1.02435	1.41617	1.27881	0.724337	0.785672	0.993773	0.946045	1.02435	1.73874	2.14361	1.72984	1.33779	1.7651	1.72984	2.17214	3.06531	1.66624	0.248454	0.555569	0.745363	0.745324	2.98915	5.10862	5.40764	5.49712	4.73605	2.90562	1.66624	1.61936	2.74232	4.71675	5.05461	3.73002	3.99987	4.34164	5.58519	8.94851	6.97976	6.03557	6.41617	5.82015	5.49714	5.15331	3.8752	2.05554	3.68847	10.5623	1.59053	9.63458	6.70302	4.60182	5.12951	3.71762	3.35272	2.28279	2.35584	1.26674	1.76508	1.93185	0.496898	2.22116	1.96353	2.49549	4.38715	3.88315	2.49549	2.05547	1.89151	1.86699	1.17842	2.13638	4.55836	4.70373	2.67988	0.248454	0.555551	1.80827	12.5169	2.98915	10.5623	3.61702	5.56305	2.63354	2.38821	0.392855	1.57098	1.79112	1.40523	0.785639	1.50072	2.65677	2.28279	1.0243