3.95835	1.58735	1.41989	1.58743	2.08007	2.23777	1.58743	1.55914	2.34109	2.17733	1.08906	1.72162	4.62373	3.89075	0.861003	0.544578	0.620902	1.46096	1.34478	0.620902	1.10257	2.44613	0.620941	1.0891	2.46422	1.47109	1.72162	3.77148	1.48111	1.21758	2.93013																																																																																																																																																																																																																																	
3.30865	3.81796	3.65621	2.24416	1.94756	1.9627	1.21745	0.860916	1.85398	2.24408	2.24408	2.29619	4.81321	4.49754	0.860944	0.688774	1.04733	1.15498	1.00397	1.10246	1.69545	2.30901	1.04736	1.70426	2.58128	1.55898	1.58719	3.17189	2.19063	1.00397	1.86193																											2.68799																																																																																																																																																																																																						
0.769977	0.927196	1.38799	1.90116	0.927196	1.3879	3.78649	3.57844	2.72056	1.75544	1.53968	1.47081	5.24181	5.33327	1.04724	0.730463	1.00388	0.48699	0.860842	2.00715	1.85382	1.46069	1.15488	0.860842	1.3879	0.927153	1.96243	3.04823	1.53968	1.08885	1.21735	3.61513																									2.68758	0.688715																																																																																																																																																																																																						
1.77208	2.58088	1.9623	0.927058	0.709848	2.95939	4.91794	3.07698	3.19931	2.68749	2.62064	2.39054	4.3063	4.43416	2.09362	1.92421	1.75526	1.21725	1.72112	2.77924	1.04714	0.709825	1.47066	1.31094	1.38776	1.00378	2.4333	3.24491	0.730439	1.10225	0.544442	3.16201																																																																																																																																																																																																																																
1.48055	0.620698	2.55748	0.544389	1.3877	4.30612	8.25061	5.78776	2.00686	0.860681	1.37696	0.92701	3.24464	3.62665	1.21712	1.15466	1.00369	1.38764	2.77366	2.69259	0.384949	0.172153	1.48055	1.24119	1.48055	0.877736	2.5575	3.92701	0.68858	1.25308	0.860681	2.62591																																																																																																																																																																																																																																
1.82916	0.516398	2.68681	0.384894	0.486883	1.70351	4.25056	6.08959	3.67478	2.55722	1.37683	0.730302	3.0618	3.91908	1.37683	1.72944	1.75494	1.54886	2.86246	2.48097	0.709693	0.172137	1.34414	1.34414	1.24107	0.688516	1.92378	3.26248	2.58602	0.544341	1.3875	1.62346	3.7027																																																																																																																																																																																																																															
1.21688	0.384876	2.24301	2.20319	3.7025	6.45192	7.22547	5.70267	4.41635	3.48079	2.0717	2.31445	2.75715	3.41232	1.38736	1.46012	1.47024	1.2169	2.69204	2.24295	0.688446	0.973596	1.5487	1.41902	0.769676	0.620543	1.58641	1.86105	2.3959	1.25287	1.55821	1.48035	3.7537																																																																																																																																																																																																																															
1.69456	2.24286	2.69192	2.30781	2.6698	2.41415	3.00789	3.80414	3.26643	2.30772	1.48013	0.709557	1.45999	2.55674	1.45999	2.0998	2.33953	1.96154	2.09278	1.45999	0.243396	0.384822	1.0034	0.62049	0.688382	0.926709	1.31045	1.58629	2.1278	1.38728	1.55807	1.47016	3.64597	5.32262																																																																																																																																																																																																																														
1.46996	1.38715	1.72041	2.50408	1.90008	1.96127	1.70302	2.07838	1.38713	0.973348	1.21665	1.25264	2.30749	2.67502	1.62299	2.33927	2.18918	1.58611	1.25259	0.877398	0.172087	0.486709	0.973348	0.243359	0.384783	0.860373	1.47003	2.23606	2.96807	2.46237	0.769532	1.58611	1.24079	4.84653																																																																																																																																																																																																																														
1.58598	1.00322	1.08813	2.00591	2.57939	2.33916	1.72876	2.07106	1.10163	1.20432	1.41866	1.15416	2.53889	2.81983	1.72016	1.94597	1.69418	2.17547	1.86054	1.04655	0.973315	1.08816	1.20432	0.769497	0.926569	0.730017	0.172071	0.516201	1.69418	3.54273	0.243351	2.15499	1.47992	3.53859	4.47783																																																																																																																																																																																																																													
1.8524	1.24048	2.0992	1.92294	2.86128	3.09885	2.44397	1.72862	1.79569	1.89971	1.63185	1.34359	2.33886	2.0992	1.46969	2.4438	1.46969	1.62268	2.31343	1.3435	0.344107	0.344107	0.516152	0.76943	0.877234	0.172055	0.76943	0.62035	0.926444	3.50483	2.62455	1.04647	0.926444	1.38687	3.96589																																																																																																																																																				0																																																																									
2.53837	1.47955	2.55574	2.62413	2.07072	2.00553	2.31335	2.7182	2.50336	1.89173	1.04636	1.00307	2.29401	1.72842	0.860125	3.0407	1.58565	0.973067	1.92267	1.72845	1.69393	1.45952	1.86028	2.20215	2.26165	1.38675	0.5161	0.344072	0.172037	1.55747	1.89951	1.58565	1.38675	1.10148	0.384672	2.60164	3.84117																																																																																																																																																																																																																											
3.00143	1.89934	2.88114	3.42338	2.46144	1.04624	1.00293	1.2162	1.25216	1.03202	0.688054	0.860044	2.0776	2.09179	1.71974	2.23511	1.38658	1.04624	1.41822	1.30988	1.63153	1.2403	0.877083	0.516051	1.82795	1.10131	0.769243	0.172021	0.384639	0.877065	2.23511	2.15437	1.30983	0.860066	1.25216	1.25216	0.688054	2.84518	3.84084	4.83266																																																																																																																																																																																																																								
2.60111	2.57834	3.0739	2.95658	2.38813	1.46926	1.41808	1.41808	0.769166	0.3846	0.620132	1.00282	2.15415	2.15415	0.877004	1.38647	0.876981	1.00282	0.859936	0.172005	0.70915	0.769166	0.709173	1.46933	1.41808	0.68799	1.21609	0.877004	0.24326	0.70915	2.12658	2.24152	2.07033	1.82789	1.7196	1.41808	0.709173	2.09163	1.10128	3.68792																																																																																																																																																																																																																								
2.18791	1.85963	3.65145	3.38808	2.17441	1.63115	1.21595	1.30956	1.15354	1.21597	1.63122	1.89899	2.29335	1.5379	0.620069	0.926083	0.709078	0.876891	1.08764	1.10116	1.08764	1.37564	1.38633	1.04604	0.769129	1.10116	1.38635	1.21595	0.543869	0.72967	1.72792	2.06297	2.23477	2.31269	1.96027	2.668	1.10109	1.04606	1.58523	1.3863	3.98278																																																																																																																																																																																																																							
4.63617	2.06992	3.53655	3.67523	1.92195	1.46899	0.926004	0.620016	1.479	2.077	1.7949	1.41786	1.23989	0.926004	0.709041	1.08755	1.41786	1.30952	1.23996	1.15351	1.15351	1.55692	1.71922	1.55692	1.10107	0.729608	1.04595	1.41786	1.53785	0.769064	1.0875	1.38624	1.62201	1.58517	1.41786	2.77608	2.53743	0.171973	1.46899	0.384549	1.55689	2.30608	2.81839	3.47372																																																																																																																																																																																																																				
6.0567	2.20096	2.57752	3.40909	2.20096	1.21569	0.619992	1.34282	2.53717	2.55453	0.876728	0.768986	1.03163	1.04584	0.543768	0.729533	1.25168	1.21574	0.708968	0.708946	0.486337	0.859688	0.92591	1.21574	1.23984	1.15339	1.21574	0.876751	0.92591	0.708946	0.876751	1.08744	0.876751	0.543768	1.04584	2.46046	3.07301	0.876751	0.729484	0.768986	1.0026	1.08744	1.25164	1.69304	3.76576																																																																																																																																																																																																																			
4.61949	2.68376	2.20077	2.95547	2.46025	1.58482	1.76971	1.38599	3.47716	2.47815	0.708899	0.708899	0.876649	1.04575	0.972571	1.23971	1.25156	1.41755	0.768877	0.859615	0.925829	0.543698	0.384472	1.00249	1.34268	1.46876	1.41755	0.972522	0.6199	0.708899	0.708899	0.687727	0.876649	0.543698	0.729422	1.76963	2.83336	2.01171	1.34268	0.768909	0.543698	0.384456	1.47872	0.708899	3.76933																																																																																																																																																																																																																			
2.85892	2.31167	2.15313	2.55409	2.58282	1.79439	0.543666	1.2514	3.19455	2.20055	0.619876	0.876587	1.04567	1.21552	0.619876	0	0.619837	1.23953	1.15311	0.925737	1.03143	1.10075	1.10075	0.859584	0.619876	0.925737	1.53732	1.38584	1.58471	1.53741	1.21552	0.876587	1.03143	1.04565	0.859556	1.38584	2.50171	3.15301	3.00477	2.33717	1.55644	0.619876	1.63054	1.00241	4.00327																																																																																																																																																																																																																			
2.57686	3.09608	2.92493	2.91988	2.66673	1.94409	2.06912	2.25993	2.33684	1.34234	0.859496	1.08712	1.08712	1.21539	1.04554	0.486197	0.384378	0.768722	1.25128	1.04554	0.687593	0.619813	1.15306	1.38572	1.04554	0.768722	1.21539	1.46848	1.10064	1.21539	1.37499	1.08712	1.20317	1.21539	1.38572	1.41731	1.23948	1.69263	1.95931	2.45978	1.95924	0.97239	1.41727	1.03133	4.42741																																																																																																																																																																																																																			
2.17325	3.25783	2.01107	2.45954	3.64134	2.91955	2.39272	1.38555	1.00216	0.687529	0.61975	0.708695	0.876413	1.04544	1.30883	0.859388	0.768687	0.859388	1.1529	1.21524	0.384345	1.04544	1.58436	1.37486	1.62114	0.543557	0.708695	1.10047	0.343777	0.486156	0.925562	0.708678	0.925562	0.768687	0.876413	1.2393	0.343777	0.687529	1.08698	2.20014	1.30883	0.859409	0.876396	0.859367	4.60862																																																																																																																																																																																																																			
2.91934	3.91311	1.46814	2.50089	5.04176	3.40747	2.15251	0.92547	0.171874	0.619697	0.619697	0.543509	0.708609	1.10036	0.92547	0.876334	0.708609	0.729137	1.10036	1.38539	0.619697	1.95887	1.04537	1.82637	1.34209	0.76862	1.08692	1.72678	1.23925	1.15284	1.20294	1.03114	1.08692	1.00212	1.04534	1.53688	0.768579	0.384307	1.00206	1.76894	1.03114	0.708609	0.343745	0.876311	4.37329																																																																																																																																																																																																																			
4.1494	4.82814	4.13174	2.6158	4.40969	5.6761	4.65846	2.45915	1.34204	1.21507	1.23912	1.08681	1.08678	1.15268	0.708563	0.876232	1.10027	0.729075	0.768512	1.30863	2.33629	2.12482	0.543456	1.69208	1.62998	1.34204	1.04527	1.3746	1.23912	1.25097	1.41691	1.62998	1.25097	0.925389	0.97206	1.34198	1.00197	0.384289	1.04525	1.55585	1.38531	1.38529	0.543456	0.619605	4.00543																																																																																																																																																																																																																			
2.93886	3.27943	4.85169	2.66574	2.99843	5.04394	6.01438	4.70806	2.45896	1.23902	0.92534	1.04515	1.30845	1.08667	0.619543	1.15257	0.859119	0.687336	0.92534	1.62983	2.39215	1.85817	1.38516	1.03094	1.23902	1.30852	1.20272	1.03094	0.708499	0.92534	1.30852	1.41674	1.10016	1.21489	1.10016	1.10016	0.768435	0.486048	0.925297	0.925297	1.08667	1.25081	0.92534	0.619582	4.00503																																																																																																									1.92056	3.09485																																																																																																									
4.47152	4.76604	4.1485	1.38499	0.971862	2.53524	3.03694	3.31471	2.50017	0.876058	0.728927	1.00177	0.859032	1.15245	1.10004	1.00177	0.687266	0.619519	0.971928	2.06101	1.41664	1.30832	1.30832	0.876081	0.728976	1.04507	1.38504	1.38504	1.04507	0.859088	1.03084	2.06808	1.10004	1.21476	1.21476	0.768357	0.708427	0.619519	1.08656	0.925203	1.10004	1.10004	0.343646	0.515461	4.15202																																																																																																									2.77381	2.93856																																																																																																									
6.88175	6.01067	2.87758	2.74683	4.20442	4.61614	3.79764	2.58111	2.09621	0.925122	1.03074	1.37421	1.03074	1.38487	1.15235	0.875997	1.1524	1.10001	1.00173	2.29097	1.10001	1.62946	1.25061	1.38491	0.543283	0.384163	0.543283	1.04495	1.04496	0.619456	1.09995	2.19909	1.15235	1.45749	0.971779	0.619456	0.925155	0.768291	1.15235	0.925122	1.23871	1.38487	0.708358	0.543299	4.00428																																																																																																																																																																																																																			
5.35119	4.74064	3.86987	3.23783	2.61479	2.59794	2.9331	2.45822	2.06775	1.41637	1.30814	1.58347	1.72596	1.6293	1.25049	1.47754	1.5835	1.71747	1.71747	2.59789	1.71747	2.40369	1.20237	1.23858	0.92503	0.619403	0.768255	1.08636	0.619364	0.485875	1.34145	1.58339	1.20237	2.06775	1.62936	1.21462	1.04485	1.34145	1.00158	0.92503	1.45735	1.21454	0.543251	0.858928	3.7622																																																																																																																																																																																																																			
2.57489	4.77414	7.18486	5.82026	3.91106	3.31391	2.83073	2.96262	2.12374	1.20225	0.875806	0.768136	1.536	1.5551	1.34141	1.58334	1.70005	1.53608	1.23854	2.96262	2.30983	3.20562	1.85732	0.875806	1.25037	1.00154	0.708223	1.38459	0.768136	0.543174	1.38459	1.21444	1.34141	2.33515	2.29058	1.25037	1.38462	1.72581	1.84948	1.89662	2.00235	1.00148	0.708223	0.728766	3.09362	4.09039																																																																																																							1.21449																																																																																																											
2.66446	2.68107	3.8539	5.11035	3.45233	3.13122	2.66453	2.33485	1.69979	1.09963	0.708137	1.03044	1.41606	1.21435	1.09969	0.858753	0.858753	1.21435	1.62904	3.33117	1.03044	3.39659	1.75105	1.53592	1.21433	0.619248	0.384052	1.30783	1.03044	0.875744	1.41609	2.00227	1.94254	1.79266	2.25795	1.62904	2.15117	2.39098	1.89646	2.12355	2.42757	1.95762	2.0096	1.58316	3.40522	3.76147																																																																																																							1.21437																																																																																																											
7.03923	2.23148	3.83451	4.87599	3.16346	2.59719	2.42739	1.89626	1.72546	1.71692	1.2383	1.46709	1.89629	1.46709	1.15196	1.00135	1.15196	1.94237	2.7725	1.21421	2.29009	2.23805	0.858652	1.03035	1.58297	1.21424	0.875665	1.04457	1.71697	2.23819	1.7925	1.00129	1.04457	1.55483	1.79243	0.858652	0.619224	0.728581	1.55483	2.8406	3.85371	3.53617	2.47545	2.42739	4.59833	4.25802																																																																																																																																																																																																																		
6.54625	4.89934	4.21615	2.57407	1.62866	1.69077	1.85679	1.69077	1.37354	1.75074	1.53564	1.25001	1.55467	1.69085	1.95728	2.55129	3.09292	2.81434	1.34102	0.858537	1.62866	1.89607	1.04444	0.708019	1.54516	1.38422	1.09941	0.171725	0.383974	0.619123	1.85679	2.49874	1.95725	1.95725	2.08823	2.17118	2.57424	2.55129	1.94218	1.7168	1.89609	2.42709	2.23796	2.07412	3.7607	5.03743																																																																																																																				6.16775	5.00286	4.7787																																																																																												
7.41353	5.88018	3.20443	1.61944	2.17091	2.40865	1.21399	1.08585	1.21401	1.2499	1.4157	1.4157	1.46681	1.82476	2.85557	3.56857	3.16309	1.95708	1.53542	0.858492	1.2018	1.91902	1.24986	0.728494	1.30745	1.6993	1.34082	0.686812	1.71665	2.38418	1.88814	1.95698	1.3841	1.47674	1.38407	1.15169	1.24986	1.45675	2.30897	3.23649	3.76452	3.25455	2.39033	2.18454	1.58267	4.79957																																																																																																																				5.17695	3.60516	5.62992																																																																																												
2.28943	4.28434	3.95758	2.91619	2.7126	1.09921	0.971187	1.24977	1.38401	1.76719	1.8486	2.00152	2.15037	2.38394	3.25422	2.30873	1.30732	1.71637	1.47659	0.858377	1.21387	1.09921	1.41556	1.04427	1.69913	1.69913	1.15157	1.15157	1.09921	0.619007	0.542916	0.971121	1.08573	2.07362	1.76708	1.09921	1.34068	0.515067	0.707887	1.4666	1.15157	0.707887	1.37329	0.767813	0.383924	4.48432																																																																																																																				5.57238	6.36344																																																																																													
3.44653	2.83939	3.6449	4.49697	2.33372	0.485579	0.858346	1.04417	2.49812	3.42954	2.99552	1.82439	2.33383	2.8395	1.5352	1.91866	2.12254	1.00092	1.15147	1.37316	2.09471	2.5735	2.12259	1.91866	2.06633	1.09911	1.08564	1.38381	1.15147	0.875312	0.686678	0.875312	0.858325	2.00858	2.30201	1.24962	1.37316	1.08567	0.686678	1.38381	1.30721	0.343351	0.858304	0.542868	0.343351	4.38839																																																																																																																																																																																																																		
3.91581	2.77105	3.39464	3.80587	5.58711	6.77033	5.28719	3.03906	2.45628	1.58229	3.29837	2.71227	2.3083	2.14997	1.84817	2.6794	1.099	0.858217	1.46633	0.924368	0.858273	1.58226	2.23048	2.17029	1.58219	1.34052	2.0662	2.14984	0.97094	0.728235	0.618892	0.924325	1.02986	1.62805	1.82411	1.2495	1.00082	1.00082	1.04405	1.2495	1.30708	0.686614	0.542815	0.618892	0.343319	3.06776	4.71229																																																																																																																																																																																																																	
2.00095	6.26072	7.29314	6.43425	8.76712	9.28345	8.26828	5.0699	3.14789	1.34038	1.4151	1.46618	0.343284	0.171644	2.57285	2.30791	1.09889	1.84798	2.0872	1.23759	1.61891	2.28884	1.08547	1.34038	3.63636	4.11963	3.80548	3.29344	1.00072	0.924231	1.38356	1.72449	1.91835	1.74991	1.02975	1.53482	1.58206	1.21352	0.924231	1.00072	1.09889	0.383792	0.343284	0.858129	0.242732	1.24941	4.77644																																																																																																																																																							2.68462	2.87481																																																									
8.77758	8.91155	9.37382	4.94126	2.06573	2.96015	6.19463	1.72433	3.05294	2.83857	1.72431	1.38343	0.383775	1.54428	2.79167	2.25623	1.72431	1.91811	1.15114	1.21344	1.6278	1.91816	1.61874	3.60353	4.90278	4.23815	4.61119	4.63653	3.80519	2.008	1.45596	1.21338	1.21338	0.858056	0.858077	1.62775	1.0988	0.707597	0.858077	1.20122	1.41501	1.38347	1.08536	1.20122	0.924183	0.875077	3.53366	4.97639																																																																																																																																																						4.03302	3.47101																																																									
6.15663	4.52143	8.47173	7.409	3.79333	4.97616	3.63553	0.874975	1.88705	3.83154	0.924059	1.47599	1.20111	2.23635	2.22978	1.68965	1.00053	1.08522	1.15109	0.767448	0.85797	0.686416	1.62765	4.11865	1.91794	3.77378	3.38089	7.40948	8.68675	4.92882	1.58173	1.21326	1.09868	1.00053	1.09868	1.09868	0.707528	0.686416	0.767407	0.728026	0.343221	0.707551	1.02956	1.02956	0.924059	0.383741	2.33281	4.96413																																																																																																																																																																																																																
1.24901	2.53199	6.77369	8.59636	4.62615	3.31043	2.5949	0.343186	0.970561	2.79112	1.58165	0.485348	1.95566	3.05217	1.76607	1.00043	1.04367	1.15097	1.23723	1.3725	1.30657	0.383682	1.8234	5.05674	4.872	7.89894	8.98635	6.44813	9.81653	7.40829	2.47316	1.23716	0.618651	1.02946	1.54398	1.54398	1.02946	0.686347	1.08511	0.923965	0.242662	0.514771	0.874886	1.04364	1.24901	0.542625	2.30089	4.65745																																																																																																15.283	13.4618	8.62326																																																																																																														
3.27436	3.60261	2.91937	6.19522	4.79609	3.61466	4.24023	0.343157	1.41462	2.59468	2.57189	0.343157	2.06514	3.63476	1.21303	0.542579	0.874835	0.707419	0.618637	1.38304	1.84729	1.3398	2.3884	7.49454	7.74191	8.14675	6.96897	6.06279	9.51513	7.91049	3.80398	1.3398	0.17158	0.767305	1.37238	1.58147	1.30646	0.542557	0.874812	1.21306	0.874812	0.72789	0.923887	1.08502	0.767264	0.17158	2.66714	4.36584																																																																																																15.2122	14.636	9.62196																																																																																																														
7.21804	5.08763	4.28123	5.81559	4.80473	3.78441	4.1245	0.485258	1.23693	2.06493	3.29188	0.343122	2.19593	3.64244	0.767186	0.383631	0.727816	0.38361	0.171562	1.09837	1.82306	1.62712	2.45487	8.98412	8.98412	2.08621	5.08735	8.12958	8.24846	7.36792	4.51984	1.61804	0.242617	0.383631	1.08491	1.38288	1.21291	0.542502	0.618535	0.857722	0.874723	1.24878	1.15069	0.874723	0.874746	0.618574	3.16015	4.48092																																																																																																15.4018	19.5935	13.1556																																																																																																														
8.83661	5.8945	5.69412	5.64023	4.14196	2.49621	1.71491	1.04337	0.383577	1.6179	2.47249	0.923745	2.7903	3.03206	0.707279	0.707279	1.02917	1.09833	0.767151	1.45527	1.33955	1.33961	4.11006	8.76181	8.92933	1.21285	8.22171	9.31448	7.17729	6.35785	3.9982	1.85487	0.242596	0.514627	0.923712	0.970298	0.923712	0.686155	0.874645	0.85767	0.874662	1.46535	1.30621	0.707262	0.618483	0.383577	3.40102	4.48054																																																																																																23.1252	27.0802	28.829	30.1102	31.5281	34.0448	28.6184																																																																																																										
2.22883	0.707193	0.707193	1.45513	2.0928	0.686091	0.707193	0.707193	0.514579	1.47519	1.53381	1.08471	2.8524	2.62205	1.8548	1.68894	1.71485	1.61784	1.38265	1.55289	1.91711	4.40144	8.09663	7.50416	4.55758	6.06855	10.3492	8.0999	4.93531	4.73335	3.44773	2.33174	1.08475	1.15054	1.53389	1.91711	2.00694	1.76551	1.99962	2.07177	1.55291	1.58101	1.58101	1.2367	1.08471	1.04328	3.08922	4.11665																																																																																																29.6305	5.68337	15.5445	15.3933	7.33746	4.97385	21.9775	16.5331																																																																																																									
2.43628	1.47514	1.72318	1.89373	2.1205	1.24846	1.20042	0.857503	0.766965	1.45498	1.09805	1.15036	2.1205	2.42414	2.00674	1.55275	0.707144	0.767007	1.89375	1.84666	3.68949	8.7212	7.36423	1.21256	6.30209	8.75238	6.54513	3.66542	5.10312	4.77282	4.0699	2.7898	1.53374	1.69746	2.06447	2.33162	2.76351	3.05092	3.15945	3.08907	2.76345	2.25477	2.23512	2.1205	1.68868	0.857476	2.54796	3.99739																																																																																																28.6012	20.1006	26.434	33.2809																																																																																																													
1.45493	1.74841	1.3824	2.0642	2.25452	1.3824	1.41393	1.62656	1.84641	1.58069	0.618305	1.0845	1.24831	1.46493	1.47492	1.21246	0.727545	1.38238	1.95464	1.78993	6.43077	9.07083	3.06498	6.72715	2.99232	1.85434	2.5708	3.62916	6.59051	4.22789	3.15897	2.2996	1.15031	1.23652	1.33923	2.23497	3.77148	4.72038	4.3203	3.86334	3.42586	2.45394	2.07127	2.07127	2.14781	1.04305	2.70953	4.35709																																																																																															13.1213	16.358	26.5889	27.2165			10.4824	25.3324	38.71	39.4103																																																																																																								
0.857316	1.53337	0.999769	1.85415	2.22808	1.02878	0.342959	0.727471	2.0922	1.74821	1.04298	1.15015	0.999769	1.58053	1.58053	1.15015	0.923355	2.23464	2.68222	5.32009	9.05273	7.42878	5.30338	7.02026	5.44162	7.27257	5.68181	4.54671	9.18651	3.98203	1.99893	1.46479	1.58063	1.82232	2.4538	2.99215	1.99905	1.21242	1.8934	2.91769	3.79029	3.14473	2.0922	2.06395	1.85415	1.08444	3.56358	4.84455																																																																																														12.5638	2.95764	14.1372	18.6554	16.9065			22.1499	43.6976	44.779	45.7737																																								34.8835	38.1845																																																															
1.82214	2.06374	1.62618	2.22786	1.99873	0.706918	0.484979	0.171464	1.99885	4.23765	5.40624	4.69775	2.49493	2.09199	1.62618	1.04285	1.08428	2.78894	4.449	4.54645	4.89795	3.46339	6.92874	5.4328	3.21805	0.618218	3.84727	7.86714	8.15486	2.61539	2.05669	1.76482	3.08819	4.14361	4.22729	3.3256	2.38678	3.15848	3.27237	1.21227	3.29445	3.8473	2.83585	2.14737	1.5804	0.87422	4.6225	4.89191																																																																																													7.15981	6.05899	12.7327						23.2766	43.4395	29.5944	45.8172																																								34.2712	33.6079	49.5904	52.7275	47.6203	37.3484																																																											
1.24795	2.61517	1.84588	2.07067	1.84588	1.14993	0.171448	1.78936	2.22774	0.999627	0.999582	3.14414	3.95185	3.14881	1.9541	3.42496	3.2585	3.98128	7.76003	4.81671	1.61705	3.49257	6.99442	6.00068	7.28493	10.0785	10.7168	8.20159	2.91205	3.32526	4.84088	4.86189	3.82807	2.09191	1.84595	3.95197	6.54256	6.27866	3.29431	2.87163	1.62604	3.3251	3.21777	2.2277	2.2277	2.42314	5.365																																																																																													4.36253	4.86189			17.4549	44.7199	54.5889	60.6952	62.2153	49.8255	44.8068	38.1206	49.2523																																								48.7389	52.6203	60.5865	63.1197	61.4079	57.794	45.2923																																																										
2.08467	2.1195	1.9159	1.9159	1.33864	1.30533	0.685696	2.42289	0.923132	3.76608	3.15796	0.923132	3.10171	4.92389	5.34037	3.65986	4.73064	4.83715	9.88622	3.57503	4.06798	4.55497	4.65305	4.71831	4.44828	6.44207	5.04936	0.484856	2.85093	2.66503	2.16747	1.72237	0.542089	0.171432	3.96994	8.04946	10.0128	12.0127	0.766602	2.74617	2.47097	2.59245	2.30506	1.69654	1.99836	3.52958	5.45037																																																																																													5.35121				20.1852	44.4105	48.0155	23.6014	39.0399	48.9553	59.2768	49.0612	56.3199	53.4476																																						41.2251	65.5654	64.4993	56.3473	51.9794	57.345	63.3969	58.6676	33.4842	15.075																																																								
1.38168	0.99938	1.93853	1.82149	0.99938	0.618002	0.922996	2.33013	1.30526	4.11047	4.41508	2.76192	1.41326	3.08733	3.08249	5.80796	5.02841	5.45249	10.391	3.27129	4.89945	5.1229	4.67136	6.03781	4.6054	1.55184	2.70834	2.78826	1.09749	1.78901	2.95649	2.45285	1.2477	3.82735	6.35309	8.78603	9.58347	15.6306	4.89655	0.727237	3.14833	3.08733	2.11935	2.99087	2.05609	2.19404	5.92157																																																																																																		37.6129	54.7792	61.5441	60.0998	50.6508	46.7828	45.2122	56.737	46.9529																																						51.5517	67.2284	52.3297	19.2031	22.6437	35.0926	60.6356	60.3963	29.3037	17.9923																																																								
1.33839	0.727126	1.61651	2.07008	1.47416	3.525	4.11374	2.57499	2.56928	3.03444	2.61457	3.42818	2.78809	2.386	5.43869	6.64563	2.65889	6.79804	8.89625	2.14657	3.99476	5.36616	6.0636	5.99645	1.30509	4.28738	3.99503	1.02829	1.57985	1.47407	2.28559	3.66325	7.52912	8.37191	8.34625	8.11685	7.09257	15.3954	10.8848	4.89903	4.10656	4.12088	4.38157	4.23256	1.71355	0.766501	6.18877																																																																																																				38.5051	44.583	55.4258	61.684	61.0799	51.7348	33.657	16.8447																																				6.99239	47.8801	64.2938	64.1245	55.169	44.9004	47.5374	62.6117	60.5088	25.2551	13.6694																																																								
1.38145	1.21169	1.62541	1.78868	3.79977	5.30058	5.50993	3.84568	3.86078	3.56177	3.87218	4.28001	1.19951	2.08407	6.3427	3.90196	3.99462	8.39972	6.37682	2.08402	4.96943	6.09403	6.72909	3.1569	5.77967	7.40739	6.26273	4.72938	1.8532	4.20799	6.68867	6.88408	7.66801	9.04772	11.2736	8.77673	7.04301	11.0443	13.2715	11.4216	5.47007	2.68068	3.37639	3.44495	3.10082	2.42219	5.12195	6.33585																																																																																																																																													5.09926	7.28189	30.0809	49.2769	57.9343	54.8623	53.0879	52.2247	53.6094	48.8543	30.7483	26.5833	19.9026																																																							
1.46387	1.71316	1.72169	3.1844	6.33546	3.61029	4.28984	6.03402	6.21353	4.00513	1.62527	3.04815	3.63832	4.81435	2.99004	3.56141	7.32084	10.5534	8.22571	7.86286	5.19751	5.91998	4.58833	3.08163	7.35988	6.59019	7.25757	5.86849	5.65751	6.72022	5.21726	4.48908	7.49897	11.9414	10.8016	8.81784	9.1497	7.86278	11.5214	16.0809	9.92819	1.57951	1.04226	0.484675	3.52827	3.56124	3.6862	6.9414																																																																																															22.461	22.1369																																													6.49734	7.00954	20.0022	44.2021	52.2726	26.7213	8.89456	8.87383	33.263	42.9973	46.17	48.7712	44.3938	23.302																																																						
1.08361	1.99741	1.61614	5.32138	7.7114	8.9118	11.9501	11.4628	7.02961	6.42292	2.49338	2.92557	7.84027	7.07223	3.29247	4.33004	7.504	16.4926	21.0092	24.5178	22.2593	17.8034	8.91782	5.58453	6.68923	3.19783	7.88738	3.799	6.66132	6.20601	4.13734	4.05547	11.012	14.4571	9.47179	8.84105	10.7275	9.00824	10.1742	18.3164	15.2343	2.43381	0.242334	0.922695	3.90874	3.44413	2.49329	6.95934																																																																																														34.5125	22.9389	33.7723				0																																									11.3205	20.4202	30.5099	52.7493	54.5507	36.4158	33.9318	32.9932	38.6915	40.3504	35.8769	43.4719	53.8225	44.7669																																																						
2.67991	4.24818	9.02959	12.6324	13.2188	17.2855	20.4906	17.1771	12.6917	9.63191	7.23265	6.96521	7.87769	8.84018	6.16569	3.75626	9.82921	23.1444	20.1919	19.4213	18.5502	20.0035	12.2273	4.89418	5.22985	2.46956	6.76347	4.22406	13.974	12.6358	12.0331	15.4042	17.2945	14.2159	8.37724	9.86234	10.6386	8.83836	7.3971	16.9588	16.7739	4.62861	3.9011	3.15615	3.36225	2.4694	1.69556	5.59431													1.30458	1.21134																																																																																33.6982	22.2076	35.219																																												8.34272	14.689	23.1903	28.2418	54.4074	53.5463	16.2854	17.9394	2.30389	23.3651	39.7698	40.6051	44.2579	43.6172	42.4403																																																						
4.4878	10.2919	15.0842	15.3992	12.6062	15.3946	8.73764	16.1116	12.0544	6.59045	8.07266	4.81612	5.93785	5.80734	5.22967	6.29262	11.4407	26.11	14.6877	13.9171	17.9593	22.6138	12.4563	3.59694	2.90479	0.969051	3.46461	7.92762	14.5776	7.97647	10.8967	17.0568	15.1161	9.86168	4.2751	8.5445	10.7839	11.9888	10.959	15.1895	13.0944	4.43558	4.61883	2.95481	0.969002	2.25219	2.28448	2.43336	5.89628													1.0834			0.856545																																																																											0								15.2211	15.4123	20.1879	27.3712	26.9987																																				10.2944	11.5325	18.9995	29.7571	53.2563	54.1007	32.0181	25.2441	19.4636	37.3077	49.373	44.4454	46.2379	41.8505	31.572	19.7005																																																					
6.25744	15.5599	15.2972	9.66134	5.02537	6.8971	10.0266	18.0206	6.29167	4.64983	4.2233	5.11954	4.11123	4.62775	3.99274	6.31263	7.08853	24.1644	17.0455	12.241	20.5992	26.2236	12.8055	4.72715	4.89347	5.20698	5.34983	5.09677	12.3932	6.98861	5.73641	11.1197	5.97625	4.16404	7.67934	10.6683	12.4231	15.3453	14.2141	13.0095	6.93874	1.45328	2.46894	2.9445	1.55084	2.32875	1.93738	0.92243	4.9669												0.685174			0.998721	0.541699																																																																																				11.5747	24.6953	45.3431	44.4331																																			7.48836	9.95283	8.44304	8.91987	21.9577	45.3316	51.5064	25.6498	5.5596	15.9398	37.8192	50.9336	42.2714	36.3018	42.9184	44.467	39.2193	33.9254	29.6073																																																			
6.05241	17.6093	9.83812	5.81372	1.38063	3.93718	9.39144	7.22814	6.2477	5.67531	4.62724	6.71881	2.14525	5.11929	4.66495	5.19507	0.873303	19.766	23.9633	11.6028	21.9781	26.4411	9.12966	7.8591	8.57645	7.94627	7.6916	1.14883	7.54111	9.99287	12.0566	12.2284	4.28779	11.792	15.7372	12.853	11.6552	16.7165	15.8418	8.67528	1.72088	0.99862	3.59622	2.52727	1.71228	0.242223	0.484437	0.706199	3.99207																																																																																																				20.326	38.8475	35.3788	43.8687																																		5.72585	8.08847	9.20858	9.12978	8.39496	21.1914	43.2796	50.6521	31.301	10.6611	22.8691	34.8239	52.0868	42.8514	35.0197	48.7775	54.4774	55.1207	50.9428	46.0409	37.9387																																																		
5.73535	17.0852	7.85831	8.53718	5.6157	3.52637	5.55845	2.22533	0.968773	1.78749	4.28388	6.62116	4.85682	3.42557	3.8769	4.69246	10.4742	17.6253	30.0335	30.8613	29.2673	20.4248	0.685041	11.1915	7.16597	3.1962	8.08236	3.75075	4.23258	9.49823	18.0008	14.7129	4.56031	18.7205	19.2633	13.8962	13.5349	13.3766	11.8332	5.33781	2.06151	2.45065	3.32163	1.89103	2.45067	0.617508	0.171268	0.856258	2.16533	4.89241																																																																																																				42.7094	47.075	50.4187																																		10.665	10.6598	18.6639	44.4844	57.9585	63.82	62.9808	48.9632	17.8783	4.72625	21.6292	16.1889	46.7805	28.9828	28.9856	43.9075	38.9316	44.7369	37.6961	39.2692	45.9121	37.0283																																																	
6.98642	11.2361	7.96984	12.7045	8.30499	4.91875	5.67398	3.36077	3.04629	4.76574	5.8647	3.82368	3.40822	8.17142	9.02688	9.4261	10.4344	9.84382	17.4176	21.5883	17.1604	5.73762	8.29246	10.5635	2.25134	6.87009	5.49764	3.59564	4.30388	9.74387	21.8664	13.9711	10.6532	21.649	19.7939	11.0058	10.0812	5.88444	6.48188	6.82186	2.32796	2.30265	2.90871	1.55039	2.90871	0.998434	0.856227	1.04156	0.382916	2.78556	4.49566																																																																																																																																						8.70802	20.109	31.969	50.9102	66.9293	68.9892	68.6584	63.3208	48.8794	15.6835	13.2189	22.2363	32.1343	44.9734	3.1545	40.3864	44.1946	25.602	38.044	20.9896	16.5919	47.4864																																																		
4.96513	4.72532	8.1656	12.5598	9.41322	9.70858	8.49902	5.46574	6.56111	10.1801	9.88566	9.46863	10.8967	11.4356	8.4402	5.92299	3.48816	1.76237	3.52161	6.39203	6.15043	4.66353	9.94474	8.63314	3.86859	6.61975	4.32381	5.34509	3.97654	9.00198	22.1882	10.0153	14.9736	21.6164	20.0374	9.93201	4.83173	4.20438	3.9911	6.00991	3.76551	2.22488	2.14451	1.62401	3.06015	1.84358	0.85614	1.21065	1.09634	0.382898	3.30336	4.0019																																																																																																																																				6.69769	8.65297	30.3162	48.5863	64.1314	70.1136	63.6184	52.9227	46.1442	56.3064	48.9634	24.9761	19.6089	27.6884	31.2146	16.5285	46.134	38.0774	37.7662	50.1224	25.5239	17.5409	39.999	42.4612	39.2184																																																
3.30307	6.89421	6.78696	6.74206	4.37693	9.03935	9.83038	9.48411	10.4539	9.5078	5.92252	5.6141	6.08839	5.29542	2.91324	1.38014	0.998292	2.78512	6.14969	8.15075	9.08156	6.07423	10.0215	6.27039	4.1725	4.13403	4.95311	5.34724	2.9233	6.27494	19.475	11.3418	18.0483	18.9861	17.4817	7.95361	5.07725	1.69453	2.29596	4.07722	3.87579	2.3275	1.71164	1.9514	2.90313	1.85133	0.38286	0.484257	0.382844	0.513644	1.1484	4.10927																																																																																																																			0																4.78602	6.46958	8.66369	39.9681	58.8475	66.4067	65.6547	50.178	42.0194	47.2675	58.4737	61.0021	55.7726	48.092	26.1364	25.1085	16.8784	46.9806	37.4301	50.8403	52.8018	12.1758	10.6567	29.9214	43.577	49.1034	50.9805	33.9327																																														
5.92163	4.28247	7.58334	8.72348	6.03038	4.64717	5.59819	4.92624	3.24495	1.74538	1.62378	2.91288	2.54336	2.39545	3.60687	4.95269	7.69011	8.41342	7.06643	8.00139	8.38618	8.42695	10.8276	7.3919	8.06383	9.18015	6.14923	5.02218	2.67773	4.02308	15.4754	19.3335	19.2336	15.0531	11.922	6.65538	5.27012	2.4498	1.36937	3.15354	3.63483	2.43171	1.53088	1.95123	3.79565	2.46753	0.872913	0.382827	0.541365	0.382827	0.382806	2.40153	4.49437																																																																																							16.8551	29.1633	36.8029	35.585																																							6.12332	5.1844	25.161	55.1876	67.314	67.9419	63.2339	53.3717	31.2704	4.85779	25.759	48.235	55.1518	44.4134	53.6424	51.8171	43.3826	40.5033	54.4006	60.1725	59.2129	38.348	22.922	18.8115	11.4332	0.541387	8.76922	43.7342	46.4592																																														
6.16041	12.9825	11.0261	13.8218	9.49366	2.30175	0.705793	1.61459	5.25879	7.28776	6.98587	4.13313	1.85107	5.16152	7.24038	8.80881	12.6772	11.9122	7.47414	7.53483	5.46418	8.91452	9.74637	6.36528	6.16041	6.72383	8.2617	7.18424	3.26693	2.987	6.99023	11.8482	11.9249	10.3954	7.67421	4.73619	4.11547	1.76186	1.62354	3.28912	3.93468	2.67198	1.09596	1.37984	4.4841	3.14395	0.855838	0	0.921763	0.765542	1.08252	1.04118	4.18914	4.00076																																																																																				10.3409	8.63087	14.7346	33.4307	36.7383	45.486			34.5744	38.7487	33.1768																																4.43544	5.35972	5.31628	3.9754	36.2497	62.5665	65.1665	60.9871	52.1635	36.7126	20.6512	20.9199	23.4249	37.6014	53.947	35.3209	42.5747	61.2462	54.6104	34.8475	44.5802	49.9067	43.8962	30.9659	35.2848	36.5994	41.2382	40.4992	39.1131	30.3369	35.2191	33.0627																																													
3.73308	5.06724	3.12046	15.2784	10.8908	2.25023	1.23418	1.24597	6.33494	2.23074	8.66119	3.84072	4.97793	9.42164	10.4686	9.19851	9.99644	7.02238	9.0208	4.54807	4.13629	5.96931	5.89152	3.5203	3.31987	6.62825	11.2483	8.46529	2.30156	1.54963	3.82179	4.66476	2.90249	7.41566	7.77532	3.43635	4.96318	3.08276	2.11634	2.60535	3.63415	3.1806	0.997962	1.14807	4.31188	3.40648	1.6854	0.998021	1.5306	0.382735	1.33661	1.8508	2.90734	4.92502																																																																																					14.9207	16.3553	27.3683	32.4235	31.852	46.2657	22.5578	34.8959	28.4172	47.0887																													4.06198	4.17157	3.24434	2.78424	3.36772	3.36772	2.90742	31.4623	62.2155	68.5864	62.8763	48.9689	35.7374	28.8893	23.568	23.6703	30.3275	55.8275	46.806	42.1689	62.032	54.8848	6.95836	4.6242	5.35927	10.713	25.8834	39.8205	38.8693	27.6459	26.0057	32.5653	28.4059	30.3719	32.4913																																													
3.21241	6.4429	8.62966	12.3628	9.49192	2.11613	2.08834	1.53053	6.15887	0.705662	8.30153	5.80199	11.0086	16.474	15.3621	11.7745	4.49317	2.54263	9.08553	3.40627	5.53647	6.15887	1.36897	1.2101	3.76373	5.75425	13.2408	10.2982	2.449	1.91287	2.08124	3.78307	8.22248	12.0576	16.6525	12.2561	12.8435	11.7225	5.19114	2.92208	3.31945	2.90704	0.855679	0.855679	3.37169	2.92711	1.71109	1.30328	2.08129	2.00254	1.1979	1.81872	1.99512	5.16025																																																																																					29.7763	37.3236	37.3568	40.0451	36.4258	54.4555	53.0353	43.0205	37.3684	47.3515																			0							9.72731	10.7641	7.27262	3.68178	2.30148	1.14801	1.37958	3.37169	3.41891	3.26624	14.0753	40.5129	62.7392	69.2891	70.3869	65.717	43.4001	22.0644	29.1168	35.1738	58.3549	48.5608	39.696	61.4281	55.2159	10.6806	16.8112	15.5126	8.68002	9.99686	11.8402	23.2999	19.9871	22.0799	20.1314	20.7171	29.3405	23.8644																																													
1.76146	3.18016	4.06102	8.20411	5.53601	3.22569	2.90691	1.91271	4.98555	4.68876	8.49092	9.4244	13.6367	15.8249	8.25125	10.0297	8.4826	7.31111	8.17476	7.22643	3.97427	3.65359	5.87318	3.60532	5.61128	4.66076	13.8151	10.4447	4.95065	3.14312	3.11992	12.4795	19.3769	15.9152	17.7676	16.4768	16.4481	17.9507	14.2456	6.85093	3.43569	2.57105	1.78618	1.68506	1.91263	1.685	1.24573	1.57746	2.23029	2.61612	1.81866	2.56536	3.26613	6.88868																																																																																						38.5525	10.2485	26.1455	11.1431	19.2579	37.2543	48.0266	46.8297	49.4519	59.9084																							25.8121	43.4108	57.4028	57.4213	43.0139	7.80517	1.24569	0.855607	0.382663	3.39294	4.11436	4.28064	10.0337	19.322	33.4782	42.1231	58.8688	65.5188	55.6751	38.1557	21.4242	45.5703	58.2404	41.8252	42.3935	63.0944	61.797	23.5855	8.4826	11.073	18.1079	10.1006	2.46672	10.166	15.7475	16.6189	15.6099	22.1614	22.4469																																														
2.2301	2.52503	4.10687	8.05963	4.91503	5.44358	4.27355	2.00216	3.59283	6.76157	2.75721	5.79089	11.1384	10.465	2.70359	3.9444	5.96537	8.67545	7.22155	2.78338	4.99687	6.8001	7.3182	10.2963	3.85481	7.50344	9.94818	8.18623	10.1941	8.17395	5.83795	19.0351	21.0818	18.9569	16.9167	11.4271	10.1609	13.9842	17.2706	11.625	3.13816	1.71923	1.71925	1.37941	1.04079	0.997675	0.342241	0.8725	1.20988	2.24963	2.17706	4.27355	7.10969	10.1719																																																																																					43.0929	33.1795	37.1952	48.4836	50.5794	43.3146	36.3892	22.9558	21.05	42.235	62.0572	43.4977																		15.4213	19.2672		46.9662	54.1212	62.0063	67.2951	65.7815	62.6609	16.9984	3.68886	0.855548	0.382646	3.52321	5.01981	5.64666	15.0388	38.0039	57.0209	61.8301	57.6857	61.0794	60.0196	39.9452	13.8097	52.3008	54.2117	33.9337	18.134	52.1424	63.6549	44.2694	15.1729	16.1858	17.2648	9.6362	7.4941	12.7932	14.099	9.3644	6.09214	8.36693																																															
4.15591	6.28492	6.71867	3.52292	4.28002	5.52467	5.42148	3.7629	2.8455	5.15877	4.28319	1.84226	9.70525	8.89234	3.99905	4.13468	3.66886	3.83926	9.00625	7.27017	4.2697	2.32593	4.81898	12.8396	11.9392	12.894	6.32365	0.171104	7.69088	7.65362	7.47986	21.2699	16.545	10.1614	16.7251	10.5176	10.7396	13.6496	17.8077	12.9622	3.50628	1.53	0.855434	0.483963	0.705459	0.872389	0.483963	0.705437	0.855461	1.61382	1.8502	4.75538	7.80162	10.8983																																																																																					38.6172	24.3582	29.9974	23.9627	33.1875	36.2994	35.4456	31.3106	23.9793	22.6892	59.7339	52.8216	30.954																11.6335	29.7993	40.5424	53.1928	58.5247	60.4763	64.6049	57.719	63.3089	67.3465	19.9439	5.04238	1.57709	0.342206	3.38365	5.09094	6.50954	16.1382	44.8039	58.3379	49.708	32.4997	42.7034	61.4185	43.1542	32.5843	60.142	62.1993	59.7798	59.4464	51.3906	46.2151	50.2772	47.7204	30.4813	12.9664	7.36212	15.7716	18.1327	22.5679	18.7814	5.83227	3.51874																																															
4.51068	1.20961	1.24533	3.2651	3.09556	5.90799	2.5873	6.40229	5.88617	1.41053	5.44224	1.99437	8.76304	7.94764	2.58727	8.05814	4.32344	4.74293	9.94078	5.55267	4.78252	6.20349	3.08131	9.50673	13.0175	10.2963	5.56852	4.28291	7.3615	5.58641	12.8735	20.9645	14.668	3.21117	14.9614	14.5119	13.7563	14.3131	16.7585	14.1085	6.42225	1.52987	0.765104	0.997534	1.08195	1.24537	1.33604	1.37913	1.20961	0.92128	1.20961	4.64382	7.93687	11.3427																																																																																						27.6051	28.3994	15.4374	33.1846	42.6457	36.6161	42.251	41.4923	13.0122	48.9173	55.322	44.1401	32.3415			34.6987	36.1198											14.0586	36.479	39.1806	31.1674	32.6978	49.3971	49.0273	19.4317	67.9863	64.7796	17.2166	5.39419	1.78562	0.382553	2.67049	4.61247	7.69579	15.5888	40.7779	58.2404	58.1142	32.8573	23.6291	54.3905	49.8025	53.5095	65.4326	62.7417	54.7838	53.0843	53.217	42.5806	19.7051	40.2057	44.9016	24.9126	10.1588	15.4178	15.0575	19.6281	21.1401	6.98591																																																
4.12691	2.16294	3.65627	5.35621	1.91192	4.92221	6.41513	7.92394	9.09257	7.82252	8.40359	4.9752	5.18858	8.22048	10.4641	7.74346	4.62156	4.59648	4.74225	5.42874	7.38643	7.03041	8.51077	3.87246	4.48146	6.02623	6.46433	6.99789	5.97559	3.24235	15.5873	20.5309	9.70348	2.98501	10.5727	17.7492	16.8623	13.3333	15.919	18.7306	12.1709	2.052	1.45134	1.47135	1.61352	1.84985	2.08736	2.32564	1.9348	0.85533	0.764996	3.28696	7.18165	9.99617																																																																																						18.3479	12.2335	11.068	23.1007	28.8935	31.5532	34.8038	35.6833	29.2446	17.7634	43.2709	43.3617	50.4175	42.1542	52.2812	57.255	53.006	42.6901								3.59199	3.58784	12.1526	33.1597	42.3254	45.5788	53.3209	64.8411	66.0428	67.2171	67.7619	53.2477	11.9964	5.49195	1.2095	1.45124	1.81786	3.75035	8.21835	16.7444	28.0417	45.7524	60.6981	63.8194	52.1508	43.8062	23.5035	60.5646	66.3941	61.5842	49.9067	40.5666	40.7387	48.0647	50.6153	43.1267	38.5842	24.971	11.9732	6.79785	13.0904	9.16528	17.0721	12.6263																																																
3.28662	1.54861	4.99485	3.89851	5.44114	1.9118	7.27409	4.22409	5.79605	6.61329	8.07814	6.47488	2.78243	4.15472	5.49172	4.24132	3.76169	2.14226	3.5672	7.43003	5.04119	7.22856	8.16896	8.32938	4.00132	2.67013	4.32261	4.97467	5.56748	4.21726	17.4044	22.1021	7.8358	3.74997	5.3122	17.9056	18.247	9.99518	10.2243	19.9089	16.3086	1.62231	0.725714	0.921106	1.09519	1.33579	1.52965	1.52965	1.4103	1.24509	0.855188	1.4103	4.94828	5.98448	10.1898																																																																																					4.61168	10.5569	27.8288	22.7182	12.3354	29.3729	38.8849	19.4224	25.768	10.5945	32.4564	26.2292	50.2543	44.1851	56.3689	44.833	56.3224	49.286	7.84875	4.59607	4.24132	4.34616	4.13024	3.52208	3.15104	2.37509	0.855216	8.65549	22.9265	28.6891	34.3137	29.694	48.5021	57.0386	56.3735	50.7555	27.6826	6.92887	4.61154	0.171055	2.18945	1.23327	2.29367	7.00301	18.3957	21.4191	24.6495	44.7692	73.0207	66.4193	49.0682	47.1205	57.3162	58.5377	51.1052	21.2459	10.8185	12.7938	22.0407	30.4608	36.6955	32.5001	18.8065	7.85762	2.52405	6.08249	8.92993	16.6932	19.381																																																
2.70231	1.24501	7.15426	3.15072	7.10608	4.59559	4.59545	1.45105	2.56389	3.93136	4.63633	4.88015	7.68077	6.28228	5.339	6.74172	5.79799	1.91159	5.19602	2.90513	5.71768	5.94527	5.96461	9.4962	6.09608	1.74375	2.86472	1.54846	2.39925	1.37871	19.0132	22.4679	8.30123	5.19602	3.56675	17.5418	18.4873	9.41867	8.02038	20.489	17.5748	1.5765	0.764884	0.342076	0	0.171039	0.705172	0.513106	0.997203	1.37867	1.08161	0.764853	2.08684	2.78207	8.90653																																																																																					2.80296	13.8613	28.0463	18.8889	25.2506	37.7431	39.6074	24.7938	26.9013	14.9869	24.9223	29.4533	34.8686	36.9056	52.9138	5.69771	59.3087	48.962	6.06763	0.967432	0.513106	0.241879	1.47098	0.382444	0	0	0.342076	4.64249	13.7072	8.32898	5.22124	13.2356	17.444	20.381	13.8935	27.8264	11.4127	4.70761	3.81883	1.81762	2.11466	1.08161	1.37867	5.08906	18.0981	20.1624	15.7399	23.7282	74.0295	71.156	37.9441	60.224	61.0503	54.6009	46.3087	13.7279	6.92829	7.32238	7.26744	4.27819	2.75575	1.36806	5.76815	9.48174	8.35624	8.32879	17.1527	22.2483	30.5797																																																
2.90992	3.66713	9.37585	4.43784	6.13567	6.10759	3.36933	1.68386	1.09499	5.26736	6.20091	5.95226	10.0104	8.34842	6.50675	4.82899	7.57517	5.35479	6.64872	2.22225	7.38389	5.04001	7.54672	8.96272	3.69457	2.39294	1.24486	2.70221	3.48397	3.2993	21.2522	20.922	7.75199	5.56611	4.26755	16.131	16.6195	10.5245	9.93273	20.2643	17.1628	3.43345	1.57639	0.855085	0.855085	0.997162	1.20915	0.997162	1.37859	1.71824	1.37856	1.30222	1.14708	1.47083	8.32774																																																																																					2.41713	9.47301	20.0373	38.3481	44.6771	44.2578	41.3623	33.7074	26.4564	28.0498	22.565	27.409	24.0711	37.1259	40.427	29.8102	58.5137	43.6858	6.39279	1.74359	1.94929	1.57642	1.20913	0.171024	0.342044	0.171024	0.540799	2.78179	6.86116	8.10488	7.10565	10.6972	15.3635	22.8885	11.4315	26.0386	9.49526	3.31687	3.07548	2.70221	1.91145	1.71827	1.37859	3.28156	16.1603	19.0036	15.5008	22.8666	70.2676	73.047	58.0179	61.6054	65.7022	51.2692	35.549	11.25	6.14253	7.41481	7.55235	3.45869	1.37853	4.15395	10.2775	14.4869	14.237	10.5925	22.2768	14.9484	35.0619	17.0309																																															
3.85233	6.15384	8.42885	4.61982	5.03975	6.79555	9.47263	14.0988	13.9527	7.8341	7.05001	7.38332	10.3523	11.9923	10.7537	7.48914	6.56959	1.47069	3.9011	5.19524	5.67345	5.69628	8.05598	4.96722	6.54151	7.76637	5.2174	1.81716	2.56339	4.45036	20.6221	22.0168	16.2639	13.7179	11.7305	16.4364	12.507	8.99487	9.76909	17.7657	18.36	10.4278	4.61982	1.70962	1.99352	1.93405	1.68378	2.22203	2.67481	2.818	1.57615	1.33532	0.382387	0.513007	7.58177																																																																																				3.11747	2.90962	11.0647	23.8804	49.1972	52.119	30.5985	20.1615	8.56235	11.3674	25.1493	14.4103	28.0412	29.1034	31.7845	7.67014	42.2425	52.748	38.4151	16.282	2.78157	0.616569	0.540766	0.705032	0.705032	2.81809	4.95872	4.5853	7.38345	10.8106	14.5492	13.8594	10.4894	27.3107	41.1028	36.0358	35.7664	14.2692	6.62219	5.13079	3.74522	2.56347	2.00081	1.52921	2.28028	11.9318	15.7597	14.6306	18.7938	58.6396	71.2915	72.5581	68.4603	61.3207	38.992	22.1615	8.29269	5.29692	8.11935	6.86033	6.0668	11.1116	11.6561	12.3316	11.0148	15.1111	13.5302	10.3113	20.1049	32.939	16.6509																																															
4.43039	6.74383	5.41791	3.90072	7.35766	11.0427	15.7564	18.7283	17.8399	13.2251	9.01489	9.54106	8.43001	12.02	12.5076	14.2425	11.4677	7.17826	9.18888	9.82041	6.75682	4.05754	7.78181	3.41568	2.05817	3.11719	5.25263	3.55344	1.0813	0.683931	13.1764	20.1102	16.3024	13.1206	10.9057	15.6551	11.6785	7.98627	5.6755	12.0138	16.8673	14.8828	9.5115	3.14054	1.91107	1.70944	2.06524	3.7911	4.47927	5.9727	3.45391	3.13591	2.76035	1.30203	7.46914																																																																																				3.0271	5.47891	20.6265	35.6192	44.4292	39.5413	35.7344	40.5115	45.9132	44.2916	29.4145	9.47909	34.605	37.3092	32.1713	34.6153	36.0223	46.2149	43.9983	27.3918	4.61938	3.62252	3.14982	2.48813	2.00062	10.6951	12.8785	11.054	9.50114	13.9278	20.602	23.317	24.8587	49.1189	58.44	57.7182	56.586	30.7209	7.60209	6.08746	5.34015	3.61847	1.93386	1.37834	1.57604	7.26537	10.9779	11.0589	11.6834	29.6381	51.6285	62.0808	62.402	50.7439	29.829	21.9048	9.21012	5.28841	7.21794	4.42696	7.02707	8.81643	8.58852	10.1643	7.63586	7.76737	5.6348	10.2575	19.4133	19.1381	13.9129																																															
4.59388	4.65638	3.7482	4.97225	11.8652	15.9636	18.6025	17.339	18.6553	15.1047	8.66834	2.07906	3.38991	2.06506	2.54011	9.95107	14.0811	11.3744	4.30695	0.540643	3.52042	5.59077	7.90477	7.36064	5.39091	4.9197	4.82442	3.618	1.0399	1.68338	3.4577	14.5025	16.5665	11.9727	7.47452	14.3312	11.8091	8.11839	3.14955	5.19402	12.0904	13.8104	13.2514	6.30285	1.93369	1.57597	1.46053	3.28507	4.80345	9.011	10.1361	10.2883	9.69851	6.31889	9.16756																																																																																			3.17696	2.29892	8.84573	25.8839	29.3285	31.8135	49.4492	55.19	51.9289	36.8377	28.8922	12.0995	6.19939	35.3656	44.0829	21.1141	46.9368	34.1334	40.719	46.955	30.1245	3.35523	1.57597	1.62161	2.27992	4.71831	19.6059	14.5254	16.3249	5.17733	12.8564	15.4517	30.4654	49.5877	58.0735	57.3492	50.9939	64.2297	49.7415	7.90477	4.51748	5.12693	4.28003	1.84087	1.09468	0.382296	4.6842	7.07503	6.21544	6.00108	7.48011	10.6798	14.7872	22.6914	31.4007	32.1482	26.3985	16.0467	11.8282	8.44778	4.75199	7.48203	9.77059	7.16987	7.73892	5.92627	10.0357	12.7706	16.6858	15.015	9.81612	12.2888																																															
5.03831	3.81718	5.47785	10.8932	17.7093	22.1702	27.768	25.6287	25.402	16.4883	4.81486	7.01341	8.65928	12.3285	12.4118	7.6996	9.93314	12.4166	6.73207	7.31342	7.17502	3.55273	5.94967	3.51571	5.18545	7.10504	7.91865	7.15097	1.33494	2.67404	3.69337	10.6132	16.9554	10.9963	9.58817	14.2914	13.9791	8.90282	8.84844	2.60783	7.73806	11.7033	14.0406	8.79679	2.0789	0.704852	0.170957	3.79022	9.22353	9.62773	12.8422	12.4966	12.8293	11.9658	12.9294																																																																																			3.20856	2.11364	11.6664	23.4301	21.7408	29.255	24.0272	16.9343	25.1221	47.5507	51.1306	37.9079	25.0698	30.6546	46.3167	13.0193	47.626	40.4208	40.6912	49.4318	35.5758	6.67196	1.62145	1.19653	1.1467	6.89389	22.8925	11.537	21.4528	6.44438	10.8776	17.8723	50.1483	52.7734	46.6405	42.9335	18.7039	63.5871	59.883	13.2757	4.92207	5.3525	5.03806	1.54772	1.30178	1.03979	3.38934	5.564	4.8029	5.01811	6.80821	8.1662	8.07356	10.4559	14.626	17.0751	14.8796	11.1173	9.75688	7.74952	4.50426	4.53307	7.7494	9.59395	11.6278	10.6083	7.21481	7.51341	13.3275	13.0521	7.73806	10.6863																																															
8.81883	9.33105	11.3423	14.5738	22.7877	29.0304	27.0914	16.7886	24.4984	14.0968	12.297	12.2956	8.15135	9.66309	10.2002	9.75591	11.3177	10.2601	2.86316	1.78413	5.43491	5.44557	6.73142	8.16743	7.09627	3.89589	4.4027	6.64537	4.27574	2.188	2.56809	7.31822	16.0887	5.60506	13.8503	16.2668	12.8278	6.60887	11.0068	11.5802	7.38849	11.9703	12.9209	7.35523	2.06456	1.14654	0.170941	3.86953	12.3945	10.0727	11.7978	13.6498	14.6866	17.1434	17.8996	9.3969																																																																																		2.1612	1.70887	10.0726	17.0822	16.9002	17.1394	43.6445	52.7053	55.892	53.1287	35.6063	19.0859	18.9793	22.3788	48.212	41.8646	31.0492	44.4145	39.8593	49.3747	41.6669	8.80083	2.3918	2.17474	3.51971	6.47026	19.029	13.5086	13.3844	13.4333	12.7926	30.4417	50.8307	44.7458	35.3866	45.6682	52.7608	54.5081	58.381	29.1963	8.35985	7.01275	5.52969	1.52862	1.99275	2.05754	2.29215	3.60119	3.64941	4.90985	6.85799	8.32244	8.19348	7.45591	5.91299	3.62148	1.14658	0.616301	1.47014	2.5395	2.17463	0.854625	1.84833	3.1488	5.04924	7.45586	7.09627	8.81867	14.8955	12.7849	6.17004	9.39236																																															
10.5919	15.3355	13.1162	13.5856	26.6007	23.537	6.26464	29.8484	24.1194	4.38597	8.69156	15.5907	13.196	9.23244	2.89833	6.3331	10.4229	5.72675	1.02545	2.06436	3.22153	2.86291	4.82624	3.5645	3.31497	5.63267	5.29458	4.40226	3.72774	4.43847	4.1828	5.80143	15.0965	7.73696	16.461	9.13624	1.8163	6.16943	5.20394	11.6399	10.8763	15.0289	9.9838	2.98235	2.11331	2.94807	1.40923	2.247	14.6773	14.9983	8.27724	9.6973	11.2885	18.1319	20.9198	10.2371	3.09257																																																																																2.27927	0.704699	2.39767	6.48756	9.37227	14.1326	43.1732	50.0136	43.2195	37.398	18.662	17.7795	22.2433	37.9592	43.4097	52.0412	53.5482	5.06032	44.132	42.4633	49.9218	41.0044	7.72179	3.07843	4.99116	7.75542	5.48758	8.85131	17.0737	6.15072	20.8873	31.9513	45.4938	29.8303	30.4482	43.4834	51.182	56.7489	44.8767	40.0946	39.9516	22.0586	14.1897	5.86073	1.30154	1.68298	2.32353	1.09429	2.07847	2.37329	3.18992	4.60506	5.15921	4.72928	3.89178	2.11324	2.8628	3.81641	4.35952	4.80519	4.37276	3.51935	2.98247	3.13936	3.31512	1.30148	4.88582	10.1484	14.5461	14.7105	9.77046	6.13909	9.10317											7.92986	6.52279																																			
14.1518	19.5456	14.5934	11.3215	24.9053	11.7485	26.9592	28.1012	18.1658	14.0997	9.81586	12.6047	16.3314	10.404	1.09418	2.32329	5.96984	6.13879	4.60789	4.44777	3.28393	1.36701	4.94696	7.70476	7.92889	6.47582	1.09425	3.28393	4.10899	3.78929	6.46897	2.56192	12.8519	11.0589	10.8925	8.32229	7.91641	12.3111	7.33234	5.79359	6.62063	8.47938	2.11303	4.50617	4.43485	3.83484	1.94787	1.33455	16.1101	18.073	7.20461	2.80097	8.2863	18.6492	21.9446	9.46071	2.75891																																																																															3.09226	0.99643	1.40904	1.23221	1.20832	7.69142	26.9784	46.4854	44.0124	21.668	26.2041	32.2715	25.7665	18.5567	46.2597	32.7967	46.1914	57.234	5.45502	47.5712	40.5206	48.0863	39.885	5.91151	2.22724	6.61816	9.98281	10.7477	7.24853	9.7535	22.4327	24.6841	33.2655	36.5051	12.8665	18.8086	23.6544	35.1385	25.186	38.0194	14.6229	34.3035	46.1385	36.1986	9.7464	2.05714	1.99967	3.02564	0.996489	1.37763	0.996489	1.24402	3.03999	3.13424	2.07826	2.98202	3.2838	3.74675	3.67635	3.77007	5.06833	5.58085	5.43682	5.05981	4.97044	4.65476	5.29409	5.94803	5.48667	7.61504	6.86475	5.67274	6.02486	8.51765											16.6099																																				
20.6233	15.3998	18.6212	18.0786	14.4904	14.8702	23.1238	16.9589	14.4201	9.65032	12.1202	8.15612	17.746	8.34875	3.86861	4.42462	5.10761	3.07312	6.80567	8.72924	8.21021	7.54701	7.81412	6.13101	3.92809	5.08477	4.90844	4.58854	5.13856	5.01335	7.54108	4.37189	9.36901	7.21418	1.40895	11.4662	4.15076	14.2598	10.88	2.32318	2.82654	3.17546	3.13411	5.18336	5.8252	7.11806	1.74225	4.35845	17.7951	17.8411	6.41495	2.06397	8.99533	18.9742	21.8364	8.87353	1.83991	3.13863																																																																													3.89091	0.241684	2.16058	0.382114	0.854401	0.616125	9.85722	30.0459	44.3891	39.7577	16.7185	31.7016	28.9979	28.0522	23.0562	48.7127	10.6315	58.5226	54.6329	33.6676	47.3009	25.983	45.8439	44.5131	4.58831	1.62082	5.82514	12.776	8.19291	12.3417	11.5674	25.7533	31.6547	22.2429	9.81584	29.6533	18.929	17.5142	27.4835	18.7123	26.5995	37.7534	30.7932	44.0804	49.6351	15.7204	2.22706	2.5389	4.90844	5.06788	4.68221	3.75822	2.80069	3.45188	3.45606	2.24657	3.1892	3.40097	4.6913	5.01611	4.26782	4.77694	5.71047	7.31647	8.38308	8.58367	8.19291	9.49602	12.4995	14.0435	12.3547	8.68182	6.94718	6.46842	9.16329								4.12276	10.4783	30.9566	21.616																																				
25.8896	27.5302	37.0526	35.6347	17.7071	19.8542	16.5472	10.7711	5.01265	4.85171	4.95468	6.93855	12.49	7.97923	4.09762	2.60087	2.16046	5.56139	7.33878	2.41516	4.10122	3.58373	4.15375	4.63199	4.59126	6.48572	4.16442	1.37735	3.5182	1.70821	4.69084	4.88145	8.68943	12.2008	12.9621	9.62891	1.94761	12.6425	12.0836	6.47923	5.78524	5.48598	2.32295	3.65209	8.48301	7.26059	0.512617	7.91993	18.9034	15.7974	2.90234	7.30979	12.1745	18.2384	19.1418	8.65471	2.24636	2.98633																																																																													1.81578	1.70826	0.724906	1.71677	0.854349	0	10.3226	26.7358	39.2998	45.6368	47.7451	44.6573	45.3542	40.8023	35.7482	47.08	12.7642	59.8816	47.7434	48.0582	50.2692	31.8853	41.8442	41.7373	9.26692	6.19589	9.68405	18.9269	9.11973	7.07129	6.57366	27.1242	38.5452	21.9851	13.4326	30.0731	19.0631	21.2202	22.8157	17.334	6.88678	37.9068	50.3217	47.9068	47.667	14.1448	6.57366	9.84401	9.92492	6.92208	3.78867	3.03962	5.11567	7.79166	7.37805	5.52791	6.24205	7.26088	10.42	11.6201	9.91364	9.47733	9.43418	8.43801	9.46551	13.1591	17.5468	17.3646	12.7635	11.6364	13.3594	12.463	10.3107	10.2142	15.7523				15.539	16.8285	12.4952	9.78111	16.1544	27.5441	30.2575	17.5757	32.992																																			
34.2862	38.0591	37.6276	38.1293	40.1073	20.9595	10.8625	7.74651	9.21873	12.9871	11.41	6.04486	9.35028	5.0666	5.29239	3.83377	1.78328	4.84809	7.57574	10.7693	11.182	10.5812	8.72762	7.4772	5.82425	6.27825	8.00708	6.97065	4.43673	2.75825	4.30432	11.7677	20.2899	20.2968	16.7901	13.2965	10.3869	12.7793	14.8389	13.0998	10.2447	8.11286	6.728	5.71166	6.65311	3.93836	1.61141	9.83531	18.2135	13.0323	3.5015	7.62982	9.84249	15.9781	14.443	7.67259	4.27707	2.22001																																																																												2.11243	0.483236	0.764083	1.75861	1.40868	1.09387	0.704448	8.19612	20.1546	28.7517	39.3839	41.4259	37.3581	49.6153	56.3119	49.7619	29.8592	29.3424	51.2263	43.1701	58.0844	51.4921	36.6717	32.6657	24.9854	14.0525	10.3313	9.47148	14.8202	7.14908	8.10588	7.46925	30.2214	38.6728	13.226	11.3766	33.2368	26.6392	5.45366	4.44639	13.0753	7.36146	15.1549	38.5084	42.9126	29.7739	5.41102	10.8268	11.1022	11.2141	10.2977	9.02074	8.55565	9.76429	11.619	11.8902	12.2592	13.5729	13.7225	15.1758	15.1549	14.6554	19.375	21.8987	19.8441	17.756	14.6033	8.09719	8.49531	12.3775	7.87768	8.64583	12.2856	12.5626	13.6356	18.1285	22.4792	22.5825	18.2439	8.84039	10.1662	10.4725	8.11298	17.6973	25.3482	1.54684	32.3884																																				
33.8752	28.5318	17.9223	29.6025	48.1126	28.4355	12.8369	10.7033	4.46237	2.69936	7.31408	5.69093	11.4291	6.72744	5.11456	3.48024	1.90942	2.81534	0.85419	1.70795	2.21982	4.3473	6.08235	7.18827	6.78919	7.10042	7.70914	7.91307	2.56664	3.24706	3.41286	15.1741	18.1601	12.834	11.1997	11.0901	12.4048	12.757	12.9153	11.7021	10.6513	10.6341	11.5054	10.8515	6.66966	2.24594	2.53808	9.8345	15.9578	11.4871	3.97847	3.55039	9.00553	17.4701	13.9305	7.53892	6.65239	1.20789	2.7527																																																																										2.94668	1.57477	1.40856	1.09385	0.683348	0.540233	1.99884	0.724821	4.8117	11.4728	14.4279	23.2879	33.1786	28.5685	6.46656	36.036	30.9819	17.7015	41.468	26.9042	33.7269	45.6685	23.2519	9.8417	16.9783	13.1724	9.41403	10.6598	6.13636	14.8665	13.967	7.17252	10.5177	29.1714	36.8067	22.3097	10.2638	33.3462	22.4449	28.3832	36.2289	35.3102	22.6836	11.1447	7.29856	3.1146	3.75707	1.5467	13.846	8.39572	7.49169	9.02473	14.6688	15.7773	12.528	13.3054	12.2481	13.8078	17.0553	15.2159	14.7122	13.7851	12.528	16.3543	14.9487	16.1331	13.9796	7.70914	9.6518	13.8192	11.0193	4.46225	4.91869	8.22314	5.97967	5.70892	7.10235	8.47995	8.64709	7.25963	9.40808	6.70817	5.08334	3.24706	14.3677	26.3801	29.7712	29.944																																				
20.4494	11.8828	11.9979	15.9234	43.5995	38.1302	25.0969	17.0834	8.55367	11.3167	6.53473	3.69058	14.7204	12.7348	6.1357	6.16858	6.69291	7.22932	7.46254	7.25891	4.50085	2.29074	0.919836	4.26274	3.41676	1.20772	7.46204	7.22894	5.421	7.10164	6.56968	16.6797	15.19	5.20097	6.08887	5.86995	7.73234	8.0408	8.6721	7.66221	8.27256	10.0663	12.7844	14.1838	9.3892	2.75761	1.94692	9.69121	13.6283	8.52037	4.26622	2.42655	5.29142	15.6118	14.8688	7.83279	7.44486	2.05615	0.96629	3.81414																																																																								5.33511	3.21988	2.05617	0.381988	1.33401	1.44926	1.78295	1.57454	0.381988	2.69897	6.83857	27.0828	37.3572	33.0048	40.6667	45.0003	46.0926	38.548	18.6868	42.2285	19.7781	37.6456	20.6326	6.69254	7.47375	20.7862	17.7806	9.80076	9.26385	0.763941	2.90151	2.11203	4.21144	9.80654	25.1086	32.8762	27.5948	7.70092	33.1039	27.2132	32.1924	20.5367	34.4148	27.6694	10.8759	6.60414	5.01154	7.37582	5.03426	13.8174	9.22136	4.12467	5.33217	7.98955	9.21408	10.6438	15.3045	11.4637	8.34435	13.2548	14.0933	13.3592	9.92624	7.54424	6.93632	7.74321	0.683279	6.56278	13.2412	11.6827	10.1104	8.48064	4.71436	2.48569	8.04766	4.65231	4.71404	2.9065	7.20125	8.1044	7.83324	9.53931	6.98758	5.67008	4.43591	7.73258	16.0688	21.231																																					
9.07862	5.80995	7.8465	6.02143	32.7542	36.8863	26.6365	23.147	17.2624	10.2746	9.47946	8.39384	13.0131	19.6161	7.0683	3.25983	1.03888	2.79918	3.09049	4.43232	6.43008	8.42473	8.04914	4.97634	3.42913	1.469	5.32361	7.37513	6.37631	6.74343	10.967	18.1032	14.784	5.72291	6.46567	7.7004	8.64676	8.49317	9.15914	6.82748	5.38542	4.8017	7.91149	14.002	12.3342	4.36963	1.61999	10.5751	12.9017	4.57347	7.20884	11.3547	11.4758	14.3649	14.716	6.1653	5.49144	4.31295	0.68321	2.05596	4.60512																																																																						3.95566	1.0389	0.241553	2.29671	1.90896	0.995918	0.919786	1.0389	0.512418	0	1.2433	7.08243	32.1829	38.3545	23.1294	21.0723	38.1813	45.4826	43.0502	32.2606	23.9164	33.3094	32.1145	11.8878	8.3722	9.60337	19.677	19.8476	8.86607	6.01668	4.06775	3.51701	5.28287	5.70777	4.21792	19.9347	27.2314	29.896	25.9185	17.6766	13.639	13.3757	27.7487	35.4176	27.024	9.81114	4.09963	10.2866	12.5505	13.6393	4.97601	10.3069	7.06857	6.94384	7.73172	5.9955	4.15214	8.0944	1.37687	1.54637	12.2773	5.87891	2.69884	6.03106	7.17097	7.3072	5.0137	4.34659	6.84426	9.1699	14.8919	15.3249	10.2944	8.39777	9.70825	9.0039	2.61106	5.99512	0.919786	11.2475	10.9719	10.5335	8.2855	7.5413	8.39061	4.77164	2.66631	5.82739	6.56438																																					
5.78731	6.27337	2.06279	10.669	35.0028	47.0546	35.6959	23.3539	15.1905	9.81094	14.3314	17.9172	15.6838	18.5202	6.74881	4.31259	3.47934	1.57432	6.99285	6.04275	3.433	5.62077	8.21264	8.37671	3.31267	4.44486	7.11648	7.42827	1.81492	2.2453	12.9724	17.8913	11.5789	6.08774	5.78253	7.73108	8.81289	8.32562	9.65481	11.2243	9.54933	7.54081	8.17084	11.2354	11.8154	4.73764	2.41397	11.5414	12.0495	1.57429	9.98762	12.0923	10.7447	10.519	12.1246	4.15179	2.93582	4.63587	0.763758	1.45894	3.58619	5.62077																																																																			4.14834	2.39583	1.75795	3.019	2.2258	1.57421	2.44391	1.09353	0.85389	0.381896	0	0	0.341588	5.49098	30.954	39.1228	28.6712	22.4983	10.3718	13.1935	14.5973	34.8112	12.2226	18.3596	17.3687	9.0783	7.98261	8.31705	14.5119	18.369	9.57868	2.32173	4.60158	6.23003	9.54968	9.46112	8.74879	14.2029	18.3055	24.2379	30.8696	26.3552	12.0923	10.1419	16.1476	20.6125	15.9634	5.95632	8.18666	9.50095	7.78979	14.8664	7.74217	2.38976	7.3684	6.47611	8.68225	10.5113	11.3975	13.6306	11.3146	6.68089	11.4442	11.1256	6.94357	9.61818	6.57042	2.44401	2.41397	8.00392	7.06809	5.42	11.8154	18.5365	12.5945	4.17964	7.22796	8.49767	6.03557	6.98639	3.51669	11.3628	10.5834	4.58907	6.05939	8.99216	7.97728	2.82496	3.02376	6.51788																																						
4.14801	3.9767	12.816	33.1732	45.8873	45.6512	24.1482	7.66927	6.80116	5.90733	8.74771	13.7504	13.105	10.9646	4.0525	8.05953	2.46157	7.07102	6.35027	9.23882	8.93919	8.04367	2.6711	5.82641	6.66514	9.11868	0.853804	11.3629	4.84592	5.86807	15.7721	14.7115	3.83197	1.03868	0.540045	3.49961	5.86801	6.60227	8.53122	12.773	12.2135	7.37342	8.08781	11.0667	9.57785	3.13187	2.0555	11.2281	10.9644	5.04434	10.7184	2.56564	2.98462	6.9856	10.7636	2.93553	1.81474	4.12683	1.75768	1.75768	1.46873	4.05253	5.3334																																																																		3.13652	0.704115	1.68145	0.704093	1.81474	0.170778	1.7411	2.05556	1.57406	0.170778	0	0.170778	1.03871	4.27166	25.4127	37.7562	34.3684	28.7454	27.1927	31.0143	27.1004	30.1446	18.676	13.2814	7.66918	9.37047	6.93461	8.55126	12.726	16.4472	9.59676	1.37659	7.37342	6.32981	7.14362	6.46427	5.79685	8.15592	9.8507	10.3266	13.5336	16.2959	14.4273	17.8965	22.9591	21.4101	17.8734	14.442	10.7514	6.41097	5.38449	10.3533	7.92277	3.75562	3.47889	5.11275	4.26174	5.13516	5.74188	6.81795	7.78881	7.1675	8.64181	6.8075	9.21405	12.2852	6.32981	8.7881	7.3117	4.27166	7.51898	11.4509	14.4714	14.9452	10.9834	6.3137	5.62002	3.67356	6.09893	11.2089	9.97991	11.3376	9.95267	3.72455	1.53664	5.92649	3.98033	0.512323	4.42478																																							
3.14548	2.21885	28.8282	47.053	45.7792	33.4319	14.3844	6.12635	6.29276	5.7961	5.77877	9.34676	7.64057	8.30859	6.7986	9.27866	3.64559	11.2738	7.16859	6.1355	9.8753	8.27927	4.91329	2.51971	6.66643	10.5127	3.89182	12.7878	2.90546	6.6985	15.9997	15.1318	4.93981	4.30186	6.09127	5.66572	5.82573	7.44777	8.28785	11.855	11.6687	8.74486	10.506	9.6309	5.02943	1.37642	0.96585	9.24055	10.9635	8.22634	7.88775	3.24548	5.01238	10.3158	11.7241	2.05537	1.20725	3.59738	2.60469	0.683014	2.44342	0.482959	5.50039																																																															4.65069	3.98019	3.21863	2.159	1.57397	1.70711	1.02446	0.615647	0.870661	0.381839	2.18568	1.99055	0.341519	0.341519	1.71563	3.64559	4.93981	17.3459	28.6655	34.4868	36.7288	32.9177	27.499	12.09	20.2681	14.2153	14.461	10.791	6.66671	5.61981	8.06405	12.5071	13.3504	8.63094	1.52694	9.22373	7.07031	3.31185	3.97992	1.24299	8.04286	10.9026	7.88807	8.20375	18.5139	24.2925	9.24106	20.0539	20.8959	29.5134	33.5649	26.0328	11.1596	9.24072	9.27254	7.51637	5.91869	1.24299	0.615647	2.29606	3.29425	4.01262	5.56544	5.75856	5.55763	7.63845	4.87793	7.91822	10.4221	6.09832	8.70146	6.46383	5.79627	10.5761	4.69994	4.6506	10.8667	10.309	6.04117	6.39208	5.22361	3.13156	4.95165	9.34712	9.1644	6.43687	2.21874	0.995573	5.29753	3.62548	2.13858	5.17922																																							
6.31034	6.49631	41.388	49.5028	28.6466	11.6492	6.63801	5.27818	5.34595	4.79701	4.7366	9.52348	5.29744	4.45982	5.17066	6.63794	4.63461	9.52453	9.83614	5.58301	11.2137	8.0457	5.56498	3.61335	7.87108	12.5458	11.3506	11.6385	4.73353	7.80753	15.4734	16.7706	13.8703	13.6359	12.9789	11.7989	11.0889	10.2434	9.80787	12.6453	11.662	9.39842	12.1833	8.55453	2.69767	1.54582	0.76358	5.00893	9.30986	5.48973	1.68123	5.95462	1.20723	13.3787	11.818	1.46855	0.853701	2.21855	3.72386	1.24289	1.09315	1.52681	3.29397																																																															0.853646	1.45858	1.07975	0.763539	1.02437	0.995489	0.870565	0.512228	0.381807	0.870588	1.90826	1.44848	0.853701	7.82213	14.3603	13.5104	9.11293	13.3088	17.0997	17.229	18.265	18.8496	22.3536	1.44848	17.744	12.4513	13.2566	10.296	1.23113	4.82122	7.14226	10.4212	11.6855	8.12122	2.73522	7.20968	7.75435	4.31485	4.36821	4.17855	11.0381	9.98448	3.47825	5.55719	15.7168	24.6811	14.0696	7.535	23.3944	33.0937	41.5125	47.8317	40.3756	28.8475	19.0725	11.6813	12.4903	9.07554	3.92487	5.87451	6.07175	5.68034	7.14226	8.1424	8.00175	9.62152	7.82213	7.97505	6.56631	3.75495	9.48049	10.4219	13.9323	14.5857	9.87511	6.8358	10.595	10.0779	5.18988	5.34583	4.14725	8.04264	11.0237	9.46587	6.68312	3.77411	2.60447	2.92017	4.63461	3.5114	3.89501	4.87752																																							
6.8493	9.29351	46.1506	46.1773	14.1332	6.64794	4.97368	3.49861	4.21929	4.26024	3.0702	5.95422	9.17945	6.09688	8.84168	8.97615	8.363	4.36422	10.7465	5.78758	10.8545	9.43318	6.51532	4.48209	5.52318	9.92074	11.3251	10.2901	7.47738	9.30917	15.7015	17.3332	15.3189	14.0109	12.2591	11.0616	11.1873	10.643	10.1712	11.8484	10.7788	9.43778	10.2896	5.66433	1.61922	1.54566	1.36558	0.853587	5.10254	6.25258	8.15391	5.85443	4.77227	14.6939	10.7166	1.4684	1.45844	0.17073	3.11243	2.72961	0.724332	1.14511	0.763503	5.27765																																																												6.01398	2.44306	3.56029	3.56029	1.52665	2.97894	2.08317	0.919352	1.23092	0.995389	0.381748	0.512176	2.062	0.682888	0.870477	15.0059	20.0083	21.3053	24.2749	22.216	16.6565	24.8968	27.8459	25.2185	12.932	12.644	18.5711	10.552	11.3925	7.45402	4.17813	3.97919	6.29387	7.90073	9.8735	6.64794	3.51533	3.83088	5.06284	4.78151	3.51104	3.58462	7.68911	11.7927	9.49734	7.51873	7.97246	19.5654	25.805	22.6213	13.6637	25.6568	30.3457	39.1942	42.2222	35.3977	29.9115	16.9783	15.5372	16.3371	3.68054	5.61604	4.48209	5.10832	8.88602	10.4726	9.68625	10.9731	10.0843	7.09761	0.763503	8.47572	9.52676	9.97691	12.547	11.5855	9.69219	10.5154	12.2454	10.3034	6.66324	4.26038	2.15852	8.15391	12.8288	14.7054	12.7526	5.84682	5.31827	5.8664	4.51103	4.43013	5.01135																																								
5.61795	9.23348	42.3998	46.6261	25.5407	10.8282	7.82058	5.78702	5.57432	5.38249	4.09719	2.53615	6.72236	12.7634	10.3675	9.99273	8.93588	5.30181	11.7227	11.2246	7.31847	9.33198	6.84873	2.51889	1.03829	2.1852	4.20884	4.65255	4.26009	5.07967	10.2031	13.7924	11.3483	8.6258	8.14275	7.44032	6.47304	5.87586	7.14093	8.84059	7.71795	7.40159	8.57444	5.1021	1.37607	1.24261	1.24261	1.23088	7.8332	11.9548	7.12899	4.79619	8.92311	15.5427	9.70232	0.703846	1.07958	1.9079	1.20696	3.35014	1.37607	0.170714	2.41278	2.37034	7.01582																																																											4.20865	3.44829	3.55998	4.25988	1.53606	3.2801	0.512129	1.20692	1.03829	1.36546	0.381731	0.241431	1.94565	0	0.919229	22.383	28.2363	23.3723	23.2668	15.8171	1.45824	26.4289	22.5865	17.002	4.42325	18.0363	16.7603	10.9609	8.14607	2.85927	4.84408	8.56786	7.22022	6.68817	7.8277	4.47183	1.40748	2.56469	2.27639	4.20865	6.9173	3.41025	1.23082	6.34763	9.90388	10.2247	2.6041	5.3451	16.3541	30.2686	24.0508	21.3075	22.6779	10.9352	33.722	40.7671	40.8936	17.9181	9.52279	17.111	2.77682	4.27007	2.64828	5.43837	9.2442	8.28054	5.94134	10.1205	9.47868	7.00381	7.66631	10.0761	5.94129	9.85567	8.51485	5.24443	4.77209	4.57111	8.20152	8.14604	5.61302	3.59657	5.86584	9.84571	3.36322	11.3222	12.2383	7.07852	8.65482	7.75291	2.9147	3.51491	4.05099																																								
4.65192	4.79856	28.7693	46.9152	40.7493	19.9752	11.1688	6.9826	7.51561	6.66398	4.31013	3.51457	1.57339	8.63977	11.0859	8.52772	4.77153	3.47726	6.32474	8.86086	4.81984	7.50215	7.56826	2.22445	1.02408	1.57334	1.54535	2.06172	2.44258	1.19472	2.77663	9.5576	13.322	12.0093	10.272	8.89896	5.90468	4.52623	5.82359	6.56444	7.37777	7.3701	6.98852	4.81654	1.4581	1.46803	0.682761	3.95307	12.0396	11.6541	3.96411	4.53555	11.5505	15.7082	8.54714	0.539769	0	2.7765	1.37596	3.55963	2.4838	0.703761	2.28888	2.13779	3.93466	7.09405																																																									4.20826	1.44816	4.09333	1.37596	3.13504	2.21797	1.81388	0.763362	0.763321	1.37599	1.60999	1.03822	0.703783	1.37591	0	0.341393	25.2834	28.7046	9.71931	16.5088	21.9601	11.5548	26.1199	24.9506	18.6302	10.5728	14.278	20.1344	13.0468	10.5055	7.37813	4.71071	9.2433	7.62634	6.18913	7.16399	4.03985	0.853456	1.99712	1.54535	3.73827	6.31757	4.35373	3.36293	5.34166	8.24898	12.759	8.57412	2.75039	12.4993	26.5162	26.06	23.2698	27.5086	12.3629	17.6206	34.6293	43.5642	27.2667	13.8688	10.5049	1.78154	4.39642	3.23527	5.78386	9.10979	7.6821	6.72168	12.5702	10.4706	6.24257	11.5493	12.4852	5.01054	10.5366	11.1896	3.76544	5.10754	5.57403	8.41387	7.34886	4.05079	3.01727	7.46988	11.3905	5.65602	10.4224	9.25084	8.65726	11.8982	8.05578	1.19472	2.83858																																									
4.82204	2.17145	10.662	39.1917	41.7064	27.9775	27.4434	19.1641	12.5953	9.91762	6.15846	4.31309	4.96356	3.2927	3.45195	3.88999	3.21712	3.51421	4.29957	3.42658	6.31725	7.33075	6.09514	1.57315	0.995163	1.94528	1.29961	0.381659	1.83762	1.74005	1.60973	2.1848	6.62701	8.86477	10.1959	12.1388	13.414	13.8272	12.6713	10.5915	10.8147	8.51346	5.11817	2.89902	1.52622	1.68049	3.27956	10.4643	15.1892	10.3855	4.71023	7.44041	13.4765	14.4665	6.13263	1.37585	1.37585	2.74996	1.60973	2.82292	3.02162	1.70631	0.381639	2.8991	1.57323	5.40808																																																								3.13008	1.61876	2.38815	0.853315	1.23065	0.965394	2.27594	0.724124	0.24137	0.241386	0.763243	0.170681	0.919046	0	1.03809	1.14484	1.33287	17.9595	30.7375	34.4908	32.1282	22.6113	13.8967	22.9695	24.1356	17.5159	4.43214	16.8399	22.1366	16.1978	11.6818	15.4238	11.2619	7.9773	6.66331	4.05019	5.99061	5.4293	0.870228	2.1579	1.5452	2.73414	4.9404	3.67163	3.41385	5.49781	4.52558	6.46062	8.02002	7.42332	11.5243	21.3537	26.8602	25.5623	31.6609	32.4987	33.2648	45.7103	43.341	26.0648	11.3553	3.82975	1.09272	3.92311	3.88977	5.14606	8.69058	7.75138	7.68693	12.6231	9.63852	17.9559	24.8639	20.4121	15.7219	15.7024	12.6214	7.14168	6.52916	7.2665	8.14452	6.64622	4.26946	4.58291	8.20007	12.8219	14.4424	12.1794	5.65531	8.99684	13.9889	6.98164	2.66958	3.05027																																			3.93436	3.44768					
3.4304	4.11729	9.30862	28.5224	36.2022	25.6628	25.6419	23.7438	14.9891	9.82447	6.50408	4.70968	6.38632	5.10065	0.87015	2.24359	3.05013	2.7551	2.31997	1.37569	1.37571	3.76468	2.9778	0.763209	1.23052	2.07531	2.36955	1.90741	2.13748	0.381606	2.24359	2.7498	2.2949	0.241362	4.36282	7.56725	10.0585	11.4518	11.2608	10.4849	8.3838	4.10315	1.71464	1.14468	1.4478	1.07924	6.60885	13.4162	13.4404	6.66295	7.09467	10.1506	14.4773	12.7435	4.02113	1.46783	1.52615	1.61862	1.46776	1.57302	2.59767	1.88437	1.40704	0.853284	3.07377	1.2995	5.70275																																																							1.33267	1.5731	0.24135	1.68041	1.84543	2.05425	1.57308	0.24135	0.703644	0.381621	0.763209	1.20662	0.381606	0.853243	0.870167	1.20662	0.853263	4.63254	12.4801	14.865	12.7013	11.6332	18.0322	23.7648	26.7879	24.5629	10.1825	24.4496	18.1162	13.1056	6.47769	7.44394	10.6689	5.77808	5.93234	3.4766	4.20747	6.42429	1.40704	2.06123	1.37567	1.54507	3.50974	4.0391	2.91881	3.27472	4.74934	3.02143	5.61129	8.63608	8.67044	13.4527	22.2014	21.4417	27.7115	29.3212	38.2259	34.727	26.1009	20.1316	9.91658	2.37569	1.40708	2.55822	3.59538	4.54431	8.03326	9.34168	10.8968	14.5366	15.5205	24.1642	21.3524	13.4408	11.6251	13.3031	11.4143	8.13872	6.05473	5.38116	6.15797	5.95419	4.7434	5.52106	8.04232	11.6807	12.8495	11.6654	9.80349	10.3036	13.4131	4.12413	2.91377	3.64737																																		2.90376	1.90737	3.23466					
10.5343	21.6324	29.283	27.4345	24.3267	18.3495	18.7598	21.0995	16.618	10.7259	5.81685	4.20703	6.42365	5.20909	1.84516	2.21728	2.51806	3.4972	3.20296	3.11097	2.21728	2.60298	1.83736	3.58312	3.92263	3.7721	4.54388	2.91854	3.88927	3.62334	2.90358	2.6638	3.85566	4.94838	6.05422	5.57235	3.45113	1.84516	1.57286	1.78103	1.68018	0.994919	1.14457	0.870067	1.52593	0.341295	7.91308	13.2717	11.4513	1.70599	8.63518	11.432	14.9848	11.3143	2.98236	0.918918	0.853184	0.381568	1.33253	0.682566	2.44179	1.61846	1.83728	1.37552	1.20648	1.78103	3.04971	5.00608																																																					1.24217	0.341295	1.19437	1.71448	0.682566	0.482674	0.615281	0.615281	1.23042	1.53548	0.170649	1.24213	0.723942	0.482674	0.615243	0.482674	0.703559	0.763102	1.68018	1.07918	1.03792	1.40691	9.56619	19.4155	26.2472	31.6111	25.3417	17.4269	31.4207	14.6328	7.46017	3.29209	2.74945	5.25343	8.99412	5.49705	3.88537	4.34234	5.02614	1.46761	1.78103	1.57289	1.33253	3.64701	5.79211	3.08758	3.67096	3.59511	0.170649	4.96265	7.9471	5.40714	6.23365	14.9396	11.3291	20.9523	24.4997	26.048	9.88788	13.282	23.5432	11.739	2.4119	1.45775	4.27191	5.84419	5.38065	4.10273	5.24216	5.1758	11.3545	8.92026	21.521	11.7822	5.29972	5.67711	6.98055	5.31871	4.21759	4.33588	3.88557	4.25838	4.70923	3.74893	3.51367	3.45131	4.25852	5.24249	6.60856	9.1078	9.72942	9.62186	1.24213	2.45955	4.45716																																			3.54656	3.18477					
23.6672	32.9358	37.0037	39.2863	38.2257	29.001	22.3316	17.1285	11.4887	12.052	7.93745	5.00551	6.36928	5.1864	1.73956	2.36922	4.12005	4.3421	3.95147	3.64664	2.53489	1.75617	3.30944	3.96258	3.20247	3.47591	3.45079	2.696	4.87449	3.977	2.06082	3.08731	3.37455	6.61002	11.8944	13.6565	9.39823	3.13383	2.29432	1.5727	1.09241	0.994819	1.14445	0.994819	1.5727	0.703511	7.22071	12.9822	13.048	3.61489	8.439	10.9742	14.3334	11.4056	3.82869	0.870001	1.03779	0.381529	1.5727	0.34126	2.45931	1.60927	1.60927	1.75617	0.241301	2.42361	1.20636	4.4275	2.73338	2.4117																																																	2.21711	1.37543	0.34126	0.763066	1.03779	0.703511	1.03781	0.53956	0.170632	0.381529	1.14445	1.73956	1.52578	1.02368	0.763066	0.381529	0.482593	0.723917	1.02368	0.170632	0.870001	1.4576	1.4576	0.870001	8.73993	18.3111	25.7051	33.6832	25.9438	18.3242	33.0547	14.2988	3.75229	1.45754	3.59466	2.85789	2.82225	5.33989	4.37847	4.54342	3.51321	2.05379	1.71433	2.60272	4.58453	6.1568	6.30846	5.29912	7.28976	8.78076	7.29956	4.11989	6.4873	3.34852	6.16126	14.4625	6.34466	12.4954	20.8725	15.3923	9.06972	12.9324	19.6983	12.6368	2.81183	3.59479	11.4494	19.8618	26.7437	24.3574	10.8145	4.421	12.9528	8.47094	23.6794	21.9237	8.99456	5.28539	4.82067	3.51315	1.7396	2.55787	3.0161	3.76399	4.50834	3.59474	2.22367	1.37543	2.05379	3.08731	4.14799	4.23085	3.67844	5.33957	0.482626	2.5577	4.6964																																									
32.0738	36.2621	33.5855	29.165	26.5004	25.1264	24.0647	18.5519	12.9187	10.6462	8.58446	5.78363	4.94717	4.27113	7.90305	9.91428	6.83056	3.35684	4.29798	2.89794	3.4756	1.87611	4.90038	2.41152	7.34331	4.98209	1.57265	3.49632	1.24193	3.14278	4.36158	6.50244	7.20264	13.5958	15.0632	17.4103	16.3109	7.40707	2.4591	1.37528	1.57259	1.14435	0.918703	1.37526	1.81303	1.14435	4.91216	11.3027	16.2686	11.6726	7.63227	9.14872	12.6971	11.4493	4.39435	0.853019	1.0377	1.02359	1.09232	0.76299	1.84482	1.60913	1.60913	1.60913	0.869901	1.94453	0.539529	2.91293	2.91797	2.73312	2.41147																																																1.52565	0	0.869918	1.1444	0.482553	0.918735	1.37528	1.02359	0.482577	0.994734	0.994734	1.23011	1.70562	0.381512	0.539529	1.20625	0.341229	0.918735	0.703426	0.170616	0.241293	0.539512	0.539529	0.511836	7.94385	16.4325	23.246	31.3162	29.448	21.2376	27.0024	13.5537	7.61728	2.3194	5.51949	8.70555	6.14213	3.35697	5.57907	4.21326	3.2561	2.07475	1.71417	3.65823	6.9627	6.87612	7.17873	9.23315	9.09503	4.12316	6.26905	1.61815	4.82026	2.22344	6.30779	14.0757	10.283	13.1488	10.5083	1.37528	6.9363	12.6167	13.9408	9.97428	1.83693	6.63292	14.3165	19.6414	14.858	17.1208	12.7197	2.69563	9.74877	12.8307	12.1026	36.6869	35.6804	16.9077	7.42056	5.42729	2.91293	2.75432	3.17049	4.17535	4.76624	3.42528	1.75609	2.41147	4.11957	3.67808	2.21691	0.994734	0.853019	4.35143	0.853019	2.53468	4.33479																																									
23.8759	22.9723	25.4	14.5557	10.1912	11.8541	11.5626	8.78234	9.05719	10.1967	7.69837	4.50751	2.79575	1.23007	5.0761	2.83713	6.48611	5.32511	2.53442	2.10923	2.77497	3.1334	4.52345	1.75584	8.88394	3.20187	2.77504	2.64651	0.482536	3.4503	7.29822	7.81022	10.3	15.4814	11.2579	15.8473	19.0502	11.0289	3.01534	0.1706	1.618	1.75584	0.994634	1.37512	1.81284	1.57241	1.99606	6.56101	13.5637	13.7836	8.4681	6.67743	10.6136	11.3148	4.94671	1.37517	1.20616	1.19403	0.241272	0.539481	1.07882	1.20611	1.60897	1.45727	1.03762	0.241256	1.19403	1.1443	3.61025	3.93246	2.85747	3.049	2.97678																																												1.70556	1.1443	1.0376	0.762925	1.20614	0.341197	1.33215	0.241256	1.09221	0.723734	0.241256	1.70545	0.511788	1.70545	0.918612	0.381459	0.381459	1.33215	1.20614	1.3752	1.46729	1.23007	0.703358	0.53946	1.0376	3.44606	6.02843	12.5881	19.3256	25.5875	27.4956	22.3046	15.3272	7.21939	10.6777	4.00896	3.89168	5.51868	9.33785	5.33859	3.58209	3.99097	3.34801	2.06054	2.05344	3.72067	7.81527	9.39485	7.08988	7.90195	4.27069	5.34127	7.19176	3.42926	5.27368	3.75171	6.84416	12.8186	21.2968	20.9385	29.8411	21.583	11.6147	10.7166	12.0327	7.34258	0.852968	6.3771	11.5191	18.607	22.5114	21.3412	8.17877	5.3415	7.48102	9.00525	32.1884	28.9841	45.152	25.0361	10.4072	8.03887	3.8543	2.21665	1.94443	3.25579	3.64207	2.39311	1.94446	3.23796	3.78241	1.52558	0.1706	1.09221	0.341197	3.62206	1.60897	1.83675	4.03754																																									
30.0789	34.0524	37.0033	19.9103	5.42621	3.07222	2.41091	1.99586	4.26012	5.02709	2.90235	2.29366	2.31884	2.36854	6.77888	8.83432	8.13469	2.22295	2.21648	2.59641	2.69526	4.63041	1.45712	6.13872	6.14092	1.29893	3.64179	4.04807	5.33837	6.83546	6.00896	6.23141	9.30105	11.0843	2.77476	15.3071	19.9059	12.4693	4.2054	1.45718	1.19391	2.08125	1.0921	1.20599	1.68814	1.81266	1.07871	0.852881	6.67242	10.6286	8.25924	3.40775	7.063	11.3685	6.83308	1.20602	1.02339	1.29887	0.723661	0.539405	0.615004	0.852826	1.37498	1.29887	0.682301	0.852854	0.86973	2.1834	1.07876	3.44564	2.60766	2.13647	3.35634	4.25681																																									1.88349	1.03752	0.482487	0.762848	1.20604	0.762848	0.38142	0.38142	1.07871	1.09217	1.20604	1.36441	1.52542	1.71382	0.170583	1.92914	0.539405	0.38142	0.341163	1.52534	1.0921	0.341163	0.341163	0.539405	0.703309	3.66954	8.03848	9.8274	7.53356	7.43433	12.9786	17.1395	18.1342	13.4709	9.44366	4.63041	7.67326	6.13849	5.66239	7.61791	7.80902	5.33805	3.92087	2.48222	2.66277	1.57236	1.94424	3.6417	6.83308	9.5421	9.9962	9.44918	5.7027	6.15716	6.97768	2.89753	6.15981	8.05234	8.87196	9.20368	25.9205	24.3708	17.3127	27.7215	15.1066	12.3188	18.9206	10.5653	1.83665	3.6217	6.50983	10.677	12.5268	7.92491	3.75122	5.70257	8.52678	10.6246	39.9955	16.7201	48.6062	31.5497	13.6245	9.6079	4.27018	3.29081	1.84445	2.93217	2.83667	1.67953	1.71384	2.24251	2.17006	0.381441	0.38142	0.852826	0.539405	3.16969	1.57225	0.511737	3.88755																																									
30.0408	35.5506	35.7708	20.0346	6.09113	2.8569	5.29729	7.08089	7.13486	7.09065	4.09368	2.73234	3.77017	3.38165	2.66793	4.20521	3.39461	1.94407	0	5.2069	7.85218	5.48387	7.3257	5.33762	0.7236	3.10954	4.47783	4.46818	6.39631	7.82678	5.4761	3.34727	7.45086	7.92373	2.21627	16.6877	19.6739	11.9803	4.06176	0.703241	1.57218	1.71366	0.762741	1.09201	1.92897	2.08108	0.7236	0.614981	1.88331	6.46749	8.73703	7.07281	7.287	9.45567	7.10465	0.994449	0.762741	1.37487	1.14403	0.614952	0.381387	0.703224	1.29876	1.37487	0.614952	0.341131	0.170567	1.7389	1.60874	0.96476	2.31874	2.37441	2.05308	3.41158	4.14282																																						1.61774	1.20593	0.703224	0.381387	0.703241	0.762772	0.241211	0.381403	0.241224	0.170567	0.482439	1.94405	2.05308	0.482439	1.07862	0.762741	0.539358	1.22976	0.852775	0.762741	0	1.14403	1.22982	1.44704	1.14407	0.381403	2.39263	6.29475	8.46622	9.5136	11.6742	11.5783	8.13392	9.58518	11.2357	7.98641	8.83344	10.8603	10.7834	8.30097	5.12883	5.4944	5.28358	4.87248	5.65143	2.57939	1.1938	0.511689	0.539374	3.04826	5.92896	7.68192	9.14622	8.40753	6.96703	1.88329	6.65896	5.33762	2.69496	9.94065	10.2801	6.45413	20.2835	35.0422	13.7184	21.4446	21.6804	24.659	29.8593	20.3503	2.66793	3.08614	3.072	2.10883	2.83643	6.38492	7.93453	8.52602	16.6062	19.3769	49.5286	43.0417	57.0666	44.3189	22.4542	11.1665	5.44432	4.35019	3.03396	3.42844	2.9121	1.7389	1.37487	1.09201	1.46692	0.511689	0.869669	1.0233	1.09201	3.01479	0.994449	0.614952	3.98996																																									
38.4545	27.7037	18.206	15.3263	23.957	36.1706	33.6808	19.1089	10.4897	8.81323	7.56973	6.12601	5.95746	5.77908	4.70668	4.04732	6.7608	9.22538	8.15952	5.02641	1.37473	7.06377	7.66631	3.82706	8.55528	9.70533	5.89964	0.918392	5.10285	3.24149	7.68887	10.6113	14.1547	14.7812	18.019	21.9473	15.9017	6.46663	7.1223	3.93129	2.94156	2.42263	1.84422	1.78007	2.27422	2.05984	0.170551	0.38137	1.33177	1.57207	6.06485	7.96628	8.1125	7.1262	4.79445	0.99435	0.852668	1.0919	1.14391	0.918349	0.38137	0.703179	1.45685	1.4061	1.29869	1.22972	0.869591	0.381349	0.994409	1.84422	1.22972	0.852668	0.241187	2.28692	2.6621	2.21607																																			2.15635	2.21612	2.081	1.84422	2.13608	2.31856	1.57207	0.703179	0.482366	0.3411	0.38137	0.614929	1.0919	4.50623	4.25609	3.7698	1.20579	1.19369	0.38137	0.723527	0.852668	0.852668	0	0.61489	0.170551	0.539305	0.852696	1.0232	3.65683	11.2395	11.9371	12.8262	21.5506	26.9315	27.192	26.2522	22.4317	12.2611	7.08996	11.9374	12.8413	9.22538	7.9768	7.35835	7.43337	8.42041	5.43343	0.723576	0.869569	0.614929	0.994409	2.74788	4.64482	6.23236	8.31381	9.61093	10.426	8.26975	7.03174	4.58235	3.34694	5.92838	10.7514	12.7733	17.1152	32.6468	31.1915	13.0105	2.97584	7.67555	24.7745	24.0451	6.12842	5.62824	5.78171	5.94562	7.77699	15.3187	30.174	50.5505	66.0563	71.8166	69.8465	53.8104	57.3573	58.0629	51.6793	29.2996	9.29938	7.69606	5.32634	4.35968	2.98066	0.869569	0.703157	1.20582	1.8754	1.46687	1.6176	1.22972	1.7135	3.01933	1.73878	1.5346	4.39266																																									
37.95	14.7142	21.9526	41.6687	47.2023	43.3917	41.5076	35.9588	23.3563	11.7702	6.65568	5.95687	5.81804	5.29617	5.48811	6.85032	13.0506	14.1185	11.1944	5.33921	7.778	7.46106	3.07131	6.97597	11.3086	9.6813	8.40591	4.49609	6.69848	6.97616	11.6103	11.5404	15.3322	18.611	22.9464	17.9359	3.61291	7.88496	11.9614	12.1868	6.4549	1.92871	2.18292	1.98802	1.70484	1.52491	0.51159	0.614867	1.99521	1.88293	2.31833	3.25466	2.8967	2.97554	2.31818	0.994249	1.09179	0.964565	0.964565	0.964565	0.170534	0.381331	1.4567	1.20569	1.33172	1.52499	1.61744	1.33172	1.61737	1.19357	2.2159	1.52499	1.20567	1.84392	1.46663	1.19357	1.81226	2.31833	2.0527	1.98802	2.15614																							2.97565	2.66743	2.42239	2.5564	2.65109	2.65109	2.5564	1.98802	1.90595	2.28681	2.08079	0.762629	0.539251	0.682106	0.869481	0.85261	0.482349	0.482317	0.170534	2.51622	7.89893	4.49635	7.50834	0.539273	1.22952	0.869504	1.24129	1.09179	0.723454	0	0.614828	0.539273	1.0231	0.341065	0.703108	4.35924	15.1397	9.51297	14.7676	28.1652	22.2139	20.2885	18.3465	17.6919	21.233	19.2688	8.50626	5.94502	4.79119	7.46865	6.77696	6.60627	5.89893	2.89662	3.04766	1.45677	1.90588	1.94371	3.47393	4.26896	4.2589	6.91039	9.98259	11.5439	12.8083	13.2721	8.85249	1.36402	0.852637	3.75039	9.09096	12.8832	21.5966	27.2762	25.6555	21.7495	26.4992	22.0862	14.2985	9.10024	9.46916	8.36582	7.19928	8.43461	22.0873	47.2651	64.8004	71.8268	71.8599	67.2247	59.5443	40.9398	36.1543	55.3155	47.4967	14.7505	9.24831	6.65764	6.2294	3.73858	0.723503	1.20572	1.7049	2.37397	2.13586	1.37467	1.09186	1.83613	3.23671	2.57894	2.10848	5.09673																																									
35.8821	23.5094	39.805	45.1638	40.862	33.1222	39.7207	47.7655	42.2938	20.095	3.80722	5.33885	5.97548	4.11361	2.36763	5.60664	7.991	0.682043	11.1782	10.6204	5.09629	1.81199	2.3181	7.13467	7.29445	2.1826	10.429	8.6304	5.5759	6.15515	8.5582	7.36246	8.484	10.5619	6.95695	5.89825	11.7867	8.78448	7.89853	15.8401	12.2661	2.55608	1.07831	0.964533	1.023	1.24118	0.614805	0.852552	2.15586	1.77967	0.86942	0.994209	1.22947	1.77967	1.4665	0.964484	1.09169	0.918177	1.1437	0.994165	0.170518	0	0.994165	0.682043	0.381294	0.53922	1.023	0.762523	1.4665	1.94344	0.614805	1.09169	0.723393	1.29839	1.36389	1.24122	0.762553	0.682043	0.53922	0.762553	1.45662	1.90579	1.94351	1.92852	1.98782	2.31807	2.91137	3.03324	2.45781	2.91627					2.10827	2.66174	3.25433			3.9196	3.38086	2.55615	1.90579	1.07834	0.381278	0.341033	0.170518	0.341033	1.07834	1.60828	1.46657	1.19346	0.614776	1.71317	1.37453	1.40587	0.72343	0.341033	0.86942	0.682043	0.703023	0.918209	3.04739	9.00726	1.71319	9.16352	0.762523	1.57167	0.614776	1.33152	0.994165	0.918177	0.241155	0.762523	0.241142	0.762523	0.682043	0.852552	5.20516	13.3282	12.587	19.3384	25.292	14.2652	15.9091	13.9535	6.87222	23.1339	25.7554	7.15064	4.43767	3.40636	6.60536	4.30901	3.01884	1.5343	3.73438	3.88238	1.94344	3.13177	1.2056	3.23188	4.49251	2.27378	1.60828	4.45394	6.65728	7.1589	6.08967	8.30373	7.63541	2.48127	3.13175	4.41809	6.79089	12.8341	18.9595	17.7219	8.68915	13.0418	3.58028	7.53068	18.6201	19.9186	14.2107	7.33756	5.78044	32.8046	55.3675	63.1273	63.7128	43.5131	55.4993	66.8483	50.7028	39.2569	32.5117	50.0375	35.0877	13.4924	6.46544	6.61183	4.71785	0.762553	0.511543	0.762553	1.24122	1.67897	1.92852	1.81208	1.92852	3.10865	3.47369	3.30728	6.1177	6.79091																																								
34.5116	31.4657	39.3831	33.3828	16.9948	12.4895	14.4592	37.0083	46.3078	26.2277	1.99484	4.1167	6.84028	4.81406	1.57159	3.88205	5.32502	7.94085	10.7482	9.10419	3.3546	4.4146	5.44251	4.64359	6.37348	3.04709	10.871	8.86307	3.18193	5.91737	8.89832	8.33684	4.20368	2.53314	5.44232	14.6256	13.1712	8.79827	6.90913	15.1241	14.6172	7.45969	3.67555	0.38124	1.36377	1.03703	0.48226	0.869343	1.99484	1.61707	1.03703	1.24111	1.22936	1.19335	1.14359	0.994065	0.852424	0.614715	1.14359	1.14359	0.241134	0.869343	1.4565	1.4565	1.14365	0.702978	1.09158	1.61707	0.852452	1.09158	0.852424	0.994065	0.241134	1.29826	0.762447	0.702955	0.381261	0.511495	0.511495	0.170502	0.170502	0.539173	0.85248	0.964452	0.762488	0.72332	1.57154	1.57162	2.48105	1.36377	2.533				1.88258	1.22936	1.60815	1.81193	1.84369	1.37442	0.852452	0.38124	0.614753	0.539173	0.241118	0.381261	0.38124	0.614715	1.09158	0.241118	0.241134	0.539173	1.20545	2.04517	0.702978	0.511495	0.918129	0.869343	0.341002	0.614715	0.539173	1.02291	2.18238	10.0485	4.26838	11.6458	4.14124	1.07821	1.68746	1.37442	0.170502	1.24106	0.341002	0.72332	0.341002	0.702955	0.702955	0.852424	5.37578	8.19133	8.79133	18.276	19.5233	22.5229	15.8327	21.7418	11.3746	27.3048	25.5678	8.4042	4.74498	6.30393	6.12417	4.21035	1.14365	0.918087	2.40977	3.44409	4.58125	3.84101	1.90563	3.21357	4.45335	2.69382	1.60805	1.81193	4.20368	4.49233	4.76611	5.81697	7.292	7.05597	5.77008	6.33989	5.27341	12.4593	20.3466	15.7879	9.06259	9.52002	4.43726	26.7471	44.3372	46.1231	35.6586	12.3905	5.55733	37.9377	53.7621	57.1217	63.1099	46.8907	43.7243	64.555	63.163	36.3126	24.488	31.0394	47.615	19.5056	8.56902	7.99022	5.40247	1.71301	0.341002	0.482228	0.341002	1.4565	2.55593	2.89117	3.44836	7.44465	11.5658	11.0234	9.96826	11.2319	9.93735	6.89043																																						
37.7623	41.609	41.3238	17.404	32.5732	41.0107	46.8424	47.1933	44.4006	24.0957	4.95817	5.98404	8.03362	6.22771	4.57139	6.53047	7.31488	5.2948	3.74908	7.50851	18.9067	22.5271	16.3897	7.24452	1.84339	4.78977	7.83176	8.03362	7.06106	5.21521	5.64888	4.58061	1.57135	6.7916	12.9141	15.2559	12.2596	8.54214	7.29905	13.8733	13.0048	7.52695	4.67086	1.45628	1.22916	0.381202	0.511444	1.02281	1.67857	1.52447	0.869232	0.869232	0.702907	0.869255	1.20533	1.20533	1.02281	1.03692	1.02281	0.993965	0.170485	0.993965	0.511444	0.852366	0.917994	0.852338	1.33125	1.81162	0.681911	0.852366	0.993965	1.22916	1.36363	2.05205	1.73811	1.20535	0.702907	0.723296	1.07814	0.869255	0.381222	0.170485	0.170485	0.381222	0.381222	0.170485	0.702884	0.539118	1.09147	0	0.869232		3.27588	2.80951	1.61697	0.762411	0	0.482211	0.614691	0.723296	0.539096	0.702884	0.614691	1.03692	1.07814	0.762411	0.917994	0.614652	0.852366	1.33134	1.4056	0.964354	1.3742	1.0781	0.241094	0.994024	1.22924	1.36363	0.539118	0.241094	0.381222	0.539096	1.29813	11.3183	24.3297	33.4401	30.5196	7.29323	0.917994	0.993965	1.0369	1.54345	1.4056	0.539118	0.482179	0.381202	0.170485	1.45628	4.0987	6.69418	9.64902	13.614	8.80189	5.62832	19.3569	26.3358	3.74534	29.8435	22.4463	9.55718	2.13525	4.20326	3.80667	3.08462	1.02281	1.60789	1.57146	3.38023	3.50623	2.43957	2.22174	4.01688	3.88533	3.59171	4.04573	3.28908	2.05205	1.20533	3.35426	2.83505	4.25431	6.34393	5.65662	3.40993	3.61963	10.7327	17.2223	18.5521	13.6158	2.51564	9.22295	32.6357	44.0505	38.654	54.1115	44.7547	18.5203	32.9445	51.2895	55.9003	57.0942	46.5127	58.4088	49.141	62.6366	56.5815	3.21344	33.7795	39.3789	22.2316	21.0457	12.98	7.22062	4.00627	2.69371	2.22182	3.57969	5.7121	6.04845	6.49981	12.8796	40.4687	53.777	54.7273	44.2874	29.0793	18.2308	16.0153	13.5433																																					
22.3382	29.9856	31.557	28.7461	42.5818	36.1968	27.6336	31.1512	43.5676	32.3781	2.69334	3.27541	6.00956	4.95749	1.88223	0.852287	1.54329	5.73142	7.19851	9.52012	21.6444	20.9626	23.539	12.9204	6.65298	8.13458	7.40102	6.63808	8.10826	5.65832	3.59134	3.40964	2.55535	9.69593	13.1282	12.2214	10.4675	5.77633	9.29326	14.9947	14.3494	7.55838	3.73334	1.57122	1.09138	0.723186	0.917914	0.869155	1.52434	1.52434	0.869155	0.702822	0.702822	1.02271	1.19312	1.03681	0.702822	0.6146	0.381169	0.681848	0.482163	0.539049	0.614629	0.511396	1.37408	0.762305	0.99388	1.90517	1.14337	0.917914	0.511396	1.70416	1.67842	1.45621	2.27318	2.05186	1.24086	0.993925	1.44621	1.99453	1.40547	0.681848	0.340936	0.511396	0.539049	0.170469	0.340936	0.381185	0.702822	1.20522	1.22906	2.31741	2.65007	1.83542	1.46615	1.14342	0.917946	1.22912	1.14342	0.539066	0.241086	0.539049	0.681848	0.681848	0.241086	0.869171	0.539049	0.241073	0.702839	0.614629	0.852287	1.22912	0.539066	0.852287	1.09138	0.511396	0.381185	1.37408	0.723186	0.241086	0.511396	0.381185	0.340936	9.60175	36.5998	15.9622	38.4896	18.4252	2.69334	1.33114	1.22906	0.381169	1.03682	1.22912	0.852308	0.381185	0.340936	1.07804	3.0702	4.93129	7.98167	11.7834	13.8014	20.6338	24.5014	13.7468	14.3047	25.8866	18.8324	9.45475	2.31732	0.964257	2.21505	2.31741	1.8745	1.88223	1.61682	0.869171	0	0.99388	2.10762	4.30441	3.88141	5.00105	5.10351	3.25341	4.11943	3.6393	1.57128	1.40547	2.80924	3.44764	3.16777	1.53386	4.81317	8.02403	8.98763	10.5836	7.62562	14.7451	17.3195	26.1501	46.1459	29.6981	37.5437	48.1125	23.1288	28.8152	54.9815	63.1557	36.5079	56.2235	62.6262	56.6291	34.6455	59.595	47.8386	35.6275	22.4225	3.06553	22.4567	16.3962	7.55838	3.80625	3.50588	5.33478	15.7106	22.9069	21.6223	14.3053	20.6995	59.0184	64.072	67.0043	65.4805	54.987	36.9207	32.7823	26.2787	19.7018	10.7862	4.45267																				1.20526														
7.44212	7.15616	11.7927	22.4171	47.0483	56.5784	57.6451	55.3656	56.9195	51.0583	22.1685	11.4365	6.00433	5.77827	3.91435	2.97411	5.4407	13.6681	11.3511	5.94224	17.0177	12.2703	20.4656	21.6665	11.7644	7.83033	4.11561	5.60702	3.40496	5.03493	5.63003	4.14351	3.01276	8.8733	14.3657	13.1609	9.67619	5.27991	10.6828	15.3073	16.0451	7.20928	2.77259	1.53372	1.2051	1.37397	1.02262	0.869071	1.37394	1.33101	0.852181	0.869071	0.852208	0.917824	0.762229	0.381131	0.852236	1.24075	0.852208	0.381131	0.538997	0.381152	0.241065	0.852208	1.24071	0.241049	0.702754	1.54314	2.04458	1.90501	0.614577	1.70398	1.68687	0.340904	1.37394	1.81129	0.723113	0.381131	0.702754	1.14326	1.14326	0.869094	0.852236	0.702777	0.869071	0.538997	0.170454	0.170454	0.48209	1.33101	2.31709	2.45674	0.869071	0.511349	0	0.917824	0.170454	0.381131	1.14326	0.869094	0.852236	0.614577	1.09127	0.241049	1.02262	0.482122	0	0.170454	0.702754	0.511349	0.681785	0.852208	0.993781	0.381152	1.73774	1.22901	1.20516	1.71252	1.19301	0.539018	0.381131	0	0.241049	4.5387	33.9323	35.5898	30.4477	19.0001	6.81337	0.852181	1.03671	0.964176	0.539018	0.381152	0.702777	0.381152	0.340904	0.681785	2.51504	3.77909	4.3373	5.40885	17.6512	28.0737	23.0136	7.25694	18.6941	22.8825	18.6017	8.8986	2.22127	0.702754	1.52419	0.511349	1.20513	1.90506	0.681785	0.76227	0.614577	1.94267	1.57114	3.77917	3.07006	3.1675	2.16856	2.22127	5.65776	2.97895	2.97422	3.25313	3.06525	1.57109	1.22894	3.03192	6.75659	8.9413	10.6272	14.9928	14.1921	20.8586	19.436	29.5048	50.625	27.6559	43.0942	46.1364	14.9047	26.5717	56.9703	61.7747	21.1148	61.0344	47.4582	52.8775	47.3043	54.4813	58.0153	28.7285	14.4607	20.0454	18.9194	15.6307	6.71845	1.71252	2.05877	16.4394	44.859	52.9798	51.2367	36.5162	20.4281	64.1242	63.4429	60.4011	68.8464	65.959	51.4146	44.2042	32.7037	25.7024	15.496	11.6618																				1.44609														
8.40602	6.08646	8.27231	17.463	5.60381	18.2301	18.6342	22.2625	51.0902	54.7093	40.097	25.8828	13.5165	9.14703	4.76412	2.83424	8.0436	20.3389	16.9128	19.0655	5.48499	21.2402	9.68678	28.9521	10.2533	7.21858	7.83698	5.27956	5.94165	6.55477	7.18494	5.91471	3.6186	6.17279	13.5667	15.5922	11.2013	3.49262	9.75582	14.6997	17.7963	9.78583	2.69278	1.14314	1.20498	1.57094	1.24063	1.07783	1.07779	1.09116	0.964014	0.964014	0.381093	0.702683	0.917731	0.241041	0.34087	1.09116	1.57094	1.29782	1.24063	0.917774	0.99374	1.88187	1.09123	0.381113	0.241025	0.702683	1.52403	1.77881	1.07783	0.852095	1.84286	0.852095	1.40516	2.21452	1.07779	1.20498	1.07783	1.60743	0.964014	0.170436	0.241041	0.170436	0.614477	0.702683	0.917774	1.46588	1.75426	2.04438	2.21452	2.18153	0.993681	0.614515	0.917774	1.02251	0.681716	0.85215	1.20498	0.381113	0.99374	0.99374	1.57094	1.0366	1.02251	0.762193	0.762152	0.852122	0.241041	0.614515	0.702683	0.964014	0.702683	0.614477	1.14314	0.614515	1.14321	1.03663	0.34087	0.702706	0.723089	0.85215	0.381113	1.0366	12.2562	22.8699	18.4515	9.30351	10.5761	0.614515	0.241025	0.241041	0.852095	0.381093	0.538942	0.170436	0.170436	0.681716	2.89986	4.7247	4.30355	5.18883	22.6607	32.3991	23.4898	6.34213	21.5853	24.1092	19.0194	8.17089	2.22105	0.681716	1.09116	0.614477	0.869006	1.70387	1.87414	1.60753	1.46588	2.53202	1.09123	2.77231	2.16835	2.43887	2.21463	3.95785	6.48434	2.27269	3.27032	1.24063	3.47195	2.74609	2.42084	4.49033	9.53406	11.5024	15.4092	18.2901	17.9141	21.4338	25.332	31.754	43.2188	10.0675	49.7803	33.3659	7.52513	25.1202	56.021	58.6366	35.4599	60.6058	52.8068	39.8416	48.4709	49.5236	54.2003	24.915	3.67424	8.04407	9.05937	11.4351	5.53159	0.917774	1.29782	25.7394	55.2756	53.3867	56.4513	53.6933	23.894	63.9868	69.2531	59.2489	67.8098	70.95	63.6287	55.6366	42.8104	33.5262	23.7409	23.4042	20.5471																																	
6.75344	12.1647	15.2394	22.6741	11.0739	13.5098	13.2487	11.301	39.3369	47.8441	45.2976	37.0756	20.4148	13.5893	4.57886	3.35314	8.42047	22.8634	14.2033	17.6088	16.7706	9.90285	9.66902	24.4066	25.8998	10.2634	6.58861	3.7785	2.6438	4.3365	7.22766	6.6768	4.41557	2.55456	10.903	17.6483	15.4896	4.20164	6.51893	14.222	18.4311	10.866	3.73225	2.15463	1.73745	1.70371	1.03653	0.762117	1.19278	1.36311	0.681653	0.762086	0.614425	0.538895	0.614425	0.340838	0.702638	1.71219	1.45574	0.538895	0.538895	0.538911	0.381075	1.07769	0.762117	0.702638	0.538895	1.37371	1.53342	0.762086	0.702621	1.8817	2.24042	0	0.702638	2.05121	1.22871	1.09107	0.614453	1.60729	0.852023	0.538911	1.14309	1.33083	1.19278	0.681653	0.702621	0.38106	0.340838	1.6163	0.993596	1.77865	1.19278	0.340838	0.482	0.614425	0.538911	1.03653	0.482025	0.993596	0.723016	0.723016	0.722979	0.482	0.702621	0.241004	0.852043	1.24051	0.241004	0.723016	0.852043	0.852023	0.538895	0.538895	1.20487	0.51125	0.538895	0.917684	1.22877	1.37375	1.75408	1.61635	1.07769	0.170421	0.702638	2.31675	10.3484	7.02035	9.36879	0.340838	0.241017	0.170421	0.702621	0.852064	1.07773	0.762117	0.482025	0.723016	3.35301	5.70969	5.04802	7.13068	25.621	30.4991	17.7928	2.75107	23.3211	26.5913	15.9638	7.30604	6.619	1.90463	1.03653	0.868906	0.852023	0.868923	1.8817	1.29764	1.24051	2.72998	1.40503	1.73745	1.75408	1.5239	0.702621	3.95751	7.84517	2.43856	4.11476	1.03651	3.13919	3.66591	3.6738	4.15312	9.46985	11.8864	15.5428	14.4122	16.4045	20.7415	22.1639	17.4289	39.3142	39.5055	43.6053	29.2918	6.49507	24.4506	52.838	55.664	30.7479	60.232	46.8367	25.1556	39.9698	39.0073	51.8786	25.9763	6.12113	3.16687	1.87396	8.15289	5.30875	0	0.482025	24.6014	55.4158	53.389	22.8514	48.797	53.0782	68.4209	70.5128	58.0893	50.1498	67.1843	70.1602	70.6394	65.2861	56.4637	57.259	56.2882	49.2487																																	
3.88373	6.49678	12.9155	25.9892	17.4012	10.4531	17.5008	14.8714	33.8556	33.3542	39.452	41.8262	26.3015	15.6465	2.22063	2.31658	6.45009	19.4435	19.7061	3.87997	18.9398	14.1868	24.5955	19.1063	37.6475	19.1124	3.92787	1.20476	2.4383	4.94984	5.0985	5.7066	4.34603	0.614363	4.9557	14.9548	16.9836	6.72094	3.35698	14.5066	19.1365	11.2042	4.72382	2.47955	1.36299	1.02232	0.340807	0.381022	1.29752	1.20476	0.538843	0.538843	1.46552	0.868845	0.381043	0.481952	1.22858	1.14293	0.722906	0.538843	0.538843	0.24098	0.614363	0.9639	1.07763	1.02232	1.52375	2.36593	0.917604	0.381043	0.24098	3.82361	2.29143	2.77174	1.37363	1.94214	1.24035	1.09103	1.6865	1.2404	0.381022	0.868823	1.53328	1.37363	1.77848	0.762011	0.481984	0.917604	0.538864	1.09096	0.381043	1.37358	0.481984	0.762011	0.68159	0.917562	0.240996	0.851937	0.481952	1.09096	0.381022	0.381022	0.614401	0.68159	0.851937	0.538843	1.57064	1.57072	1.94211	0.993556	1.37358	0.340807	1.07763	0.68159	0.963835	0.851937	0.170405	0.702553	0.170405	1.07759	1.3736	1.77848	1.7035	0	0	0	4.42174	6.36131	4.26587	0.170405	0.240996	0.381022	0.381043	0.722955	0.868845	0.868845	0.538864	0.170405	2.15442	5.43915	8.44635	10.4687	21.5761	25.4721	20.6802	6.82818	21.358	30.5549	12.9665	5.24871	10.4449	5.33519	1.29758	0.538864	0.702553	0.851937	1.60713	3.12504	2.57699	3.08322	3.80468	1.02232	1.9937	2.1678	0.170405	2.79255	7.24071	3.3914	4.25569	1.20478	4.5784	4.67795	2.27227	2.10682	9.07591	14.4191	14.4191	13.6828	21.8055	20.694	8.21597	20.0963	28.0536	26.8268	27.0009	29.2387	5.21299	27.3916	50.9929	54.9246	27.6912	61.9391	36.2736	41.0689	50.9643	44.2091	58.8772	36.6121	7.50272	3.44639	2.60494	6.72079	6.49635	0.240996	0.722906	15.4548	41.4781	53.8654	37.9343	12.789	53.886	67.8069	62.1513	43.3491	5.16037	37.1941	56.9008	68.0193	67.4728	50.6276	52.1312	54.3885	57.1105	42.6836																																
3.66518	3.08291	11.0243	25.6491	20.8441	8.78601	13.2707	20.0917	39.0454	35.2106	38.8493	42.6236	27.394	13.2	1.84245	2.28485	5.16795	15.7428	18.5578	8.45772	19.2673	19.9887	28.13	22.6398	38.1683	20.563	3.12951	2.57673	4.18343	4.04329	5.10082	5.64544	3.97125	1.37341	1.5236	11.9908	16.6313	7.44305	2.07888	14.1618	18.9458	11.8298	5.09799	2.29104	0.993397	0.380984	0.170388	0.538788	1.20461	0.917469	0.761934	0.614301	1.68621	0.511151	0.511151	0.614301	1.33049	0.917469	0.702482	0.614301	0.481903	0.481903	0.702482	0.851878	0.761934	0.702482	1.75366	2.42015	0.614339	0.381004	0.381004	5.23418	1.94204	5.39885	0.538788	1.29738	0.851851	0.380984	0.170388	0.170388	0.240972	0.868735	1.54255	0.993456	1.60697	0.963738	0.380984	0.538788	0.538788	0.868735	0.851878	0.761934	0.380984	0.868735	0.381004	0.761934	0.481936	1.07748	0	1.07748	0.761934	0.381004	0.917512	0.511151	0.851851	0.614301	1.9935	0.851906	2.42015	0.851878	1.5236	0.917469	0.380984	0.963738	1.09085	0.917469	0.511151	0.538788	0.170388	1.14282	1.19255	1.67761	1.68621	0.170388	0	0	0.170388	0.381004	0.681521	0.381004	0.240972	0.170388	0.851906	0.993456	0.868735	0.240956	0.538788	0.240972	0.868735	3.50817	9.2268	12.5287	18.652	22.8995	24.509	18.4652	17.0117	30.5196	12.5653	1.60697	11.3993	8.06237	0.380984	1.61598	1.68633	2.60468	2.39014	4.11045	2.57668	2.55978	5.33198	1.90425	2.42015	2.16758	0.170388	2.29104	6.02092	1.20464	2.51407	2.31619	5.40677	4.72638	2.04379	1.57056	7.54715	14.5199	13.0321	12.5298	24.9679	24.2062	4.4213	17.6158	3.49186	21.9603	21.9236	27.2302	3.50831	35.3824	55.07	55.4493	33.0595	63.9446	39.4285	42.076	53.9171	36.9107	58.9975	40.4637	7.33353	1.14288	3.55331	5.69609	5.80801	0.722882	1.37344	9.9176	22.4285	41.1537	41.5237	34.9836	55.5443	65.1545	60.1883	51.8638	26.236	25.5933	21.3566	55.9414	64.8019	44.8522	43.1128	52.7812	61.173	48.0984																																
5.46961	3.23364	9.43773	22.6644	26.2369	22.402	23.3961	30.1231	43.1844	43.41	42.4852	36.5963	20.4237	7.35612	4.46314	4.08918	4.47266	14.78	12.0626	9.88483	15.5185	16.3213	15.6844	24.1751	18.0771	19.8112	12.4637	6.83528	4.11359	3.04478	6.51708	6.23958	3.25139	1.37335	3.44145	10.4216	15.303	8.16619	1.52347	12.642	17.4943	13.3567	7.51838	3.92714	1.45533	0.340741	0.380951	0.614249	0.614249	0.917421	0.722809	0.851779	1.14272	0.761899	0.380967	0.722773	0.993312	0.868658	0.917389	0.761869	0.538741	0.538741	0.170372	0.917421	1.14276	1.33045	1.71172	1.09076	0.761899	0.702437	0.702437	6.54549	4.53665	7.90418	3.8791	1.22836	0.538741	0.170372	0.380951	0.240936	0	0.380967	1.24015	1.33045	1.02213	0.722773	0.481887	0.702437	0.340741	0.340741	0.8518	0.170372	0.993356	1.52353	1.24012	0.614277	0.761899	1.03621	0.917389	0.851779	1.09076	0.70242	0.761899	0.70242	0.538741	1.20451	1.5704	2.40803	0.614249	1.61589	1.36272	0.380951	0.380951	0.761869	1.57032	0.851779	0.868674	1.36272	0.170372	0.481887	1.52353	1.40466	1.14272	0.240936	0.170372	0.240948	0.380951	0.380951	0.511104	0.538757	0.481887	0.538741	0.538741	0.70242	1.09076	0.170372	0.538741	0.170372	0.340741	2.27184	6.58683	10.4458	16.5727	22.4	27.2474	24.8213	18.8231	26.0822	11.6994	4.57755	11.4466	9.75227	1.94185	2.38384	3.47071	4.99821	4.21073	3.63722	3.13834	2.97279	6.52805	3.04478	2.1674	1.84218	0.538741	1.94175	5.37173	1.73695	1.83431	4.33529	5.42755	4.29186	3.19762	2.92872	6.1194	10.3829	10.9138	10.877	24.1212	23.8	13.7386	16.5114	11.3272	19.3801	24.9583	21.2623	5.40659	43.4333	58.6574	49.9205	34.3051	61.9135	48.7676	18.6065	54.4354	52.295	53.0771	34.3141	6.17745	2.05769	2.74513	4.25489	3.04478	0.917421	2.0436	6.25787	14.923	34.2834	43.6816	47.1835	57.6266	66.0219	65.0027	59.9321	37.8482	40.9093	33.8485	38.5931	55.829	57.8691	58.3512	63.5618	66.2778	53.4217																																
6.16772	1.40449	3.22893	14.4039	25.0133	28.4954	25.5333	15.4908	32.9508	44.3665	43.4981	34.9032	33.6239	21.286	2.0576	0.993213	2.10621	12.2548	12.0585	9.97239	11.2516	11.222	1.83413	13.8428	17.0461	28.0914	26.689	13.5011	6.95237	4.94843	7.66318	6.00554	2.23957	5.02069	6.70865	8.49237	12.2457	8.76464	2.0505	11.4551	16.3095	14.2618	9.58957	4.41058	2.23953	1.07733	0.868597	1.02203	0.761834	0.722748	0.851721	1.03612	1.07733	1.33033	1.37321	1.07728	0.702352	0.868574	1.07728	0.868574	0.681395	0.702375	0.851721	0.380913	0.170356	0.481814	0.851693	0.170356	0.380934	0.868597	0.53871	7.07181	4.22376	6.4593	5.76498	3.44114	1.71157	0.380913	0.380913	0.240927	0.481846	0.511057	0	0.340709	0	0.53871	0.761834	0.481846	0.380913	0.481846	0	0.868574	0.917299	0.538688	1.81025	0.702352	0.868597	1.02203	1.37321	1.45525	1.02203	0.614187	0.240927	0.702352	0.761793	1.70301	0.851693	1.61568	1.54226	0.538688	0.481846	0.963625	1.14267	0.993272	1.33025	1.07728	0.7227	1.83413	0.340709	1.03612	0.681395	0.681395	0.681395	0.170356	0.240911	0	0.380913	0.538688	0.170356	0.240911	0.170356	0.614187	0.614187	0.614187	1.09065	0.380934	0.511057	0.340709	0.380934	0.851693	3.27322	5.54456	9.05475	13.0213	15.1813	15.0562	21.1591	23.4971	11.1386	8.53708	9.58957	9.19613	0.851748	1.07728	4.15153	2.97256	3.97069	0.380934	3.40313	3.04465	6.14904	3.16549	1.70301	1.842	0.851693	1.4651	4.10969	2.7449	2.18065	8.22223	7.6282	4.20009	2.92828	2.31577	7.76792	10.8774	8.65497	6.49233	20.5075	21.2846	17.4065	21.8287	16.4869	15.2887	19.6143	10.6501	5.16697	40.7514	58.223	51.3533	47.7229	57.0949	47.271	30.0714	33.4485	41.2432	37.2285	19.7118	4.76188	3.06815	2.27162	2.59296	1.5702	1.37321	1.90392	3.64077	5.17534	14.5031	23.5776	26.4657	38.6413	57.6727	65.5127	65.3399	63.695	54.7417	47.0446	41.4592	21.0126	21.3619	27.5574	62.0939	67.4411	57.5551																																
7.51721	5.56238	4.83653	9.14064	15.0136	18.6802	16.3088	12.1381	25.3985	42.7307	49.6543	45.7338	44.6731	39.2365	3.65229	4.00285	5.1668	11.0631	16.6589	13.8424	12.1544	6.63311	3.6366	11.5722	24.34	14.6327	35.047	25.7154	8.53623	7.67173	9.25598	4.72201	5.43723	9.23827	8.86794	7.80376	9.15865	8.42474	4.34436	9.69291	15.8381	14.8424	10.3648	3.73431	2.43739	1.37307	1.07722	1.23992	1.14255	0.761757	0.851635	1.03603	0.993172	0.851662	1.45504	1.29701	0.681326	0.868487	1.07717	0.868487	0.702304	0.761757	1.07717	0.761716	0.380895	0.681326	1.14249	0.240887	0.722627	0.511005	0.340675	6.60487	4.62353	4.11625	4.42331	5.27656	3.76512	0.702282	0.538656	0.380895	0.240903	0.538634	0.380875	0.240887	0.240887	0	0.240887	0.170339	0.761716	0.240903	0.538634	0.681326	1.29708	1.46504	0.917207	1.14249	0.380895	1.1922	0.917249	1.07722	0.614163	0.340675	0.851662	1.14255	2.04321	1.53269	0.380895	1.4044	1.57004	0.614163	1.09061	1.3302	0.702304	0.170339	0.851662	1.07722	1.20429	1.87307	2.21978	1.29708	1.22811	0.851607	0.240887	0	0.170339	0.240903	0.340675	0.538634	0.170339	0.538634	0.702304	0.702304	0.511005	0.538634	0.917207	0.481798	0.538656	0.380895	0.340675	0.380875	1.9037	5.80636	10.7777	15.0961	7.30819	9.8985	16.2487	14.5495	8.19098	10.6659	5.24394	6.66297	4.57688	2.05035	3.12844	3.12847	2.79147	3.50717	3.68005	5.04305	5.26839	1.88077	1.33011	1.75316	1.23987	1.29701	2.38943	2.79166	2.47868	11.3235	8.45479	3.64064	4.26094	3.23749	9.15398	9.65102	2.21986	8.26133	19.9394	19.4643	13.8384	16.1998	12.6436	13.3183	11.6977	5.85307	20.8063	32.9708	49.9054	44.9097	43.4825	56.5861	43.8053	29.1976	7.71074	10.084	10.4452	6.44761	3.67983	3.12847	2.31556	2.74974	1.83403	2.21337	1.90378	3.35139	2.97211	3.01074	4.48778	4.20633	18.3953	40.7049	58.6592	66.4016	64.7003	55.0355	34.5074	28.119	21.2681	27.9895	44.1059	63.3433	66.6212	55.5099	10.1644																															
4.33404	5.43678	5.41565	10.4399	11.1674	14.8944	19.754	32.4698	18.4548	15.5341	29.7917	24.7459	43.6851	46.1784	6.30377	4.09478	3.23714	4.5163	7.14879	10.854	10.6024	5.17456	7.23721	6.1316	22.392	26.1764	25.4857	36.5977	9.91385	8.67259	8.7629	2.91296	8.16395	10.135	8.78909	7.52216	7.96075	5.70639	4.0417	8.78216	15.0605	14.2926	10.8739	5.33272	3.01528	1.37291	0.868422	0.868422	0.917157	1.07711	1.03593	0.851549	0.538602	0.614063	1.4648	0.761639	0.868422	1.07706	0.993012	0.702211	0.510953	0.380836	1.20414	0.851522	0.481749	1.03593	1.37291	0.538602	1.09043	0.240863	0.340641	6.38468	4.90071	2.97184	2.38921	5.1353	5.16593	0	0.538602	0.340641	0.170322	0.510953	0.702211	0.170322	0.170322	0.240879	0.340641	0.240879	0.481717	0.380857	0.340641	0.702233	2.53043	3.13755	2.55323	2.80682	1.92632	1.75298	0.170322	0.380836	0.702211	1.37291	1.75308	2.21969	1.90358	0.380857	1.9412	2.31542	1.98555	1.70278	1.81001	1.36232	0.993012	0.681257	0.868422	0.722602	2.21304	1.4649	3.38962	0.917157	1.67696	0.702211	0.240863	0	0	0.170322	0.340641	0.240863	0.340641	0.614063	1.56988	2.43724	2.31545	1.61542	1.45495	1.22806	0.851576	0.614101	0.240879	0.240863	0.993012	5.5615	13.2797	14.6249	4.57332	10.9815	8.82705	5.12144	2.0782	5.24587	10.1265	11.2975	11.6294	5.26796	1.02183	3.50684	2.38919	4.5256	0.76168	2.27116	2.57569	0.917157	1.44488	1.32998	0.993012	1.29688	0.868422	0.917157	3.02958	10.0242	9.02824	4.63869	5.26783	6.2564	4.29057	9.78395	9.38633	7.64917	18.8888	15.5545	10.4708	5.96882	2.74429	6.17566	0.868422	10.7407	30.5771	45.0453	55.7175	41.7282	52.1173	58.4939	30.775	13.1819	5.09602	2.598	4.40969	3.80283	2.83233	2.64762	1.98543	2.37091	1.44498	2.15346	2.28396	3.80288	4.43258	4.70038	5.30857	6.951	41.6661	48.8027	38.4717	33.3812	57.5712	56.2528	36.8745	38.2526	35.8753	21.8672	47.8938	61.6618	63.1642	48.5579	9.13324																															
4.49981	2.5586	2.74406	8.03756	11.9853	12.7977	17.8382	29.6351	29.4659	13.9296	15.7308	23.6308	46.5363	44.5135	9.91738	5.99674	3.74529	4.30379	3.06727	4.10873	6.45784	7.28569	8.48009	8.30238	16.723	35.0417	19.4602	38.1635	12.6973	9.21642	5.3052	2.97171	8.50154	10.8182	6.36667	6.17548	7.99736	4.01297	1.14228	7.19133	12.1887	12.405	12.4587	7.88857	3.67915	1.22788	0.538535	0.538535	0.380825	0.6812	0.868326	0.851477	0.851505	1.37279	1.61522	0.761616	0.851477	1.29677	1.07697	0.6812	0.702152	0.614012	1.09034	0.992929	0.481676	0.917037	0.761575	0.510911	1.23965	0.510911	0.380825	5.76573	5.13487	1.20404	1.94103	5.93922	5.89088	0.380825	0.481709	0.380804	0.240842	0.170308	0.702152	0.481709	0.481709	0.481709	0.380825	0.170308	0.240842	0.240859	0.380804	2.43694	3.06735	1.99264	1.61529	1.37279	1.52288	2.37071	0.538556	0.61405	1.03584	1.29677	0.85145	0.340612	0.702174	1.02174	2.66375	1.23965	0.380804	0.761575	0.510911	1.99256	0.851477	0.6812	0.868349	0.538535	1.56975	1.46477	1.90335	0.917037	0.963284	0.380825	0.170308	0	0.170308	0.510911	0.380825	0.170308	0.240842	0.380804	2.40702	1.75283	1.23965	1.03582	0.91708	1.03584	0.61405	0.538556	0.538535	0.170308	1.22788	3.61587	14.0226	14.3473	2.0779	8.48816	6.58422	2.10561	0.170308	6.58422	14.6591	2.65847	10.1462	5.04181	2.89767	2.28996	0.992929	4.32694	1.20407	2.8065	2.07096	1.45477	2.04984	1.14228	0.380804	1.19198	1.32995	1.40414	4.19864	7.60911	6.38424	8.10761	7.75105	1.32995	4.44846	7.84044	8.32105	4.35702	18.1704	11.7966	6.11717	2.83209	2.72817	7.42432	3.25013	15.6691	37.0137	52.6974	40.7433	38.6381	61.1797	55.9422	26.5908	8.39482	4.04136	3.42321	4.63821	3.66346	2.47813	2.43691	1.67682	1.32987	0.91708	1.88043	2.10568	4.80569	7.29152	6.86407	6.80786	11.2645	54.8973	59.5502	63.5264	66.0564	65.4073	61.6883	51.7704	50.4167	47.9339	47.1081	60.9324	60.3697	58.9897	42.5443	7.31281	7.85095														7.54414			7.29176	7.20717												
6.37271	4.72094	4.0872	4.13955	14.171	16.3948	12.1696	14.4713	27.9232	32.1928	34.5336	32.4074	41.6382	41.201	13.8947	5.52169	2.92715	3.63547	5.6903	5.06694	3.06709	6.41927	6.61398	6.04159	11.4765	29.8399	24.9156	25.2951	14.6949	10.2312	5.8001	6.67844	8.9909	10.1123	3.20978	6.59471	9.33663	7.64777	5.54273	7.31408	11.1428	13.0521	15.4605	13.0778	6.01756	1.53225	1.23956	1.07691	0.851419	0.868261	1.03574	1.14223	1.0903	1.56959	1.61506	0.681131	0.761498	1.03571	1.36207	1.02164	0.868239	0.916945	0.916945	1.03571	1.02164	1.19186	1.07691	0.868261	0.761498	0.340578	0.538502	4.93774	5.30467	1.0903	2.23866	5.85135	6.37238	1.90323	0.48166	0.380787	0.240834	0.17029	0.240818	0.240834	0.240834	0.17029	0	0.17029	0.380766	0.380766	0.761498	2.66348	2.43676	1.32982	0.538502	1.40395	2.89749	1.53225	0.510859	0.17029	0.510859	1.03574	1.52281	1.80967	2.28989	2.45454	2.23866	0.380766	0.916945	1.02164	0.702103	1.56956	0.510859	0	0.510859	1.07687	0.240834	0.992888	0.17029	1.20395	0.538502	0.17029	0	0	0.240818	0.481628	0	0.240818	0.17029	0.340578	2.15297	2.60319	2.13281	1.45469	1.22783	0.916987	0.380787	0	0.681131	2.10547	5.83199	7.14148	10.762	12.5053	4.85891	8.1744	6.68019	1.90319	2.04977	7.07524	14.141	7.29103	4.43165	9.88025	11.282	7.4279	4.33336	4.86454	2.51263	2.92715	1.07687	1.80955	2.16634	0.992829	0.17029	0.380766	0.240834	0.992829	3.42287	7.92882	6.89819	5.33163	7.33162	9.67927	7.29103	3.60776	4.35658	6.66541	15.015	15.5117	11.1975	10.1251	9.72957	8.45436	6.91463	17.1677	40.2201	54.4259	17.0113	49.5614	54.3861	41.1213	15.928	8.13484	6.01306	5.72558	5.93882	4.76927	3.38913	2.91242	1.56963	0.510859	2.47797	3.50631	3.92539	6.96603	10.816	12.7117	19.3551	37.2414	59.8031	65.3382	60.3096	61.0511	55.8949	49.8713	31.9428	12.9191	15.7238	56.6518	65.1128	57.5907	54.6464	35.6357	5.09509	5.48532	4.79639	5.32926	5.01876										22.6818	25.7113	22.7218	11.4455	6.91472	8.81885												
5.43514	5.06667	4.49891	6.16474	18.0863	16.357	13.1751	9.00275	22.4956	35.7242	41.8901	40.3955	35.2959	36.2804	17.2846	6.44532	6.94903	7.63765	6.91219	4.4216	2.23848	4.78372	5.16469	7.14076	8.25645	15.3335	14.3511	12.8642	22.3518	14.9041	6.74775	8.24608	8.94324	6.58302	3.75606	8.659	8.258	7.14076	6.9654	6.1276	7.78614	10.9947	14.7512	16.2357	8.76691	1.88007	1.40385	1.37257	1.37257	1.23944	1.0768	0.916895	0.681063	1.37249	1.52257	0.992729	0.538426	0.681063	1.14205	0.992729	0.851278	0.851278	0.70201	0.851306	1.03563	1.29658	1.45454	0.761463	0.538426	0.380748	1.03563	5.6922	5.54964	0.851306	3.38866	4.18063	4.55915	3.41837	1.23944	0.613926	0.510807	0.380728	0	0	0	0.380728	0.380748	0.481611	0.510807	0.170273	0.868151	1.14205	1.37254	1.90297	0.380728	2.65776	1.75248	0.510807	0.170273	0.613888	0.380748	0.510807	0.340543	0.510807	1.36193	1.60599	1.14211	0.380728	0.992729	0.613926	0.851333	0.916852	0.481579	0.170273	0.681063	0.538426	0.761422	0.481579	0.851278	1.09012	0.380748	0.538426	0	0	0.170273	0.510807	0.481611	0.538448	0.340543	0.170273	1.22763	1.2038	0.868174	1.19174	0.851278	0.613926	0.380748	1.07676	1.56951	2.72762	5.09741	3.19575	7.05031	7.00381	6.82116	8.91336	6.4431	4.80482	4.20834	6.46295	10.5717	8.32765	6.25421	7.0608	10.384	6.7875	5.6518	3.60716	3.08079	4.6404	0.868151	1.94061	1.46438	1.20383	0.681063	1.07676	2.05659	2.36424	2.07054	8.37119	8.50635	1.94064	3.44373	4.99536	4.33292	2.07059	1.52266	5.69228	9.62016	12.7211	10.6097	4.85811	6.41863	4.11493	12.6413	12.2788	40.0058	58.2825	29.9971	55.5296	57.8601	40.0576	7.7331	6.74749	5.27188	4.90247	4.92576	3.91391	2.28331	1.03563	1.03563	2.55808	2.8972	3.23624	3.92494	6.86658	10.8351	15.1675	27.4873	47.0131	61.7553	65.6084	40.0649	15.3224	25.4826	34.6072	6.77935	48.8535	59.7905	62.7006	64.1703	57.469	50.6908	26.286	5.40316	3.48929	0.761463	2.28331	3.71369	3.50601	3.65108	4.01216	4.62204	4.5594	3.58734	2.92704	3.76382	19.8196	30.8963	23.9323	23.5991	12.5596	9.18412	7.98485												
2.89685	2.57473	5.54917	10.3921	18.7973	5.46599	16.5291	23.8016	22.8024	26.9032	32.1251	33.4872	32.7936	29.4576	15.6299	5.8088	5.19459	4.19744	2.28931	1.45435	1.67634	2.40639	4.68649	5.52874	3.65057	12.6714	22.5572	6.14593	21.2246	15.4421	3.92462	9.56686	7.97931	3.84687	3.74411	8.72113	4.22136	2.88685	6.00214	5.23024	5.79878	8.8491	11.7502	15.6338	10.109	1.9847	0.510765	1.0901	1.40374	1.23929	0.613836	0.613836	0.916775	0.992645	1.22753	1.37237	0.380696	0.761358	1.2964	0.916775	0.851207	0.538381	0.701951	0.538381	0.510765	0.613874	1.02145	1.07667	0.538381	0.510765	1.5693	5.97591	3.96825	2.64122	5.15577	2.38833	1.5693	4.2486	1.90284	0.510765	0.613836	0.481539	0	0	0	0.380696	0.340515	0.380716	1.14201	1.84106	1.60585	0.851262	0.613836	1.71059	2.76956	2.10508	1.46426	0.340515	0.701973	0.240774	0.538402	0.380696	0.380696	0.538381	1.37237	0.701973	0.916818	0.868101	0.613836	0.380696	0.24079	0.340515	0.340515	0.761399	1.20375	0.761399	0.538381	0.613836	1.14195	1.14195	0	0.613836	0	0	0	0.170259	0.24079	0	0.380696	0.170259	1.22753	2.21222	2.74327	2.93659	2.52939	0.170259	0.240774	1.94045	0.510765	1.23934	4.99771	6.70485	9.73309	5.49742	5.8577	5.43197	4.95154	4.25208	1.87991	3.71325	7.16377	8.79038	11.932	10.4551	8.1455	8.49914	8.45099	4.29926	2.07744	4.56504	1.37237	1.60575	1.23934	1.90291	2.21232	2.69	2.31444	1.52253	1.77702	5.88921	8.23483	4.51463	2.43631	0.170259	2.76937	2.04931	1.19164	3.13619	4.22136	4.68618	17.3519	12.4904	15.0852	0.868101	16.2998	7.29515	32.8246	58.6408	50.5213	46.7724	57.2125	46.1678	7.34549	6.22629	3.0664	2.60264	2.81595	2.17926	0.538402	2.10508	3.34133	3.01427	1.87991	2.66299	3.82035	5.6209	8.97497	19.8896	35.514	49.3185	64.902	52.7968	46.9808	58.1946	55.307	46.9877	40.2227	62.5086	61.4266	62.2703	63.8719	56.7965	40.5437	15.1687	5.64881	4.14916	1.23934	1.84106	1.02145	0.916775	1.60585	2.59161	1.9256	1.73576	1.14195	0.613836	3.3541	28.6479	30.4907	12.3621	21.2421	14.546	10.8762	7.54151												
2.74305	7.47321	6.22138	11.6815	21.0156	27.1059	28.2737	29.7607	35.4523	38.1572	31.4106	14.6044	14.6942	13.211	6.6698	3.38803	3.46808	5.39431	3.30174	1.54123	2.1048	2.05621	3.55028	2.41824	5.99681	13.0316	21.1769	9.14939	16.9073	15.7101	4.83065	7.8855	4.73172	7.43709	9.08642	13.7723	11.7928	10.3703	8.61042	9.11539	11.6051	13.6125	14.1893	13.6112	8.57893	2.31421	0.380678	0.380657	0.962912	1.4442	0.722214	0.722214	0.962912	0.722214	0.962912	1.32935	0.538326	0.992545	1.14184	0.867991	0.867991	0.538348	0.867991	0.680937	0.538348	0.34048	0.851121	0.962912	0.380657	0.380657	1.70187	5.33011	3.42189	2.04904	4.63643	1.71039	0.851148	3.58655	4.08242	1.71039	0.851121	0.380657	0.240765	0.170242	0	0.170242	0.34048	0.680937	1.71039	1.08999	0.722214	1.20363	1.32944	1.4443	1.46421	1.20363	0.992545	0.34048	0.851176	1.23917	0.380657	0.170242	0.380657	0.380657	0.992545	0.538348	0.510713	0.170242	0.170242	0.510713	0.538348	0.481522	0.380678	0.538326	0.48149	0.380657	0.240749	0.48149	0.992545	1.07656	0.538348	0.34048	0	0	0	0	0	0.240749	0.170242	0.170242	1.08991	2.88656	2.16572	1.80904	2.81567	1.0766	0.240765	1.6146	1.37231	0.916725	2.97041	5.77115	7.35827	4.8097	3.58659	6.87999	6.10783	3.76298	1.23917	2.7483	5.59762	8.82307	10.307	10.2734	6.67872	5.7982	7.30406	3.97877	4.14901	3.24901	1.67617	1.23921	1.92541	2.17918	2.27016	3.55015	3.60254	1.6146	1.29627	3.37519	5.01709	4.33212	3.50537	2.72183	2.76909	1.90264	4.08242	4.66441	3.77449	5.91769	22.6751	17.7583	22.4302	16.546	7.61573	19.1103	32.1748	54.2495	61.213	60.9865	56.0286	40.6875	9.35491	6.31007	3.41779	1.8797	1.29627	2.38809	2.1322	3.06144	3.92422	5.42362	9.35806	21.3156	26.8099	19.6075	6.91302	21.2424	39.1546	50.236	61.6606	53.6004	66.6813	61.4895	66.4262	69.3179	68.8723	66.6498	59.7119	57.1872	54.6301	38.3938	17.5212	7.84957	5.16352	4.68571	1.70187	0.380657	0.34048	0.916683	0.868013	0.70188	0.481522	1.19152	1.03542	0.34048	5.08804	34.7407	26.7637	21.6071	17.3266	12.7767	14.1737	7.42149												
4.73713	6.36317	2.55169	7.48206	20.5604	29.2484	24.2482	28.835	32.2157	47.8908	51.7048	21.5388	9.11603	7.49511	6.49643	5.24044	2.89645	3.84584	4.67302	2.90625	2.81538	2.89637	2.9113	3.00892	6.68643	12.6146	20.6742	19.9376	11.423	8.81561	12.1037	2.92621	5.50695	12.3478	13.1682	16.536	16.6103	15.8347	13.2733	15.473	18.5826	17.2755	14.3534	9.54031	4.57363	1.84057	0.680868	0.170225	0.91659	1.0898	0.851062	1.03531	1.03531	1.03531	1.32922	1.0898	0.340446	1.07645	1.07645	0.851062	1.02124	0.701832	0.851062	0.867925	0.701832	0.70181	0.992445	0.680868	0.761245	0.481474	1.14172	4.71885	4.14833	1.08988	4.2512	4.20351	0.701832	0.761245	3.13562	3.57414	2.38178	0.867925	0.613751	0.701832	0.340446	0	0.240741	1.37212	1.90245	0.91659	1.75198	1.03531	0.761245	0.85109	0.481474	1.22728	0.916633	2.59109	1.98441	2.0559	0.701832	0.613751	0.72219	0.85109	0.340446	0.340446	0.170225	0.170225	0.240741	0.380619	0.240725	0	0.170225	0.380619	0.240741	0.380639	0.340446	0.538272	0.340446	1.20351	0.85109	0.340446	0	0	0	0	0	0.240741	0.481474	0.380639	0.992445	2.5516	2.07	1.67609	1.44405	1.3721	0.240725	0.510662	1.0898	0.916633	3.77402	4.95904	3.95295	7.11445	6.49643	9.18507	10.1745	8.45114	3.41744	1.37215	0.867925	3.77411	7.81099	6.67555	2.21188	1.0898	6.70321	8.41915	2.83089	2.81553	0.851062	0.538272	0.916633	0.851062	1.6846	2.88627	3.16305	2.21177	1.94009	2.64069	3.57412	3.88332	4.38455	5.4336	6.22052	3.53754	4.99369	5.43088	7.07683	9.15287	21.9171	20.6129	16.8335	31.573	26.6866	8.39073	11.3604	26.1186	35.6711	35.2185	29.2717	21.6973	5.77057	2.97023	1.37215	0.240741	1.75208	3.06594	3.9129	7.37511	14.3885	17.481	23.6105	47.5347	53.8705	52.198	31.1662	13.6266	31.6459	51.5467	62.0774	65.8357	62.4817	53.7871	61.6614	67.0957	67.3061	63.6329	57.0483	48.1999	36.0496	17.8758	9.13573	6.91405	4.11349	3.95295	2.72687	1.80898	1.60553	1.45412	1.56906	2.07702	1.9025	1.46397	0.538272	2.15214	7.86327	36.3308	20.7132	27.1388	12.0886	10.736	15.1631	6.95297												
4.29786	8.10304	4.24739	5.97422	15.8003	11.5175	13.3701	27.2302	25.2859	36.4132	55.5248	44.4987	12.9219	8.39035	7.66635	6.91185	7.48144	5.52466	1.6143	4.08513	4.13417	3.54949	3.06549	2.47681	3.66154	6.94453	11.9381	16.9228	16.3733	8.39017	7.70489	12.8005	14.3133	17.6882	8.94771	13.0765	13.9824	13.4034	11.6916	14.8322	15.7634	9.12774	4.26101	1.70155	2.15196	1.75183	0.701751	0.680811	0.86783	0.916513	0.72208	0.850964	0.613661	1.08971	1.46384	1.03523	0.538249	1.08971	0.962734	0.380587	0.680811	0.916556	1.03525	0.86783	0.538227	0.701751	1.03523	0.851018	0.851018	0.701773	0.17021	5.19577	5.61677	2.13181	2.91101	5.53984	2.78937	1.46394	0.851018	2.21816	3.43813	1.70161	0.761181	0.916556	1.02116	0.380607	1.53153	2.40575	1.0764	1.56882	1.68446	0.76114	0.613661	0.240705	0.380587	0.850964	1.92493	1.99142	1.93993	2.15196	0.992421	0.761181	0.761181	0.538249	0.481401	0.340417	0.240705	0.680811	0.613699	0.850964	0.510619	0.380607	0.240705	0.340417	0.340417	0.240721	0.340417	0.17021	0.613699	0.240721	0.538227	0.538227	0.380607	0.481433	0.380607	0.17021	0.17021	0.340417	0.240721	0.613699	1.36143	1.22718	0.850964	0.850991	1.29603	1.68446	0.240721	0.613699	1.37198	0.613661	2.47681	6.66894	8.61685	11.2579	5.52429	2.6019	6.96278	9.51739	6.94443	5.32674	4.51335	1.23894	7.51685	6.82873	2.81529	2.47672	5.52429	11.0692	1.83256	3.00847	1.93999	2.38765	1.2961	1.37203	1.67586	2.40565	2.68921	1.93993	2.04872	2.40571	2.38763	1.93999	1.75193	3.0656	8.24271	6.94625	4.4844	5.13195	7.65125	7.97693	12.8157	21.6127	20.2185	13.4063	37.5099	37.8659	20.8594	4.48759	5.78989	7.79757	8.92078	15.0563	2.31378	0.992421	1.46394	1.61437	2.04875	2.51159	6.29087	11.4639	14.4065	8.0755	16.4137	48.543	32.9883	45.9384	44.9421	29.677	14.4252	22.6342	37.4827	40.3351	34.0531	27.2664	30.3491	33.9812	36.6577	40.2429	35.3151	24.1491	14.9697	8.80712	7.23853	6.06671	2.45324	2.36936	2.6019	1.84053	2.68938	2.68935	1.94002	2.13181	2.74245	2.66223	0.992421	7.34933	17.9601	29.9729	13.3414	24.8753	12.5517	10.8924	11.5029	6.5109												
4.19605	5.97362	5.64916	7.32525	13.4475	12.6896	8.02035	4.48714	22.7269	21.1706	44.0549	54.6025	41.4219	17.4758	2.16511	1.68429	1.67578	4.10597	5.03875	3.87516	2.05552	4.33069	5.09219	1.87146	1.37192	2.55122	3.2347	4.03885	10.2421	17.8215	8.41799	7.28087	13.0928	27.6884	15.1335	6.07115	9.7141	10.9888	10.4208	11.1032	9.50454	0.761063	0.538194	0.916421	2.17842	1.84023	0.761104	1.07629	1.23881	1.32897	1.23881	0.510567	0.380549	1.22706	1.14151	0.916421	0.613599	1.20323	0.850878	0.380569	0.510567	0.380569	0.867743	1.22706	0.380549	0.510567	0.850905	0.722056	0.538194	0.613599	0.240681	6.48834	6.68282	2.5513	3.39987	6.2239	4.38347	0.510567	0.850878	0.380549	2.6402	2.72105	1.32906	0.916463	1.23881	0.538173	1.92473	1.07625	1.90215	2.06962	1.03512	0.613599	0.680742	0.613637	0.340383	0.340383	2.1042	2.74217	1.7099	1.4637	1.02105	1.46379	0.867743	0.850905	0.850905	0.538194	0.70168	0.850878	0.380549	1.0896	0.380549	0.340383	0.538173	0.170193	0.170193	0.240697	0.340383	0.380549	0.340383	0.701702	0.701702	0.340383	0.240681	0.170193	0.340383	0.380549	0.240681	0.240681	0	0.761063	1.07625	0	1.2959	1.22706	1.4637	1.61414	1.14157	1.22713	0.380569	0.761104	0.701702	0.340383	8.18352	12.1886	6.68507	2.6891	2.28843	7.26897	6.43112	0.510567	4.69671	3.56944	6.59072	7.11139	5.16228	4.07775	7.79694	9.21034	1.14151	4.10925	2.74217	3.07939	2.4354	1.20331	0.722008	1.99122	2.60164	2.21793	1.87916	2.26944	2.36299	1.52186	1.23886	1.37187	7.77501	9.42184	3.36567	3.75429	11.377	6.35304	3.24804	13.577	24.1748	30.0805	8.61285	38.7195	37.8097	16.6835	1.70138	10.1779	10.193	14.5479	1.0896	0.510567	0.722056	1.20328	1.73509	2.06957	5.70207	7.06511	8.629	9.36885	16.3451	45.3056	49.188	32.0544	24.9567	47.1256	45.3657	39.5795	29.3164	24.4257	14.8787	5.70237	5.64699	10.0202	14.8596	15.6084	9.16789	8.38926	7.6449	4.73016	4.40637	4.85584	2.05552	0.916421	1.87919	2.96971	2.28858	2.38134	1.84035	1.90217	3.17617	3.13504	5.16228	15.2129	23.8661	10.9279	16.1764	21.0048	13.1929	6.81977	7.98114	5.99983												
4.3239	4.0914	6.7688	5.04077	7.43425	12.2471	13.5758	11.3245	28.7206	17.2191	16.7781	43.8245	52.3717	37.0975	2.38715	2.6887	2.13126	1.19106	3.12566	4.48376	4.89683	5.43989	4.79295	1.45364	0.701631	1.37176	3.26994	4.80817	6.62698	14.6478	17.7136	13.4351	7.30127	26.7528	18.836	4.46752	2.26922	5.27167	8.17632	7.83434	4.99227	0	0.538118	1.23869	1.98373	1.22693	1.61404	2.5283	3.07904	2.21765	0.916329	0.613575	0.510516	1.22693	1.20311	0.992162	0.613537	1.08949	0.701609	0.481336	0.680674	0.481336	0.916329	1.46355	0.380531	0.53814	0.701631	0.53814	0.613537	0.538118	0.53814	6.35241	7.4339	1.1414	2.6887	6.29161	5.22779	3.48753	3.02718	1.56858	1.36116	2.55663	2.28201	1.70976	1.45364	0.850819	0.992162	1.68423	2.06941	1.07619	0.613575	0.510516	0	0.240672	0.240656	0.170176	0.992162	1.99102	1.07619	1.07614	1.5685	0.240656	1.80834	0.760987	0.38051	0.170176	0.701609	1.07614	0.510516	0.850792	0.170176	0.340349	0.38051	0	0	0.170176	0.510516	0.680674	0.760987	0.170176	0	0.240672	0.170176	0.38051	0.340349	0.538118	0.340349	0.340349	0.240672	0.992162	1.1414	0.680674	0.510516	1.87127	0.701631	1.02095	1.14146	0.53814	0.850792	0.380531	0.340349	0.170176	5.48165	10.8662	10.0785	7.72182	6.87751	5.45303	5.09168	4.83172	5.76645	2.51109	4.40923	5.16165	6.39488	1.70973	7.86817	4.99221	0.916371	3.12545	3.26533	1.60507	2.96939	2.06941	0.761028	0.992162	1.99102	2.06936	2.06941	2.74189	3.28298	2.21771	1.83227	1.70976	6.7688	9.43432	5.32829	3.71157	13.4351	9.61009	2.9351	4.92296	14.4966	31.1581	30.9435	20.3685	41.9226	26.0506	5.30113	9.27951	12.036	8.56266	0.680674	1.03504	1.29584	1.14146	1.93954	2.9351	3.61308	5.16165	4.76608	6.34569	10.122	20.1723	30.7863	37.1987	45.3119	52.2927	59.7145	57.3067	52.3912	44.5795	11.7239	7.14273	5.93505	6.02098	8.94594	8.3885	6.25079	6.44149	6.27343	4.09129	3.98081	4.20566	1.83219	1.56861	2.4529	2.51109	1.70126	1.75148	0.680674	0.510516	2.78881	3.00806	10.1059	11.8975	16.5769	13.9058	17.5328	12.5076	9.18694	5.45303	7.29163	3.87458	4.16463	6.02098										
4.44478	4.70824	6.21824	3.92228	3.20735	6.68385	5.99873	9.93867	24.6199	11.8619	4.56904	23.6797	53.6707	46.5906	5.57969	5.22751	5.16971	5.36537	3.91133	1.80819	2.04108	2.47601	2.65602	1.68398	0.721923	1.44362	2.85014	3.96262	4.56904	9.13277	24.4693	19.9218	9.77461	25.2349	18.1399	5.28446	3.96599	1.1413	1.45359	1.70112	1.56837	0.538073	0.481264	1.03493	1.93937	1.80831	3.50366	2.51088	3.96238	2.68844	0.701572	0.701572	0.760923	1.32873	1.46342	0.613486	0.701572	1.20304	0.867605	0.613524	0.680616	0.380499	0.992078	1.29566	0.721923	0.701572	0.538095	0.680616	0.867582	0.538095	0.613524	5.80035	7.55974	1.60484	1.98356	5.01186	4.46715	2.76798	2.6398	2.74166	1.19096	1.23863	1.87112	2.21747	1.22683	0.701572	0.510473	0.613486	0.613486	0.240636	0	0.240636	0.240636	0.170162	0.510473	0.538095	0.538073	1.03493	0.962524	0.680616	1.40293	1.80831	1.23858	0.680616	1.22691	1.80831	1.84001	1.45359	1.08947	1.60493	1.9245	1.46352	0.538095	0	0.170162	0.34032	0.538073	0.240636	0.867582	0.613524	0.538095	0.760964	0.962524	0.613524	0.34032	0.510473	0.538095	0.380499	0.380499	1.07605	0.992078	0.34032	0.760923	0.867582	1.03495	0.380478	0.867605	1.37159	1.29566	0.481296	0.510473	0.481296	2.21101	6.60905	9.60976	10.4547	10.6032	9.1925	4.75677	5.64812	4.09094	0.992078	2.55066	3.58478	6.90954	4.48338	2.97386	10.3348	13.5612	7.72847	2.21747	1.61384	1.46342	1.98368	3.84468	3.44148	1.40293	1.90172	1.36104	2.2817	2.52792	1.67547	2.59571	2.96914	6.16992	8.38773	5.68849	4.72929	13.0804	10.8243	4.94855	5.26844	10.4809	24.3398	36.4049	21.4272	36.6229	28.0329	10.105	11.8153	13.8052	10.9679	5.76613	3.13461	2.59013	2.52808	3.41618	5.2602	5.01499	4.61896	4.25976	9.9538	23.6366	28.8395	30.6424	52.4877	61.5217	48.8928	42.257	43.0726	58.8802	55.4754	11.5509	5.15304	6.27331	7.26804	7.14197	6.05094	4.6713	5.1805	5.43134	3.61278	3.96238	3.95149	1.90179	1.60493	0.916294	0.34032	1.60484	1.20304	1.37167	0.701572	2.52792	3.06462	6.81217	7.93938	16.7161	18.0627	9.05593	1.5684	5.63805	4.20209	4.63426	1.77594	2.43495	3.49959	5.09424	4.7295	7.19157	8.8367						
6.37851	7.37182	5.31126	1.20289	3.34774	6.30641	5.55607	14.9349	18.5738	7.45156	4.63379	15.1067	54.2699	46.5663	4.49563	5.02584	4.80429	5.66044	6.37818	3.60048	2.06898	2.1036	2.68817	2.04788	1.03483	1.14125	1.67521	1.83971	1.54037	3.30007	21.4937	29.2355	8.57954	31.4541	24.3001	6.23132	2.96875	0.916159	1.08936	1.2956	1.53094	1.3609	0.992037	1.07599	1.99065	0.701479	1.56824	2.89001	3.65996	2.04788	0.701479	0.613424	0.850635	1.32859	1.46328	0.38044	0.170144	0.867495	0.867517	0.680548	0.613424	0.240612	0.760846	1.03483	0.538041	0.538019	0.340286	0.538019	0.701479	0.538041	0.481247	6.16922	7.78554	2.21732	2.38673	4.78307	3.7416	0.850662	1.23846	1.77576	2.26886	1.3715	2.1778	2.5953	0.916159	0.340286	0.38044	0.850662	0.850662	0.538041	0.481247	0.538041	0.38046	0.340286	0.38046	0.38046	0.170144	0.170144	0.38046	0.538041	0.38046	0.538019	0.170144	0.85069	1.2385	0.72185	0.170144	0.38046	0.38044	1.20294	1.68392	1.70095	1.07594	0.170144	0.240612	0.170144	0.510421	0.38046	0.170144	0.538041	0.38046	0.701479	0.38046	0.481215	0.170144	0.170144	0.170144	0	0.38044	0.991978	0.38044	0.481247	0.481215	0.538041	0.538019	1.22671	1.54035	2.40478	2.15113	0.240628	0.240628	0.481247	0.701479	1.9016	4.86064	6.9092	6.82651	6.45171	6.13926	2.31292	6.00773	1.93924	2.15113	1.70089	4.10824	4.72903	5.3991	11.3994	11.286	14.3596	4.25933	2.04796	1.75125	1.52142	2.90989	3.79902	2.2173	2.4167	1.23846	1.75115	2.36232	1.08936	0.613462	1.46328	4.71966	7.14297	7.55339	6.44028	10.6367	9.51378	10.6215	7.20069	6.94383	16.386	31.0755	31.829	29.3065	19.6287	13.4894	25.6779	26.2441	20.7734	12.0339	6.99275	2.5278	2.52783	3.75327	5.55583	4.32966	4.63713	4.29638	12.4339	37.99	43.2963	46.0304	56.7268	56.9719	6.94168	36.7051	37.3289	55.8258	57.5784	18.3044	5.27851	3.75327	4.89878	5.35678	5.42834	4.24921	4.72882	4.66156	2.52766	3.41994	3.76083	2.10366	1.32868	0.916159	1.23846	0.38044	1.52151	1.701	1.61368	2.21724	1.87863	5.59445	5.8345	5.27886	5.3005	6.60622	3.85177	6.98035	1.56829	1.75115	1.99074	1.20294	1.45338	1.93915	3.12508	8.28071	8.78008	11.0506	8.50057	10.4072	9.7012		
6.57773	6.74414	6.11058	10.2666	16.0063	20.4536	22.0599	24.3699	20.6799	14.6632	16.3024	23.0388	51.9604	44.3236	3.01184	3.60416	3.12473	4.76468	5.91375	2.88463	1.83167	2.13065	3.064	2.21051	1.54019	1.02066	1.03472	2.10339	2.10339	1.37131	12.5035	32.0235	18.4399	28.4435	29.8204	7.57322	1.56813	1.92412	1.92412	1.61358	1.77565	2.28136	1.93905	1.22658	2.13065	1.83175	3.24692	3.2246	2.06877	1.37131	0.991879	0.916067	0.867407	0.991879	1.14107	0.86743	0.6134	0.701409	0.613362	0.721729	0.721729	0.170127	0.537965	0.760769	0.537965	0.537965	0.340252	0.537965	0.51037	0.537986	0.481199	6.23521	7.77204	1.37131	1.08918	4.52046	4.80352	1.23833	0.991879	0.380422	1.45323	2.6879	2.52744	1.80782	0.850577	0.701431	0.380422	0.537965	0.760769	0.380402	0	0.170127	0.380422	0.380422	0.170127	0	0	0	0	0.170127	0.170127	0.380422	0.850577	0.680479	0.850604	1.08925	0.76081	0.481199	0.991879	1.32846	0.537986	1.37131	1.08918	0.340252	0.380422	0.380422	0	0.340252	0.481167	0.380422	0.481199	0.537965	0.240588	0.613362	0.170127	0	0	0	0.481167	0.850549	0.170127	0.170127	0.380422	1.03475	1.37139	2.04067	2.04773	2.3682	2.6879	0.481167	0.170127	0	0.721729	0.240604	0.481199	0.340252	0.537965	1.67505	6.81081	1.75098	5.46962	1.20282	1.45323	1.20282	1.03475	3.2644	7.64748	11.3196	4.61177	12.1684	8.84865	0.962265	0.86743	1.67505	3.11995	2.26857	3.20652	2.40454	2.40458	2.2171	3.10147	1.45323	2.13077	3.41978	3.54777	5.69736	8.01689	6.87512	7.30515	9.59637	8.2392	2.90459	1.83167	6.91055	15.689	19.1003	16.588	2.4756	29.7441	29.2794	28.0342	35.0373	39.3454	27.8952	3.44079	1.90144	2.40454	4.21811	3.37293	2.68793	2.57279	13.929	40.6538	46.4931	36.9122	47.3366	36.649	29.6883	37.2142	36.3682	37.7253	53.0732	37.1552	11.4561	9.61207	5.31044	3.64776	3.76045	2.96845	3.35152	3.72581	2.17758	2.55015	3.20652	1.60451	0.481199	1.70078	2.15091	1.02066	1.54019	1.2954	1.80782	1.61351	1.29547	1.53079	1.08925	1.22666	1.40265	2.96842	3.48654	3.4196	1.46322	3.04056	4.58693	3.71052	2.57275	1.40265	1.40261	6.35957	4.11115	7.14238	6.85694	12.5463	15.5801		
1.23826	2.60045	17.8041	25.0559	24.6901	20.4689	15.7194	24.0858	27.1721	28.2571	28.2159	21.5623	45.2208	43.9806	4.72793	3.61175	2.58926	3.59981	3.9101	2.0475	1.60438	2.13047	2.97301	2.13047	1.29529	1.14097	1.08909	1.52114	1.80767	1.60438	5.35564	25.0041	28.9485	19.2687	30.1791	7.47673	2.1775	2.1642	1.83945	4.02621	8.15425	9.58092	7.87273	4.77922	2.41625	1.75083	0.701347	0.537918	1.14097	1.29529	0.915988	0.850477	0.721668	0.721668	0.537918	0.701363	0.680416	0.962185	0.760704	0.481126	0.760704	0.170112	0.481126	0.721668	0.380369	0.537918	0.380369	0.380369	0.380384	0.537934	0.48115	5.63639	7.7714	1.32835	0.850477	3.61175	4.75512	1.98308	2.80335	1.40252	2.07553	3.87687	1.4531	0.867347	1.60445	1.56798	0.867347	0.701347	0.850477	0.481126	0.170112	0.170112	0.537918	0.48115	0.510323	0.170112	0	0	0	0.170112	0.34022	0.170112	0.537918	0.701363	0.916019	0.850519	0.537918	0.380384	0.850477	1.03463	0.48115	0.760704	1.22648	0.240567	0	0.240567	0.240567	0.240567	0.721668	0.170112	0.240579	0.170112	0.240567	0.481126	0.240567	0	0.170112	0.380384	0.34022	0.61331	0.481126	0.34022	0.170112	1.08909	1.37122	1.87057	0.380369	3.06377	2.68769	0.850498	0.613339	0.537934	0.850477	0.701347	0.991838	0.916019	0.380384	1.46301	4.78218	4.25855	3.66716	1.83937	0.915988	0.850498	1.03463	3.19275	6.36801	8.66212	6.30511	9.68601	10.1184	2.26837	3.46542	3.53539	1.08914	2.40432	2.68769	1.23823	2.07553	1.32835	1.9012	3.23316	3.17466	1.80767	2.1032	4.14562	7.14166	6.90756	5.47982	4.94735	5.28296	7.01359	3.76013	3.79821	5.93504	5.60606	3.06374	23.6153	34.9652	18.1345	24.3329	46.6842	50.8343	47.6401	7.79338	2.52732	1.40252	3.24643	4.45612	4.13524	5.28311	14.4453	32.263	50.2342	45.3302	32.4165	15.0364	36.7745	32.6359	38.5932	4.08998	43.0476	48.6903	11.2813	13.8733	10.4048	5.0616	3.53523	2.36188	2.41625	3.36409	2.78778	1.56793	3.06374	2.31246	1.40248	2.28747	3.9102	1.80776	1.03463	1.52114	1.73426	1.56798	1.60445	1.61342	1.32841	1.46308	1.77548	1.90125	1.80776	1.90125	4.51072	13.301	14.0126	10.6777	2.57252	1.90123	1.40252	4.56115	5.93249	3.61175	6.21419	15.7348	17.3331	15.781	3.77173
5.69668	9.07877	28.0171	38.9888	39.9712	43.2004	43.307	45.079	42.8843	39.3172	32.2783	22.9022	40.088	41.0026	5.03841	4.00774	3.29892	3.16066	3.2638	1.93859	1.37106	1.90099	3.06344	2.41601	1.20255	1.32821	1.75065	1.61322	1.14086	1.22636	0.76067	11.1649	26.7205	20.4048	26.3744	4.55443	0.721644	2.80311	7.33892	12.2549	12.5442	9.91412	9.66788	7.29787	2.59456	1.75065	0.510276	0.537865	1.22636	1.22636	0.760629	0.481078	0.680354	1.03455	0.850419	0.613249	0.867247	0.991695	0.613249	0.340189	0.680354	0.701301	0.701279	0.701279	0.613287	0.850419	0.701279	0.380352	0.380352	0.340189	0.240559	6.20431	8.68877	2.74595	2.21669	3.50217	4.20034	2.21675	2.50977	2.07532	2.17718	3.43994	1.40239	1.22643	1.07568	1.37109	1.23815	1.45302	1.70895	1.1905	0.510276	0.680354	0.850419	0.380352	0.510276	0.510276	0.240559	0.240559	0.170096	0.240543	0.170096	0.380352	0.380352	0.170096	0.481078	0.240559	1.03455	1.03455	0.850392	0.537865	1.37109	1.40239	1.9828	0.240543	0	0.240559	0.613287	0.613287	0.701279	0.340189	0.170096	0.170096	0.380331	0.613249	0	0.380352	0.537887	0.537887	0.613287	0.86727	0.510276	0.380352	0.613287	2.07532	2.40409	0.91594	1.61322	2.96787	1.32821	0.680354	0.510276	0.380331	0.760629	1.07564	0.701279	0.613249	0.170096	1.08898	2.43391	3.41487	2.74595	2.04737	1.40239	1.2026	1.23811	2.8841	5.63583	7.94476	6.71508	7.44946	9.96255	1.8704	2.655	0.721644	2.47506	1.67474	1.37111	1.52107	1.9828	1.20255	1.29516	1.60422	2.96787	3.26829	3.20593	5.23623	5.41877	3.96447	1.83133	3.02557	7.77789	5.38972	6.412	2.13026	6.34959	7.63898	7.79261	25.1115	30.3923	0.867247	12.4654	33.6632	40.7223	51.7226	10.2049	4.10715	4.42688	7.46688	10.3988	12.2415	13.5462	12.7144	17.7773	40.9091	56.0029	51.8004	12.3388	24.1057	21.6581	33.8607	15.6225	31.3285	48.9769	11.0734	12.2543	14.1406	8.01551	4.27493	3.56741	3.49805	3.3723	2.36165	2.17732	4.10707	4.41375	2.10306	4.92358	7.4271	6.3788	1.80761	1.90109	2.81341	2.81341	2.64429	2.924	2.52711	2.17732	2.36787	2.28094	2.28727	3.00665	10.4345	16.573	11.4323	14.7175	2.63878	3.12416	2.78768	4.46543	5.61302	2.74065	15.3968	26.412	25.3215	23.0403	0.481078
7.99211	21.9544	37.5707	43.8726	35.9266	38.9274	42.0892	41.8317	36.599	31.5949	30.5564	27.1331	36.972	32.4081	3.96407	4.21691	3.13288	2.97241	3.58304	2.05414	1.52084	1.80731	2.89379	2.59429	1.45281	1.45281	2.05414	1.75048	0.961991	1.14074	1.37092	2.96769	15.838	20.4483	12.876	2.37974	1.75058	7.56187	12.7992	10.3083	3.17404	10.1672	12.2665	6.90621	1.75048	1.52084	0.701231	0.680285	1.37092	1.22623	0.680285	0.850361	0.991654	1.02037	1.22623	0.961991	0.613187	0.701209	0.680285	0.510224	0.380293	0.481029	0.613187	0.537833	0.721571	1.03443	0.850334	0.721571	0.701231	0.537833	0.481062	7.74257	9.16925	1.56771	2.28059	3.06313	3.37197	3.13294	4.07502	2.38581	1.14074	2.36753	1.83123	1.32817	1.19038	1.19038	1.07557	1.22631	1.90087	2.04714	1.07557	1.20248	0.760593	0.510224	0.340154	0.510224	0.380313	0.170079	0.240519	0.170079	0.170079	0.240535	0.380313	0.170079	0.340154	0.613225	0.481062	0.991595	1.83114	1.61312	2.04009	1.56764	2.54942	0.380313	0.481062	0.537833	0.481062	0.481062	0.510224	0.170079	0.240519	0.240519	0.481029	0.721523	0.380293	0.510224	0.380313	0.510224	1.20248	1.08894	0.613187	0.680285	0.510224	3.00615	1.75048	1.23802	1.52084	2.05414	1.37097	1.02037	0.680285	0.240535	0.481029	0.850306	0.760593	0.991654	0.680285	0.701209	1.20245	1.90082	1.2951	1.70878	1.56768	1.53977	1.70029	4.32779	5.06058	6.06672	7.78257	3.63097	10.6859	3.22809	1.73392	1.68327	1.08887	2.31215	3.74041	3.43981	1.46281	1.22623	2.43364	1.56768	2.26792	3.54676	4.19305	6.06672	5.30893	4.07502	2.63852	1.67457	6.47111	8.85461	7.34398	3.26796	6.82344	5.52005	5.08879	18.181	30.0113	11.997	7.04439	27.751	38.2635	46.3198	11.3601	5.63555	7.23318	13.8449	26.0873	38.231	40.2671	30.4205	11.3509	17.5454	39.6964	57.3392	34.2427	35.8795	35.195	29.7855	14.7385	16.9409	40.2634	28.6487	14.962	15.1638	9.14489	4.6321	3.60313	5.10288	3.77088	3.53474	3.96433	4.07855	4.45529	1.22631	8.90774	6.12089	9.64968	2.66032	2.28704	2.28071	2.52682	2.28704	1.93852	1.83911	2.1638	2.58887	2.50965	2.52685	4.61673	13.7709	8.08987	14.0862	11.7078	3.02546	3.43978	3.2988	7.44136	6.6531	4.338	21.9779	23.5307	26.3687	26.1708	3.8315
9.39708	26.2808	38.0275	38.7207	22.1331	4.49339	7.11412	16.7255	9.6833	10.6452	23.1359	28.1706	29.4783	18.4354	3.90907	5.68278	3.75906	3.20533	3.61072	1.83884	1.67442	2.12986	2.78698	2.3118	1.45269	1.40208	2.2162	2.16347	1.22613	1.08878	1.32797	1.07543	0.867099	0.480989	6.10147	8.15369	7.22667	10.7878	11.7198	3.54654	10.69	12.1931	9.17314	3.3374	0.613135	1.22613	0.721462	0.240499	1.29492	1.37083	0.991555	1.98977	3.67408	3.99637	2.68693	0.867083	0.850255	0.701147	0.613135	0.480989	0.613135	0.537764	0.240499	0.240511	0.240499	0.991511	0.240499	0.240511	0.537764	0.380276	0.481013	8.00515	8.62233	1.93831	4.07816	5.09974	5.94057	5.26805	2.76631	0.760518	0.537764	1.08878	0.915726	0.537764	0.867083	1.02027	0.867099	0.613164	1.03434	1.93826	1.2379	0.701163	0.240511	0.510177	0.510177	0.340123	0.340123	0.38026	0.240499	0	0.240499	0.240499	0.240499	0.240499	0	0	0.240511	0.915726	2.04691	1.3708	0.760487	1.83884	2.2867	0.170063	0	0.240499	0.170063	0.240511	0.380276	0.481013	0.240511	0.170063	0.537764	0.613135	0.38026	0.510177	0.380276	0.613135	1.32797	0.480989	1.3708	0.340123	0.480989	2.36732	2.68703	2.76635	1.56756	1.07543	0.701147	1.20235	0.850255	0.613164	1.03435	0.701163	0.480989	0.170063	0.721462	0.38026	0.701147	1.52071	0.510177	0.96191	1.14065	1.23787	1.90065	4.89334	5.08836	4.48054	7.4481	3.87209	10.8832	8.76117	0.613164	0.867083	2.59971	2.88869	1.32803	1.37083	1.61291	1.52071	2.97216	0.680222	1.93824	4.28411	4.93998	5.84368	5.46761	2.78698	0.340123	0.850255	1.7338	2.43352	2.26772	5.28146	5.03465	6.2853	6.4108	12.0651	25.2584	24.2312	9.34947	13.5223	26.7666	41.35	19.3799	7.79114	8.3964	19.1396	42.7077	54.7418	55.7273	54.0503	45.8698	38.9418	37.2644	58.3266	41.7459	39.6586	39.9982	28.1639	13.2087	11.9104	31.939	45.5987	30.5945	20.6681	11.8727	6.74555	3.49755	7.17745	6.34839	1.52077	1.40212	3.96374	3.84223	0.915758	8.74986	3.24566	8.75148	0.850255	0.991555	1.19027	1.2379	1.32803	0.991555	0.850276	1.14069	1.87775	2.15017	3.0394	8.60789	12.3494	1.75033	13.0247	6.16634	2.40371	2.93321	2.43352	8.77391	5.20256	5.46001	19.8934	16.8469	28.6868	20.5887	2.40359
10.7046	26.6587	41.9527	37.2993	15.0855	9.71842	10.0334	17.1626	16.1911	5.00879	10.837	15.5962	15.9883	9.63805	4.50905	5.4278	3.81561	3.64605	3.15976	1.46244	1.45255	2.36097	3.0247	1.98223	1.40195	1.52056	2.64336	2.41532	1.22601	0.991412	1.32783	1.32783	1.03424	1.20228	9.41392	4.93968	8.52199	9.40074	9.85319	3.46404	12.6444	13.0813	8.45553	2.50905	0.701079	1.40195	1.20223	0.721438	0.701079	0.850149	0.380223	2.36097	3.07671	4.40592	4.19225	0.537712	0.760412	0.850149	0.721389	0.48094	0.613074	0.537712	0.170047	0	0.380223	0.915636	0.380243	0.240491	0.537712	0.170047	0	6.97634	7.1687	6.07299	6.9052	5.42798	3.41385	2.16325	0.915679	0.850204	0.867	0.760412	1.2022	1.53947	1.32792	0.240491	0.680159	0.537733	0.867	1.45255	1.02018	0.613112	0.380243	0.340092	0.537712	0.380223	0.240474	0.48094	0.240474	0	0.170047	0.380243	0.380243	0.170047	0	0.170047	0.51013	0.867	1.69992	1.20223	1.93817	2.23552	1.45255	0.240474	0	0.240474	0.240474	0	0.170047	0.380243	0.380243	0.170047	0.48094	0.48094	0.170047	0.340092	0.48094	0.48094	1.29479	0.340092	2.31172	2.82795	1.46254	0.380223	1.45261	1.61282	1.56742	1.56742	0.680159	0.867022	1.40199	0.991471	0.51013	0.170047	0.48094	0.340092	0.613074	0.240474	0.48094	1.32783	0.340092	1.1406	1.87758	2.89336	3.79686	3.96343	6.13798	5.38819	4.19225	8.964	7.56049	13.7021	1.32783	1.52056	2.76593	0.537733	1.69998	1.29486	1.98952	1.90044	2.92298	0.721389	1.56732	3.81561	6.94581	6.21861	4.36339	1.98952	0.701079	1.20225	1.46254	1.90052	3.28051	5.87468	4.82209	3.81558	4.78035	9.64793	17.636	27.5807	28.8116	22.8845	28.2738	45.6505	36.1109	14.1839	9.64793	27.6286	50.1325	49.7281	21.4227	33.4414	35.9172	49.1105	52.1993	53.807	28.9989	36.1869	43.1413	38.3498	25.0118	30.0026	34.1111	51.9782	50.6736	33.7667	13.4813	9.06497	3.43918	5.20189	8.28086	1.07533	1.60376	4.80424	3.39686	0.613112	5.32418	5.158	4.93951	0.240491	0.991471	1.83089	1.93817	1.75025	1.52064	1.32792	1.29486	2.21604	2.73987	3.79686	9.44949	6.74063	6.6366	9.41392	4.50886	2.28662	2.76606	2.21611	8.54138	5.63432	7.65362	10.7508	7.56078	19.5335	10.6748	2.38537
11.6767	20.152	40.3235	41.6255	17.4116	4.99104	14.924	16.0985	11.158	8.31442	7.26433	3.38383	5.03647	4.0062	2.21581	2.97157	2.82749	3.58202	2.82749	1.37053	1.44241	2.41508	3.00529	1.80679	1.37053	1.74998	2.65398	2.28624	1.3277	0.961716	0.915544	1.53931	1.73343	0.961716	8.64673	8.9991	2.31146	4.07386	6.73795	6.96794	10.266	11.9971	8.71603	2.92269	1.23763	1.29466	1.07522	0.340057	0.24045	0.721317	0.380184	2.12944	3.26709	4.42502	3.8152	0.613012	0.721317	0.850064	0.701008	0.680091	0.701031	0.915587	0.915587	0.537679	0.340057	0.680091	0.760376	0.61305	0.701031	0.760376	0.61305	4.98796	5.14889	1.23763	3.17324	4.63095	4.78014	4.41216	3.26715	1.77464	1.37053	1.29466	1.90028	1.61259	0.760335	1.19004	1.14048	1.22596	1.35999	1.40181	1.03416	0.991371	0.991371	0.991371	1.03416	0.866912	0.380184	0.480892	0.24045	0	0.17003	0.240466	0.240466	0.240466	0.17003	0.380184	0.537658	0.760335	1.08856	1.14048	1.67417	0.721365	0.61305	1.56727	1.69986	0.991371	0.61305	0.61305	0.701031	0.61305	0.380184	0.17003	0.480892	0.480892	0	0.380184	0.760335	0.340057	0.721317	1.69975	2.54878	2.96685	2.21584	1.19004	1.14042	0.850064	0.701008	0.760376	1.4524	0.613012	1.07526	1.19004	0.380205	0.340057	0.380184	0.17003	0.537658	1.56719	1.98215	0.721365	0.991313	1.02008	2.55444	3.40085	2.04656	1.29466	6.28626	6.43599	1.07522	9.87618	3.91932	14.4834	2.89307	1.40185	1.93788	1.98215	1.20213	0	1.37056	1.07522	2.43297	2.37906	2.40311	4.63078	6.58658	5.69668	5.47724	5.87445	4.10908	1.37061	0.480892	1.74998	2.5487	4.77987	7.11244	3.24494	4.13342	8.31593	10.9984	18.7017	36.7381	36.3817	7.532	32.8524	38.472	25.1652	6.10733	27.8728	47.3148	48.8633	53.1569	47.9299	37.2819	31.5448	23.9077	15.6702	34.1551	20.8854	37.2543	43.2168	32.3689	34.5379	40.0285	26.3192	45.4	44.9056	22.8937	9.48529	2.10219	5.79599	5.69413	3.53373	4.56552	7.9845	6.93706	1.22596	1.93788	1.07526	2.26734	3.06245	3.29786	3.06245	2.68654	2.43307	2.52613	3.37123	3.87152	3.97402	4.82479	9.36587	15.6278	10.0413	10.5516	7.63581	4.59352	3.0246	3.34549	3.24507	7.33573	8.45966	3.96303	2.65398	5.63367	13.2355	8.93996	8.37005
14.7	20.0208	29.4824	39.8977	31.7433	9.93025	2.54854	4.60866	8.0454	14.858	18.5822	14.8365	9.26911	6.82116	5.98677	6.24741	7.11211	7.28881	4.71308	1.52027	1.74983	2.31114	2.76542	2.04633	1.60346	1.74983	2.31114	1.92273	1.37041	1.14032	0.991272	2.12935	2.89278	2.31123	2.21557	9.6504	5.16505	3.56973	8.34062	13.4275	14.5258	12.7352	6.9691	1.52027	1.40168	1.45227	1.03404	0.866852	0.680028	0.76027	0.380167	0.537611	1.80673	2.5542	1.83832	0.866835	0.866835	0.866835	0.680028	0.680028	0.537627	0.612989	0.866852	0.850013	0.537627	0.537627	0.510032	0.380152	0.240442	0.721293	1.08852	2.92244	5.05872	4.92124	6.59277	6.51255	5.05891	3.75041	2.90767	2.36054	1.93768	1.46217	1.68254	0.850033	2.57108	1.69969	0.991272	1.08852	1.69965	1.70811	1.07516	0.915497	0.760301	0.760301	1.01998	1.18993	1.03406	0.866835	0.340026	0.380167	0.537627	0.480876	0.380167	0.170015	0.170015	0.537611	0.866835	0.850013	0.380152	0.537611	1.08852	1.77447	1.60354	1.37047	1.2946	1.35986	0.612989	0.537627	0.510032	0.24043	0.76027	0.380152	0.760301	1.01998	0.380167	1.03404	1.03406	0.760301	0.866852	1.83832	2.45044	2.1495	1.52027	1.08847	1.22578	0.61296	0.849992	0	1.37041	1.46217	0.24043	0.991228	0.612989	0.700947	0.61296	0.170015	0.480852	3.4964	1.98195	2.36665	0.991228	1.69961	2.54848	1.93768	0.680028	0.961684	4.82425	8.6379	4.51772	8.52023	4.47948	9.60122	5.23397	4.33634	2.10205	0.76027	0.537611	0.850013	1.56711	1.7499	0	2.3849	4.63341	6.59245	3.20442	2.65919	2.102	1.45232	3.00986	1.98186	0.380152	1.67395	2.36665	2.93233	7.16737	4.52717	4.71634	7.06412	8.97667	11.082	29.1678	41.4908	36.8563	30.7898	22.3555	28.6082	6.26772	22.7364	34.546	35.481	43.7169	35.421	48.1558	49.767	38.9498	39.4555	35.3075	11.629	35.5317	44.1151	32.1935	27.2349	39.4866	34.6084	21.7184	46.9344	30.3341	11.3655	5.08692	3.67286	3.00994	2.81204	4.41491	6.96917	10.7949	2.78632	2.68624	2.43283	2.65389	3.03853	2.78632	2.58788	2.27983	2.50869	3.20456	4.10516	4.47948	4.77966	5.15688	10.4732	14.0652	6.96917	13.2446	6.32185	4.91832	3.11805	2.88787	2.88289	7.3255	7.42321	1.93778	4.69198	3.22245	8.30481	8.13395	8.61865
21.9215	23.8857	24.797	39.315	43.1572	21.6296	2.2089	2.93205	3.72322	7.96692	5.30938	16.678	12.8131	5.13139	5.25803	4.65788	5.0415	9.11621	7.82593	1.80646	1.8999	2.27952	2.59308	2.07413	1.69944	1.69944	2.17594	1.69944	0.760195	1.80658	2.59323	1.83028	2.59308	3.05708	6.38867	6.61991	4.3258	7.63458	9.95173	10.317	9.01797	5.79999	1.5669	0.612937	1.52012	1.46203	0.700879	0.679965	0.849934	1.01989	0.53758	0.380114	0.961539	0.961539	0.849907	0.760195	0.760195	0.700879	0.679965	0.679965	0.509984	0.169999	0.380114	0.700879	0.612937	0.760236	0.866752	0.537558	0.509984	0.700901	0.991188	3.13147	6.13858	5.533	1.37033	3.2041	3.63315	3.13141	3.00474	2.6426	2.40266	0.760195	1.73315	1.83825	1.73311	0.700879	0.380114	0.169999	1.14021	1.52012	0.700901	0.915418	0.915418	0.700879	0.721184	0.509984	1.01989	1.20189	0.760236	0.760236	0.612937	0.480835	0.612937	0.700901	0.480835	0.679965	1.40155	0.915418	0.509984	0.169999	0.169999	1.22566	0.53758	0.380114	0.700901	0.849907	0.380135	0.53758	0.169999	0.537558	0.480803	0.612899	0.169999	0.99113	0.760236	3.22657	3.13161	2.12916	2.43259	3.54522	1.98178	2.28582	0.537558	1.18982	1.6123	0.679965	0.849934	0.679965	1.08836	1.68237	0.240422	1.6034	2.41479	2.26686	0.760195	0.169999	0.480803	3.58136	1.74976	2.27952	0.760195	1.68237	2.59308	1.70795	1.03396	0.240406	1.69944	5.84146	4.94413	7.44548	5.42634	3.84823	3.06188	4.77926	5.46572	3.396	0.866775	1.14021	0.700879	0.849934	1.5669	0.380114	4.25561	7.80077	4.82379	3.26194	3.41288	2.41479	1.83028	2.43249	1.23744	1.77431	3.06172	1.77424	5.16455	3.73852	1.4522	2.26686	5.46563	8.49801	15.9151	26.9788	23.5269	18.0934	10.9915	24.9124	8.83579	24.003	24.4095	12.7166	16.7923	14.1311	35.8257	48.2373	42.7414	25.7311	41.8999	6.373	29.9157	41.4317	36.7751	11.1849	25.6605	26.5145	20.6499	47.9563	26.8441	11.5508	5.5123	2.26686	1.77431	2.43249	3.12223	4.62993	9.0623	2.12916	1.5202	1.69949	1.22573	0.679965	1.03394	1.77431	2.12916	2.21548	2.31103	2.57085	3.22217	4.19128	3.22217	7.04913	13.3627	8.49331	11.2186	4.29254	4.58334	3.66483	2.26692	2.27964	7.04112	3.87056	2.93205	2.31106	5.00709	7.78845	9.92935	5.59471
21.4947	24.2105	20.9572	30.3433	43.7895	38.4434	17.4961	8.28649	10.4558	15.6071	16.2101	13.5212	13.3723	3.56502	3.74969	4.6141	5.38633	8.74738	8.28621	2.43225	2.14907	2.36618	2.74398	2.26663	1.89974	1.77407	1.83795	1.23727	3.06154	6.07066	5.46528	5.38339	2.73871	5.51692	5.04078	2.16257	3.3359	9.94091	8.96085	4.41404	1.67361	1.03384	0.849876	0.612875	1.74948	1.45199	0.915325	1.07496	1.14016	1.3596	0.915283	0.380076	0.915283	1.14009	0.760118	0.760118	0.760118	0.509933	0.679897	0.679897	0.679897	0.537526	0.537526	0.679897	0.380096	0.33996	0.915283	0.700831	1.20179	1.45205	1.22561	3.41668	6.30028	4.55138	0.700831	3.48333	3.72263	3.00443	2.88717	2.59841	3.13115	1.37019	0.721159	0.961506	0.509933	0.480755	0.537504	0.169982	0.915283	0.99103	0.849876	0.915325	0.849849	1.07491	0.866665	0.480787	0.849849	1.23732	1.37022	0.961506	0.721159	0.612875	0.612875	0.866688	0.537526	0.700808	1.51997	0.169982	1.07491	0.849876	0.961506	1.73293	0.915325	0.700808	0.240398	0.700808	0.169982	0.169982	0.537504	0.612837	0.380076	0.537526	0.760159	0.700808	1.14009	3.581	0.700831	1.46188	5.10001	5.47569	4.41406	2.90211	1.74958	2.10165	2.50808	1.07491	1.32741	1.70781	1.1897	1.67361	1.87685	5.29803	5.40752	5.38612	1.3596	0.612875	0.509933	1.8301	1.6737	0.537526	0.866665	1.51997	2.07393	0.849821	1.01979	1.1897	1.29429	2.68563	2.59297	6.51319	5.87243	1.51997	0.612837	0.760118	3.81411	3.65647	1.29436	0.915283	0.380076	0.33996	1.52948	1.37022	2.07393	5.59397	6.0138	4.19753	4.4108	2.41455	1.92247	3.07557	1.60324	1.67361	3.27924	1.56675	3.12189	2.80114	1.83018	1.69932	2.90715	6.76972	11.6642	16.3805	15.1085	15.2289	13.5761	18.0817	6.61908	21.3998	23.4509	20.7598	15.1428	10.8589	22.8185	28.3621	23.1931	43.3501	31.8028	31.2608	27.9384	28.9952	41.8358	18.1962	13.1915	25.0345	26.4174	44.379	18.0911	9.9659	3.56895	1.46197	2.68574	3.60115	2.28574	4.56392	5.22177	2.59297	2.41455	2.2667	1.6122	0.991088	1.93732	1.46197	1.74958	2.16257	3.9183	4.63272	5.30885	5.69534	4.51689	2.71768	7.76547	0	7.73821	3.38287	2.93175	3.23069	2.90715	2.59848	5.84082	1.74948	3.39555	1.23732	11.7665	5.63245	12.1303	2.74398
12.4334	14.8786	20.001	26.5325	30.0145	38.3388	27.8409	8.64022	4.94292	5.99224	13.5313	15.8216	12.791	7.59438	8.00803	7.93918	7.5665	8.11954	6.16291	2.36597	1.89955	2.21494	2.82645	1.74933	1.32721	1.44187	1.32721	1.45191	4.76019	3.56873	3.29648	6.85434	5.35118	4.61353	4.49084	6.8504	9.57853	8.60958	2.84677	2.65854	2.96572	1.56664	0.866605	0.509886	1.51984	1.40128	0.700763	0.760084	1.89963	2.84685	2.59818	0.537457	0.612785	1.07482	1.01969	1.03376	1.2372	1.07485	0.84977	0.679834	0.700763	0.849791	0.915236	0.866605	0.700763	0.509886	0.849791	1.93722	1.98139	0.99099	0.380059	2.50787	6.29074	5.04034	1.01969	3.36976	3.97595	3.00418	2.44974	1.44187	2.31051	2.20847	0.99099	0.612814	0.700763	0.537457	0.380043	0.537457	0.700747	0.700763	0.537474	0.612785	0.721051	0.760053	0.915236	1.2017	1.2372	0.99099	1.07485	0.99099	0.96141	0.915236	0.612814	0.700763	0.99099	1.73281	1.87668	1.29418	1.51984	0.612814	0.380059	1.23717	1.03376	0.380059	0.240361	0.612814	1.56666	1.69921	1.40132	1.20166	0.760053	0	0.240361	0.169966	0.990946	3.07525	2.92175	1.2017	5.89855	2.84685	5.18572	1.73278	1.77391	2.04579	3.49541	1.45186	0.866605	1.73278	1.20168	1.89957	6.80042	12.3296	10.6263	9.75234	1.73278	0.849791	0.849791	0.509886	0.721051	0.84975	0.480714	1.46176	2.2854	1.69917	2.43213	2.35997	1.73281	1.07482	0.380043	5.49834	7.04783	1.86897	3.24382	2.20847	3.03754	3.23041	3.49556	3.2615	3.2615	2.89204	2.36605	2.40234	3.12176	3.41639	5.16359	4.10388	3.56871	3.96168	5.16657	5.0997	3.56871	2.90186	2.76468	2.23441	2.20847	3.43751	4.32516	4.02278	3.72635	4.91984	8.54248	10.9189	11.3435	15.4176	17.1409	12.0216	3.39959	13.4553	7.88571	15.5754	8.3264	23.8986	37.4277	37.0521	30.657	28.494	17.665	35.9558	30.2712	33.1367	40.4854	17.8266	31.7821	39.3041	42.6536	44.1004	8.37833	4.00472	2.76478	7.53655	12.3166	15.2147	12.8543	10.2624	6.86894	5.08572	4.6137	3.60885	3.20365	3.20365	2.47325	1.83788	2.64225	4.17331	5.79399	9.43949	15.3997	16.5428	15.0592	13.6779	11.0443	4.7301	7.03777	3.3355	2.89198	3.49965	4.63226	3.76852	4.34814	1.56661	3.95787	2.07375	12.0303	10.5756	13.1525	5.38316
10.1407	5.43272	20.2638	30.1268	27.806	33.2227	31.7336	21.6851	10.4482	4.6287	3.38238	3.58034	3.83966	3.96109	3.43701	2.58679	3.06085	4.1899	2.82616	1.83761	1.74916	2.12844	2.63644	2.4319	2.37795	1.89939	1.6733	1.03365	4.07548	5.74914	6.2995	4.59141	1.44173	5.59311	6.81876	7.9383	7.85788	4.10689	1.03365	0.849719	2.59234	1.29406	0.915114	0.509839	1.23705	1.51969	0.849719	4.52549	8.61549	10.2685	10.6111	7.22194	2.88672	0.849692	1.0196	0.866528	0.915156	1.20157	1.18948	0.866528	0.760019	0.612762	0.700701	0.915156	1.07476	1.32716	1.89946	1.4617	0.679771	0.537405	0.380026	1.23705	5.00567	6.0127	1.93694	3.48269	4.24087	3.58034	2.4318	1.03365	1.36989	1.13988	1.20157	0.849719	0.866528	1.07472	0.339898	0.509839	0.679771	0.509839	0.612724	0.537405	0.849692	0.915156	1.08812	0.990906	1.03365	0.537427	0.679771	0.537427	0.612762	0.915156	1.08812	1.56653	2.59249	3.03741	1.56653	2.17532	1.36989	0.915156	0.849719	0.679771	0.759978	0.240337	0.339898	1.29406	1.7738	1.7738	1.61184	1.32708	0.759978	0.480698	0.240353	0.16995	0.380006	0.849692	0.679771	1.60285	3.23012	5.63141	2.78529	2.76449	3.03741	2.43183	3.29616	1.56653	0.16995	0.849664	1.03365	1.6733	8.12024	9.31788	7.23527	10.5897	2.4319	3.06101	3.84739	3.73759	2.76454	1.4617	0.380026	1.83761	2.88664	2.14868	2.21477	2.96549	4.48102	4.92825	4.31819	2.0456	6.53594	7.00077	4.02244	5.76132	3.59639	1.60294	3.13072	3.97581	4.10716	3.27879	2.36574	0.480666	1.60285	2.26621	3.34376	3.49915	1.52919	3.7947	3.60057	4.59137	4.77474	4.34791	5.23204	5.29705	3.84739	4.58217	4.77486	3.8734	4.02244	4.9887	7.15092	8.00005	7.41323	10.9447	11.5376	8.55181	14.4659	15.4556	15.0151	16.9053	12.8407	33.7681	35.3023	13.7329	29.8239	35.207	28.8356	24.5128	22.1152	19.6688	34.7016	5.60078	39.0046	10.272	48.8613	42.9955	4.10356	8.04247	27.3856	47.4118	52.9384	47.9716	35.3209	21.9791	12.1823	7.77725	6.84987	5.46428	4.34466	4.71461	4.00458	3.11689	8.47267	14.0037	18.4227	33.2118	46.7056	52.2841	50.6421	38.6644	20.0544	11.8939	8.54168	6.24512	7.87266	8.94707	9.39145	6.81873	2.8466	0.612724	2.8916	3.2655	2.72246	8.52557	8.79714	5.8693
7.77079	6.81808	10.7296	29.0516	30.1157	29.0284	38.0006	34.2687	16.0313	6.60678	5.30735	6.60023	5.75094	6.78458	6.28291	4.98538	5.44524	4.85439	2.4137	1.56627	1.36975	1.8763	2.37771	2.06641	2.35939	1.83743	2.1618	1.70732	3.48257	4.71108	5.03109	5.2642	4.81919	9.11266	7.6685	11.0805	12.0922	5.53088	0.339863	1.82966	2.4018	0.759902	0.915022	0.537373	1.13977	1.80576	2.26598	7.94804	9.30235	9.44379	11.7302	12.0587	7.29891	2.21457	1.03354	0.679703	0.537373	0.866418	1.03354	0.86644	0.700631	0.537373	0.537373	0.537373	0.700631	1.40105	1.22526	1.22518	1.20145	0.339863	0.240329	1.07461	4.6558	6.43235	2.27864	4.56263	5.15424	3.06054	1.46146	1.20143	1.36975	0.509788	0.86644	0.849634	0.86644	1.36978	0.86644	0.509788	0.509788	0.679703	0.849606	0.759942	0.86644	0.961232	1.08801	1.01949	1.13977	0.339863	0.509788	0.509788	0.679703	1.22526	2.12834	2.73809	2.21463	0.509788	1.73244	1.60268	1.07465	1.51962	1.69889	1.46155	0.537373	0.339863	0.700631	1.46146	1.01949	1.35921	1.60268	1.32694	0.537351	0.240329	0.48065	0.915064	0.990806	0.961232	1.7073	1.07461	1.23692	0.759902	5.0195	5.4453	3.38204	3.5315	1.69878	0.849579	0.612662	0.169933	0.720905	1.20143	6.43254	11.7846	10.0797	6.53529	1.92192	4.24066	5.12397	5.66114	5.1739	3.6556	2.10105	1.82958	2.31002	2.04539	2.90128	2.64159	4.98809	6.81808	7.13265	4.82205	1.9809	9.73907	6.20786	7.15021	6.26477	4.25083	2.73799	1.73244	1.98102	3.2208	3.63175	0.48065	2.20799	5.07887	4.36061	2.55298	0.759942	3.5315	0.240313	2.96504	3.96078	2.88651	3.56812	5.63071	4.67757	3.60021	4.07154	2.73804	2.05239	2.31002	4.72297	6.43256	5.63842	2.64176	3.86907	4.43854	16.0982	19.6366	7.50286	16.4271	26.5193	32.0386	22.2441	18.2227	22.0205	27.4505	25.3398	15.5383	11.2833	36.2208	45.6904	7.77599	34.2994	44.0852	48.1314	27.6262	3.20306	10.2672	40.3178	55.717	55.8479	57.0855	49.8027	32.009	14.2626	6.22394	5.35821	4.82205	3.3479	3.49903	4.34748	2.88154	14.714	19.2454	29.4193	48.6844	58.3497	58.1218	54.9753	44.0996	21.933	11.7911	8.79293	6.34384	6.95182	6.71548	6.13179	6.16171	1.93684	0.849606	1.74898	1.87632	3.29583	5.32051	2.68484	2.37771
7.74807	4.40268	7.96323	26.2383	22.1887	8.63765	31.1675	34.1102	16.1481	6.44275	3.79379	4.3237	2.88606	3.7212	3.66294	3.91674	6.00444	6.15409	3.11609	1.52889	1.70715	1.67297	2.07313	2.12801	2.17488	1.9216	2.28471	2.07313	1.13965	1.32681	1.44144	1.22506	1.46141	10.1576	12.9675	12.4313	12.0268	4.47986	1.07454	1.73227	1.45143	0.509736	0.759825	0.914972	1.86842	2.43131	4.1719	8.42247	6.53023	2.81029	4.45105	10.2981	9.05034	3.65506	1.0745	0.679635	0.509736	0.759825	0.700538	0.679635	0.679635	0.537319	0.537319	0.537319	0.849548	1.52889	0.849521	2.07313	0.70056	0.480602	0.169916	1.08783	4.68901	6.35174	1.61151	5.26335	4.92694	1.74881	1.13965	1.32681	1.08783	0.537319	0.612639	0.759866	0.849521	1.0745	0.866331	0.70056	0.759866	0.849521	0.679635	0.537319	0.679635	0.537319	0.612639	1.2013	1.45143	0.509736	0.339829	0.509736	1.03344	1.35908	1.5383	1.03346	1.13965	2.21433	1.52889	0.240289	0.759866	1.07454	0.914972	1.03344	0.612639	0.866353	0.537319	0.612601	0.720881	1.03346	0.612601	1.18925	1.18925	0.37995	0.509736	0.679635	0.537319	0.612639	0.990647	0.37995	0.849493	1.89898	4.47665	3.73671	3.07439	4.33362	2.26576	1.0879	0.240305	1.22514	0.961136	0.169916	1.5383	3.57971	2.54715	1.53828	2.26576	4.10267	4.03227	4.80086	5.51768	4.74677	2.90599	1.01939	1.32681	1.2368	3.29544	3.39425	7.96832	7.60873	7.69182	7.91355	2.78455	6.4319	8.68019	7.22053	3.41122	1.53828	4.18905	3.53115	1.52889	3.6275	4.6891	2.68474	2.90603	7.13152	0.91493	1.36969	2.07313	3.6275	2.06625	1.13965	3.63139	2.73771	3.34756	2.90603	1.77345	2.52441	3.06029	2.80006	3.49851	2.89113	1.98798	2.47253	3.24289	4.45099	8.34731	6.9714	4.81839	15.9315	21.9846	19.415	15.1165	18.9116	1.70712	15.4604	10.7112	21.5261	22.9953	18.7009	20.0742	16.5155	47.6527	15.449	26.0248	35.0224	20.5603	6.82528	4.7859	9.85846	43.935	56.7897	36.1779	49.7405	57.7732	43.8022	14.7161	5.68056	5.08411	4.24355	3.33462	1.83736	2.23379	2.43141	17.2785	19.9861	29.5304	49.3108	57.391	36.9518	56.6119	45.1297	22.7429	14.6706	10.55	3.15753	2.28486	1.89898	5.12313	4.47665	2.72193	2.14833	2.38351	1.29386	3.34309	6.19781	3.53115	2.7638
7.83249	3.99261	11.5835	24.085	24.0912	29.6022	36.9873	28.1185	14.0058	8.14389	3.76689	2.56934	4.79718	4.50501	3.49833	4.91799	6.37143	5.08635	2.40135	2.92067	3.06006	3.26009	2.81006	1.77323	1.56598	1.74866	2.35896	2.07295	1.3267	1.3267	1.46119	1.56598	1.20117	3.91641	9.3531	9.92964	6.94011	1.73212	0.240269	1.56598	1.3695	0.700479	0.849422	0.96099	1.22496	2.43111	3.97442	6.58165	7.13323	10.1885	11.1677	10.1105	7.96244	3.36847	1.18915	1.03337	0.849449	0.866258	0.679578	0.700501	0.866281	0.679578	0.480561	1.08781	1.51934	0.914896	1.20117	1.46119	0.759802	0.679578	0.379918	0.612549	4.14049	6.76427	1.23669	5.18641	4.23967	1.08774	1.3695	1.4513	1.01931	0.700501	0.379918	0.339801	0.700479	1.07441	0.849449	0.849477	0.914896	1.03335	0.700479	0.379918	0.759802	0.612587	0	0.849422	1.22496	0.700501	0.759802	0.961055	1.36955	1.03335	0.509694	1.46128	2.03797	1.22496	0.700501	0.480561	0.240269	0.537273	0.849477	0.509694	0.866281	0.720821	0.379897	0.537273	0.537273	0.169902	1.7733	2.44895	2.68448	2.12795	0.990623	0.537252	0.679578	1.07445	0.849477	0.379897	0	1.22496	3.1888	2.4014	3.06011	3.5994	1.89882	0.612549	1.07441	0.866281	0.849449	0.866258	0.339801	1.61138	1.53817	1.22496	3.86841	4.65503	5.08651	5.83109	6.89726	6.73291	3.74789	3.26469	3.2603	1.29375	2.81006	3.94548	10.5711	8.51282	4.35968	9.07265	5.54787	0.914853	3.05995	4.60568	8.25403	7.87045	3.87598	3.35993	2.14806	1.51934	5.90629	7.88297	7.31333	4.91797	1.40075	2.26563	4.19557	0.339801	4.02129	4.34343	3.09737	2.7427	2.23361	2.04496	3.05534	3.27785	2.36517	1.51926	2.76363	3.38141	3.03654	1.60249	1.98054	6.47516	7.31093	4.56515	3.49839	6.93403	17.0752	27.6826	26.8054	10.7097	10.3656	12.0843	5.08352	11.2968	18.0906	18.4168	12.5312	28.2296	42.6268	29.6169	11.6675	10.2892	16.8568	23.0115	18.3462	14.3597	39.7078	54.4984	44.0303	35.8294	50.4427	49.7343	30.9415	15.0031	13.004	11.0004	7.74774	4.13031	2.35909	3.18896	22.0323	31.288	35.8618	48.6061	56.9256	21.9973	61.5857	39.2095	17.6906	16.7224	17.635	14.5177	13.8082	12.6024	10.665	7.26867	6.06783	5.08664	4.89183	3.49426	4.24319	6.97055	5.54795	4.24981
3.7666	3.43572	13.0114	21.6977	33.2545	36.9242	27.4429	15.1008	10.2249	7.68086	1.46105	3.34695	8.48732	7.4061	3.91602	6.09512	5.25169	2.40111	0.849391	1.60232	3.49372	4.56133	3.39362	1.70681	0.849364	1.22484	2.65171	2.28428	1.46105	1.08763	1.44117	1.56582	1.13944	0.960894	1.32665	2.30948	2.06583	0.679509	0.700431	1.29356	1.08763	0.612488	0.990465	0.537219	1.20111	1.20105	1.89863	4.58965	6.70091	9.93569	10.7273	8.67864	4.98679	1.29356	1.03327	1.18903	1.03325	0.914761	0.537198	0.37988	0.679509	0.914761	0.509642	1.0192	0.759726	0.612488	1.46105	0.7207	0.379859	0.612488	0.537219	0.37988	3.25976	7.07646	1.80525	5.52928	4.94919	1.13951	0.612488	1.23657	1.03325	0.759685	0.379859	0.169885	0.339767	1.0743	0.679509	0.480513	0.679509	1.0743	0.914761	0.240261	0.537219	0.866171	0.612488	0.700409	0.7207	0.37988	0.612526	0.914803	1.03327	0.537219	0.612488	1.03325	0.866171	0.240245	0.37988	0.509642	0.537198	0.990523	0.990523	0.700409	1.22484	0.759685	1.13944	0.700431	0.37988	1.36936	2.76335	2.05191	2.10046	2.06587	1.73195	0.679509	1.03325	1.18903	0.914803	1.13944	0.169885	0.849337	3.29483	1.20111	2.78404	2.06583	0.700409	0.914761	1.13944	0.240261	0.849364	0.169885	0.537219	0.37988	1.67266	3.15675	4.02067	4.39842	5.1611	4.42125	5.74914	7.7901	3.12937	3.05975	2.20747	2.73715	1.6983	4.21212	11.5005	8.10157	4.03139	8.1689	5.63899	0.849391	5.47233	9.31452	6.96203	7.00445	3.9343	1.23657	1.98762	3.25976	4.5647	6.2268	6.13253	3.97063	2.88553	1.29356	3.00272	3.49781	2.68421	4.04578	2.63551	2.68421	5.38064	6.1021	4.45023	1.70681	1.60232	2.214	2.43096	2.30948	2.597	2.38307	4.71249	5.60862	2.79963	6.89876	6.16021	4.25285	8.79829	25.6224	30.5446	20.959	13.3895	18.8064	12.4928	0.914761	24.2236	19.3606	15.1656	30.6135	34.8437	23.1349	0.240245	10.3609	23.7635	22.8121	18.0483	11.9206	29.2163	43.3535	41.1693	43.3708	25.9829	39.7313	40.08	13.964	10.9843	11.3994	8.16222	5.18324	1.98045	2.17462	30.2544	37.5919	33.145	43.998	53.3507	30.801	60.9449	33.2844	13.8974	6.81579	11.7046	13.0617	13.0617	14.0411	12.9452	6.94967	5.15298	4.1299	4.58028	3.26424	2.52384	5.35648	6.68996	6.01039
3.02151	2.73688	13.6676	22.2659	33.5351	36.8661	20.0224	7.66558	6.85038	6.22577	1.29343	2.92986	8.38843	9.08005	3.36779	3.64221	3.97023	4.2492	1.89854	1.45101	3.79272	3.8378	3.8713	2.1274	0.339732	1.07419	2.65144	2.40081	1.44103	0.960797	1.44103	1.32643	0.990365	1.36922	1.03314	1.23644	1.13933	0.509591	0.700361	1.29343	1.08752	0.480432	0.960797	0.480432	0.612426	0.537144	0.537165	1.56574	2.20719	2.82479	0.480432	0.379821	0.509591	0.379841	0.720627	0.990365	0.849251	0.960797	0.480432	0.169868	0.537144	0.612426	0.679441	0.759609	0.169868	0.990365	1.20093	0.537144	0.509591	0.759649	1.07424	1.0191	2.78376	7.17295	1.93599	5.92399	5.29158	0	0.169868	0.720627	0.914669	1.07419	0.679441	0.379841	0.169868	0.960797	0.480432	0	0.480432	0.960797	0.849251	0.240236	0.379821	0.849251	0.914669	0.679441	0.679441	0.480465	0.480465	0.509591	0.537144	0.240236	1.08752	0.849251	0.509591	0.339732	0.169868	0.537144	0.849251	0.339732	0.339732	0.759609	1.45101	0.379821	1.40047	0.379841	0.240236	3.1152	4.45946	3.3423	2.71585	1.89844	1.61105	0.990424	1.03314	0.759609	0.612426	1.32643	0	1.22471	3.73553	0.240236	3.90448	1.13933	0	0.849251	1.08752	0.480432	0.612426	0.537165	0.866106	0.379841	1.92105	3.49746	3.72401	4.32247	5.38247	4.77533	4.43684	8.06601	2.63516	1.98742	1.36922	3.20163	1.07419	4.0839	10.4483	7.56182	1.56569	6.81508	6.3834	0.480465	6.89763	8.99824	1.13939	5.88794	3.6619	1.46099	2.26518	5.60806	5.03736	1.0191	1.51895	3.39328	3.17011	2.26518	2.59667	3.36779	2.30916	1.08759	2.76302	3.49336	0.849279	5.21829	5.26186	2.04455	1.07424	1.3693	1.36925	0.612426	1.36922	2.20714	5.90478	6.29382	2.52372	3.90472	5.54684	5.62846	6.37016	21.245	28.1044	30.4063	17.0561	19.7066	10.5117	3.24175	22.0897	23.8281	30.4287	29.7579	23.9545	6.44121	23.582	26.7491	29.9901	25.8637	26.194	31.7661	36.7147	29.7943	5.08533	13.9209	17.7787	21.8999	43.9046	16.4548	6.15926	8.33306	8.11644	6.57823	2.0446	0.700361	41.8723	47.7141	37.5003	42.3153	49.7214	33.98	59.8368	33.3514	22.3858	15.9602	9.59347	7.67508	7.26722	11.2541	11.7193	6.84622	3.91553	2.54634	3.86764	4.19473	3.05473	4.47541	7.09969	6.71247
5.92111	1.46087	16.168	25.0448	26.4211	36.7319	27.079	8.86481	5.05416	4.50374	3.75442	3.8452	7.25666	7.73063	1.98725	4.21162	6.00257	5.67848	4.0766	2.76279	3.02126	2.54605	3.57831	2.74192	1.20088	1.23634	2.35828	2.59086	1.51882	1.13923	1.46078	1.13923	1.0741	1.20086	1.68104	3.25937	4.71193	6.00257	6.58664	5.67848	2.96368	0.612375	0.960717	0.612375	0.759545	0.379789	0.339704	0.990341	1.53773	1.60193	0.537099	0.339704	0.37981	0.509548	1.08743	0.960717	0.612375	0.849207	1.1393	1.1393	1.1393	1.32641	1.0875	0.240216	0.509548	0.759545	0.70028	0.914635	0.990341	0.849235	0.53712	0.849207	2.96365	6.73298	1.60193	5.78992	4.8873	0.700302	0.379789	0.379789	0.70028	1.03306	0.849207	0.509548	0.379789	0.84918	0.509548	0.37981	0.537099	0.914592	0.866011	0.480424	0.37981	0.759545	0.70028	0.679384	0.679384	0.480424	0.759586	0.990341	0.759586	0.37981	1.22461	0.70028	0.509548	0.720567	0.169853	0.379789	0.679384	0.849235	0.679384	0.379789	1.32632	0.537099	1.01902	1.20086	0.37981	4.6104	5.22881	3.20156	4.79294	3.34614	0.612375	0.612413	1.18881	0.612413	0.84918	1.08743	0.169853	1.56553	3.24148	1.18881	3.57831	0.379789	0.37981	0.866011	1.45089	0.914635	1.23634	0.537099	0.866034	0.70028	2.04438	2.65122	3.11957	3.99136	5.26156	7.05727	2.05142	7.54062	2.89007	2.05153	2.12735	3.9153	2.20706	2.68358	8.33077	8.62981	3.75442	5.38202	8.2444	0.866011	6.66321	7.49573	6.88104	7.58381	4.5482	2.76297	2.26499	6.13103	6.56682	1.69799	2.1	2.90496	4.25219	4.93992	5.22908	2.78371	0.70028	1.36918	2.30897	1.69799	1.56564	3.52985	5.21785	3.29423	1.01902	1.0875	0.339704	0.480424	1.40035	1.82872	4.54796	8.76474	4.66288	4.12914	6.48223	9.10105	8.22603	13.9448	17.517	25.3343	15.9126	23.6707	15.8348	8.46641	15.3603	29.0056	33.9947	25.8579	12.9033	17.5996	29.2739	33.9707	37.0096	33.4711	36.9596	48.2138	47.3771	28.7626	27.4095	16.706	28.6577	17.2669	48.1492	37.7319	15.4169	9.51989	10.9118	9.55027	4.23852	1.36916	50.6642	51.0766	14.9515	28.6136	45.0876	27.4335	51.9175	45.5823	43.5926	39.1579	30.6268	25.7202	21.4128	18.161	14.0108	10.3147	5.46107	4.92543	5.75808	4.98576	3.43508	4.6104	7.33392	6.47333
7.25594	3.34599	15.4801	25.539	29.725	39.5521	25.8955	6.68809	3.73498	5.29352	5.7575	3.20124	4.78344	6.56617	0.960684	1.56545	3.05893	5.46044	4.93341	2.96335	2.28363	2.40037	3.11922	2.05122	1.53756	1.40021	2.35805	2.68331	1.40021	1.56541	1.56541	1.36902	1.53758	4.61017	10.074	11.9584	11.9539	11.6292	10.2172	10.0091	7.59781	3.24129	1.52817	1.20076	1.18869	0.759509	0.865947	1.01891	1.01891	1.18869	1.07404	0.990241	0.849149	0.914543	1.56545	1.93573	1.67227	1.46072	1.29325	1.13918	1.56548	1.69793	1.23626	0.865924	0.509497	0.700231	0.700231	0.612351	0.700231	0.509497	0.240192	0.612351	2.30871	5.49413	2.63467	4.6746	4.70813	1.52817	0.865947	0.700231	0.700209	0.679315	1.03298	1.03298	0.849122	0.849122	0.759509	0.700231	0.679315	0.849122	1.01891	0.612351	0.612351	1.01891	0.849122	0.679315	0.679315	0.759509	0.914543	0.480376	0.169836	0.379751	0.759468	0.914543	1.03295	0.990182	0.240192	0.379771	0.990241	1.32627	1.56541	0.240192	1.44076	0.612313	0.240176	1.03295	0.865947	3.64154	5.75502	5.05374	4.74756	3.79202	0.700231	0.700231	1.32619	0.379771	1.07399	1.03295	0.700231	1.32619	2.43017	0.537066	2.63467	1.74808	1.51875	2.14732	2.09986	1.36905	1.86754	1.77262	1.83649	2.30882	2.71535	2.06524	2.07215	2.54579	2.89963	7.44771	2.20673	7.14617	5.51511	3.11481	1.40025	2.05122	2.36416	0.379751	5.53549	8.29617	6.50767	2.44786	7.78071	4.07274	3.26331	7.01059	5.7774	3.62589	1.13918	3.95853	7.7937	7.7937	5.51489	2.41233	1.35844	2.07228	3.35886	5.5126	6.61387	6.44012	5.30169	2.58518	2.35805	0.612313	0.169836	2.16057	4.18706	4.03025	2.72063	1.29325	1.08739	0.720543	1.23626	2.4302	4.55376	8.69982	5.4656	3.03537	9.33713	10.4743	2.14732	9.05399	14.5191	21.8875	18.863	22.6005	17.6814	17.203	14.0979	13.536	4.8898	13.5885	28.5942	26.3055	19.8984	24.9303	8.60939	12.7048	13.0974	25.0691	8.16187	39.1782	33.9259	8.93465	37.1314	44.1066	54.6295	60.7223	47.8791	31.4292	22.2476	14.5661	4.2381	3.5661	47.0247	51.9008	50.89	53.6738	59.3907	56.8369	36.5025	11.5792	29.1696	46.9465	59.8934	61.3262	55.4204	45.8524	35.2684	21.2358	9.8657	8.8957	8.37192	6.13039	4.12855	4.24818	6.69857	5.3549
6.03901	3.60577	10.675	25.2512	39.3293	38.8632	15.9103	3.48001	3.97249	4.93864	4.65278	2.87961	4.2914	6.21034	2.58492	4.74724	5.5275	4.93882	3.59765	1.93547	1.69765	2.52284	3.00157	1.8362	1.61059	1.23609	2.17364	2.41209	1.07389	1.4506	1.3583	1.36888	1.40011	8.95387	12.721	11.497	9.39176	5.98237	4.57849	6.79459	9.26016	7.43774	3.87411	3.18741	2.55127	1.07393	0.849037	0.849037	1.13907	1.61066	1.45066	1.22444	1.22444	1.32614	1.36888	1.23609	0.865859	0.865859	0.865837	0.612289	0.537012	0.537012	1.18857	1.3583	1.08728	1.01881	0.612252	0.339635	0.679247	0.700161	0.72047	0.240168	1.3583	4.66195	3.73458	3.66086	3.49646	1.51852	0.700161	0.865859	1.03287	0.990141	1.03287	1.03287	1.20064	1.03287	0.679247	0.536991	0.509446	0.679247	0.849037	0.759433	0.612289	0.865837	0.865837	0.679247	0.700161	1.03287	0.612289	0.480295	0.169819	0.480295	0.240168	0.612289	1.4506	1.07389	0.379733	0.379733	1.36886	1.08728	2.05101	0.612252	1.36883	0.759392	0.169819	0.537012	1.07389	1.23614	3.94377	5.42083	4.51259	2.21309	0.379713	0.379713	1.69765	0.379713	1.07389	0.914408	0.509446	1.07389	1.74781	1.70615	2.23252	2.04402	1.01881	1.73128	1.73132	2.0441	2.80884	2.96806	3.11912	4.03	3.79184	2.5905	2.21309	2.42996	2.63441	7.67794	7.49424	7.68749	8.01691	4.9127	2.82399	1.51852	1.60161	1.18857	3.71908	7.12749	6.6022	2.52287	5.42856	7.60444	3.22763	1.80455	1.29306	2.07208	4.02998	7.49805	6.12762	2.12692	1.97957	2.05101	1.08728	1.22444	1.77237	2.65612	2.43002	3.03507	4.57849	3.66086	2.72036	2.30859	1.03285	1.77237	3.81048	3.05847	2.42996	1.69775	1.03285	0	1.36888	3.05386	6.06461	7.77449	4.23775	2.96806	13.0179	8.66681	9.47689	12.076	19.9614	25.5053	20.6985	14.877	9.59093	12.8057	8.73801	5.60921	11.5059	19.1417	19.6298	14.7349	14.877	23.3597	16.8138	24.7363	27.8291	35.6883	34.8955	42.1174	22.7424	12.704	38.6477	54.944	41.4125	62.1243	60.5906	46.574	40.4107	29.643	8.2244	6.50518	25.6161	39.2027	41.8302	40.201	45.2572	49.9043	49.8412	42.8641	27.0114	44.0027	62.4987	66.9658	66.4393	57.8244	48.6414	32.1421	14.4314	12.6955	13.0961	7.40328	3.48001	3.29357	6.60208	5.16184
3.83658	2.412	16.1927	35.9612	40.2738	27.8496	17.7492	9.94052	5.94104	6.42754	3.9541	1.08712	3.87358	4.6523	1.61045	2.38195	2.4	2.84406	2.36372	1.53726	1.77222	2.50548	3.20045	2.35761	1.60148	1.20049	1.68045	2.07177	1.13891	1.07379	1.32601	2.09945	1.93538	10.8871	11.25	2.656	5.18347	5.46458	5.08356	2.04384	4.77061	7.74491	4.5625	3.39211	2.9628	1.03277	1.23602	1.36877	1.32601	1.45052	1.6105	1.23602	0.759358	0.536944	1.82819	1.18846	0.240144	0.720362	0.536944	0.480279	0.37968	0.240132	0.679184	1.20051	0.612228	1.23598	1.07383	0.990043	0.865777	0.700094	0.379696	0.509399	0.379696	3.47972	2.68281	2.17346	2.52262	1.36871	0.53696	0.679184	0.700094	0.759358	1.07379	0.536944	0.759327	0.960443	0.6122	0.37968	0.339604	0.509399	0.700094	0.700094	0.339604	0.6122	0.759327	0.509399	0.612228	0.679184	0.509399	0.848958	0.612228	0.679184	0.379696	0.169804	1.22426	1.01872	1.08717	1.36877	1.69754	0.86576	2.16017	0.848938	0.848938	1.07379	0.509399	0.536944	1.39998	1.70601	0.700094	0.339604	0.37968	0.339604	0.379696	0.480255	1.4405	0.759327	0.720362	0.914329	0.53696	1.07379	2.05084	2.63418	2.1469	3.16893	0.53696	1.8044	2.3083	3.43421	4.27779	3.95428	4.70747	6.74816	6.46084	5.12004	4.10009	4.60927	4.28778	7.86557	10.6017	5.91006	8.66454	6.15707	4.88888	2.59575	2.04385	1.52787	2.96764	5.15034	4.79445	7.30873	4.07558	8.67426	6.31421	3.71896	2.38195	0.960491	2.28321	4.98143	6.35684	6.61256	4.321	3.03477	2.91896	2.30839	3.05358	4.79445	1.56509	1.23598	3.64086	2.88914	2.30839	3.71893	3.90313	1.07383	3.83639	2.50548	2.05091	2.30839	2.5957	1.13895	1.39995	1.93528	4.56237	7.74307	4.79155	2.2064	11.4609	11.5134	9.58831	5.76381	5.94123	12.4045	8.42887	5.5449	3.47989	7.49739	6.8129	6.34793	16.5552	16.7017	20.2581	12.3411	11.4907	9.7432	19.0897	16.1984	14.6395	16.82	14.5634	30.5664	9.54756	7.93153	29.2242	58.648	57.4574	22.3026	55.0169	51.7541	52.2988	46.5852	16.0588	8.32868	9.42462	7.59636	5.45171	4.54666	10.0082	14.1623	21.5801	29.9424	38.554	60.3112	62.697	50.6043	64.6735	61.5326	53.9677	37.8117	11.1339	14.1388	13.3628	6.89717	4.19317	3.49621	7.69742	6.86221
3.11833	2.44731	23.6906	35.4433	22.3074	35.3238	39.5127	27.988	10.7808	6.38042	4.02924	5.67638	6.93555	5.75587	4.21	4.79427	4.77032	4.68558	3.15495	1.6103	1.93512	2.27669	2.52237	2.26405	2.37568	2.23207	1.89755	1.93509	1.13879	0.914282	1.4504	2.05074	3.34504	10.5106	10.3467	1.44035	8.5564	7.53598	5.62592	4.67359	3.6407	4.84434	2.96734	3.34485	3.11837	1.39985	1.03268	0.700032	0.612139	0.379643	0.536892	1.13879	0.339573	1.08701	1.83586	0.989959	0.848907	0.91424	0.379643	0.169788	0.379643	0.84888	0.700032	1.13879	0.612139	0.379643	0.960411	0.914282	0.679122	0.679122	0.536913	0.536913	0.379663	3.12753	3.0579	2.27669	2.76172	0.759252	0.848907	1.03268	0.70001	0.379643	0.848853	0.70001	0.848853	1.20037	0.379643	0.379663	0.536913	0.536913	0.509352	0.612139	0.379643	0.509352	0.865677	0.536913	0.480239	0.536913	0.536913	0.679122	0.509352	0.536892	0.379663	0.536913	1.01862	1.22421	1.22421	1.07373	0.84888	1.56493	1.80422	0.70001	0	1.03268	1.20042	1.2004	0.379643	1.39985	1.93518	1.20045	0.848907	0.91424	0.339573	0.865677	1.29282	0.865677	0.339573	0.509352	0.700032	0.759252	1.93509	3.00102	1.51832	4.25043	2.36359	1.73096	2.91853	3.26232	1.97933	3.84372	14.138	19.2728	17.1769	12.7445	10.6828	10.3965	8.69795	6.59466	10.4435	1.87469	8.64582	6.05177	4.78208	2.42951	2.05063	1.36858	2.6502	4.68549	3.60487	9.87216	3.00584	7.55832	4.74621	3.6603	1.68039	1.08701	2.3082	4.66128	3.6407	4.24697	2.96251	2.39985	2.79804	1.56503	2.7356	5.86334	3.9137	4.84464	6.42711	3.79109	2.82364	2.79795	4.19611	0.536913	3.00584	3.16873	2.59002	1.89762	2.76178	1.56503	0.379663	2.27669	2.35738	5.16919	5.45889	3.9029	7.6325	7.71133	4.72503	4.72503	3.00595	9.66803	9.93963	5.38821	2.88405	4.88857	5.16123	4.12404	11.5003	12.3655	15.5293	20.9345	15.8802	11.6832	20.8279	11.172	23.536	11.0325	25.9478	27.0015	5.08312	3.73378	10.0665	45.9775	58.5133	46.9659	17.4365	45.8663	57.1679	58.8539	33.8694	16.6096	15.7134	18.4436	18.4547	23.9073	34.704	33.8836	33.2462	50.0082	62.6354	66.8278	58.8779	24.7509	57.0278	64.5681	61.0296	46.3183	18.9095	13.2173	9.12486	6.96592	5.3161	4.19277	8.69579	7.96239
4.56144	3.57678	21.8426	30.3357	25.0094	13.595	29.6007	29.2434	13.9954	7.05413	9.16567	8.54291	8.2677	5.6554	1.45025	2.63375	3.73352	4.93727	4.47287	2.5449	1.36849	1.68011	2.28276	1.22401	1.46007	2.12619	2.04344	2.76157	2.68241	2.15989	1.4403	0.699939	1.46007	7.42977	10.4111	9.47165	11.0702	7.95651	5.09103	4.65166	5.98546	5.84366	3.86557	2.42927	2.28276	1.32568	1.07358	0.865613	1.03256	0.699961	0.759216	1.23574	0.536859	0.848767	1.29269	0.536859	0.536838	0.989801	0.536838	0.480191	1.13874	1.13874	0.914148	1.0869	0.989801	0.339539	0.339539	0.679054	0.848795	0.759176	0.536838	0.865613	0.536859	3.00071	3.59654	1.98628	3.72189	0.509301	0.536859	1.32576	2.27658	2.14649	1.36849	1.03256	1.03256	1.36847	0.91419	0.720265	0.759216	0.699961	0.679054	0.848795	0.759216	0.699961	0.86559	0.509301	0.2401	0.509301	0.536859	0.679054	0.699961	0.865613	0.612115	0.536859	0.699939	0.2401	0.536838	0.240083	0.379625	1.56477	1.23574	1.03258	0.848795	0.169771	0.914148	1.01852	1.39971	1.07362	0.612077	0.848822	0.848822	1.39967	0.848795	0.86559	1.45019	0.848795	0.339539	0.169771	0.989859	2.05053	1.89743	2.52212	1.89736	2.21238	2.23189	3.16841	4.92294	4.58659	3.52836	5.35312	14.3457	6.52479	10.5794	20.3983	17.383	4.8146	2.39955	2.20594	8.93719	0.612115	8.56044	6.05582	4.51103	2.52215	2.42927	2.44706	3.5967	3.94244	4.32002	9.65687	2.68228	6.15578	3.00071	1.93492	1.93499	2.59526	2.80804	1.74741	4.23647	4.39878	0.759216	1.92009	2.42927	1.68011	3.4955	4.67281	5.40053	2.21238	5.60755	5.56695	3.37881	4.79646	3.49547	0.699961	0.86559	1.98637	2.58419	2.88864	2.68228	0.848795	1.18823	1.93489	2.15974	2.91824	3.40831	3.00565	7.03177	7.52032	6.56395	2.79776	5.62527	6.10972	3.11343	4.62384	3.09499	3.82447	7.47357	10.0179	11.5362	8.58047	9.30821	17.9998	11.9567	9.06171	20.9024	14.6092	26.6785	32.1579	34.01	14.0234	13.5763	27.6469	30.4119	21.4265	38.2086	48.6394	38.8561	11.1257	44.1084	57.3357	50.7437	49.3322	47.8122	50.27	48.7389	48.9534	55.9865	60.6565	64.3956	65.878	64.8048	57.8857	33.6622	10.5749	40.709	58.5499	66.6408	58.7794	25.1558	12.9523	8.88729	7.57997	6.17202	5.62519	8.59956	7.49207
8.46316	18.1078	19.6974	14.5051	19.4711	29.4039	26.9789	20.1414	16.2957	5.67272	1.89725	6.19203	9.60855	7.10307	2.76131	3.79035	4.6234	4.40818	3.11317	1.89727	3.90212	4.50131	4.45653	2.12601	1.77171	0.536807	3.36576	4.34292	3.45818	1.97893	1.52744	1.56464	1.46001	5.09343	9.7806	11.5589	10.0939	6.39942	3.9313	3.23974	3.34007	3.34438	2.5895	2.05033	2.04325	1.61	0.989717	0.379572	0.699878	0.699878	0.379572	0.960169	0.379572	0.240063	0.989717	0.720156	0.536791	0.720156	0.536807	0.759141	0.678991	0.240063	1.22391	0.612025	1.07352	1.20021	0.720193	0.612054	1.07352	1.61	0.960169	0.379572	0.865513	2.52191	4.19533	1.36838	4.71807	1.53683	0.865513	2.04327	2.35704	2.56713	1.67139	0.989717	0.699878	1.03246	0.86553	0.612054	0.536807	0.678991	0.699894	0.914101	0.914101	0.848716	0.914069	0.509254	0.612054	0.86553	0.759141	0.848716	0.612054	0.914101	0.699894	0.480118	0.480118	0.379587	0.848737	0.914101	0.480118	0.848696	0.699878	0.865513	0.865513	0.699894	1.01843	0.536807	0.169755	1.03246	0.509254	0.169755	0.379572	0.914069	1.44016	2.89836	2.65525	1.32563	0.848716	1.03248	2.38127	2.27636	1.56472	1.56466	1.56464	0.960169	0.86553	3.2924	6.14614	6.5244	5.76231	4.28657	7.4519	13.1371	17.7847	4.40818	19.8355	7.42925	5.39769	3.42902	10.5779	5.62487	11.441	7.62551	4.62637	2.73513	2.56717	3.34007	3.87263	3.59636	12.0429	13.1859	6.72737	5.62477	5.17932	1.73063	1.01843	2.5895	4.91098	4.71823	4.50117	1.36832	2.71936	2.14629	2.56713	4.10223	3.4331	2.76121	4.62327	4.31969	1.53683	2.30765	4.1851	5.58661	2.71936	2.36312	1.60109	0.759141	0.848737	3.4952	3.86506	0.960169	0.509254	1.53683	2.68207	2.47012	2.04325	2.52193	5.19303	6.37284	6.66612	4.48529	11.1036	5.49181	4.09875	4.2361	5.05105	8.82339	8.42817	6.92612	11.41	8.93689	4.41801	16.4758	10.7992	6.15533	17.3647	12.6097	15.6407	22.5907	18.0166	14.3536	36.2155	45.4853	48.47	47.435	41.2996	35.6405	26.7892	26.7964	39.2737	39.176	41.6519	55.768	61.7132	62.8176	57.62	38.4765	42.8237	45.3798	51.7334	54.2934	44.6243	32.2521	23.4744	24.555	32.425	35.3709	65.7176	64.8566	28.0724	12.8552	9.15217	7.99787	5.3763	6.37925	7.30667	5.3524
20.6206	32.1292	34.8607	35.9146	30.6691	17.8449	12.3135	17.6189	18.4968	8.94804	7.14225	7.9286	8.14314	5.74663	2.2634	2.89798	3.2614	2.42879	2.12592	5.03385	6.72891	7.32371	8.10021	5.87149	2.58359	3.29208	3.43293	4.12621	2.64945	1.0867	1.4598	1.91961	0.759036	0.759036	1.82758	3.11763	2.92765	2.21203	2.23143	1.93457	1.32543	0.536739	0.339476	0.509207	1.29245	1.4598	0.536739	0.612002	0.848638	0.989618	0.611964	0.720084	0.509207	1.07343	1.70537	1.67123	0.759036	0.16974	0.699832	0.53676	0.240055	0.339476	0.989618	0.612002	0.720132	0.759077	0.699832	0.379555	0.379535	1.80371	1.07343	2.0711	1.67992	1.89701	4.94498	1.39946	4.85181	2.42879	1.39941	2.36281	1.4598	3.11286	1.60984	0.611964	0.678928	0.865431	0.678928	0.509207	0.339476	0.509207	0.536739	0.16974	0.509207	0.989618	0.848611	0.379555	0.699832	0.699832	0.536739	0.611964	0.379555	0.53676	0.913979	0.759036	0.612002	1.13853	1.08677	1.18801	1.29245	0.536739	0.509207	0.865431	0.913979	0.379535	0.720084	0	0.240039	0.989618	0.69981	0	0.379535	0.379555	2.20553	3.26152	2.12592	1.39941	0.678928	1.70535	2.2634	0.480102	0.16974	0.989618	1.51781	1.01833	0.536739	3.05703	6.09676	4.5102	0.848638	1.29251	1.08677	2.63326	20.021	19.2978	21.8281	7.09263	3.42872	4.07045	12.7656	6.80177	10.113	7.81415	4.72369	3.39507	2.74021	2.92765	2.63326	6.27581	20.0167	12.3534	11.142	3.96708	5.82526	3.00499	0.914022	4.48487	4.70574	6.07138	2.68195	1.5273	0.848638	1.56451	1.32543	4.70546	3.82377	3.07116	4.92185	3.78986	0.960073	3.2261	3.59194	3.78986	2.84308	2.71381	1.44998	1.5367	1.5367	3.19922	3.62762	1.56456	1.13853	1.20006	2.36281	2.58359	1.60984	2.65488	3.05706	1.83545	1.67992	5.9076	13.5132	3.57613	7.62477	4.6229	6.72654	10.941	9.12723	7.5191	14.3817	4.18494	5.97936	14.7925	8.93739	9.63679	13.3669	14.3652	6.63973	4.93645	2.28249	27.0009	42.2218	32.429	20.0186	31.7415	44.7162	38.725	19.8422	19.9449	42.6657	31.981	36.0364	25.6106	50.6754	39.2209	52.6306	28.4136	43.6018	54.2866	56.6173	54.3058	41.0751	34.6549	30.6579	27.8121	30.2581	21.3368	63.9842	66.3363	29.2471	12.5535	10.1294	9.84836	5.53235	5.68698	6.36304	4.31919
36.5764	39.9133	35.6519	32.9319	29.4744	25.1016	22.0017	18.4748	15.914	12.5265	5.399	4.39753	6.80931	5.74605	2.84269	3.09411	2.07077	2.23125	2.54425	4.31885	6.08702	8.23184	11.7251	10.1053	4.09802	3.80835	0.611903	5.21385	2.73454	1.13836	1.6007	1.6007	0.75896	1.36805	1.45965	1.3253	1.19991	1.6007	1.69668	0.913888	1.23543	1.51773	1.36813	1.32539	1.87397	2.04984	0.536706	0.379517	0.848526	1.19991	0.720012	0.339442	0.536706	0.611903	1.22367	2.1724	0.720012	0.848553	0.865366	0.989519	0.379496	0.240031	0.480022	0.379517	0.480054	0.536706	0.67886	0.536685	0.913888	1.08659	1.3681	1.51773	1.3681	1.39927	4.90975	1.08659	4.55699	2.58887	1.77136	2.04984	2.21175	3.29169	1.23539	0.611941	0.91393	1.18789	0.848553	0.67886	0.536706	0.536706	0.913888	0.169722	0.169722	1.13836	0.848553	0.72006	0.379517	0.240031	0.536685	0.379517	0.759	0.699762	1.03226	1.03228	0.91393	0.379517	0.339442	0.611903	1.23539	1.03228	0.759	1.01823	1.29232	0.720012	0.67886	0.611941	0.240031	1.3253	0.536685	0.379496	0.169722	0.509156	2.58887	1.97845	1.67963	1.56433	0.169722	1.3253	1.60968	0.759	0.480054	1.07328	1.93434	0.611941	1.53655	2.58333	4.68369	4.62244	4.04193	3.95606	3.72105	3.73248	8.96152	11.9096	10.0795	3.5596	3.09418	3.76301	9.98977	9.88988	8.28589	5.75103	3.03318	3.05212	2.65475	3.0048	4.65025	13.2076	21.397	5.09248	14.4693	4.5602	3.01894	3.78963	4.67179	5.92154	1.83526	2.59445	3.29175	2.58333	1.53653	1.18789	2.04286	5.37795	3.74399	1.56436	6.23415	4.68369	2.8071	3.95579	1.67106	1.39927	2.36268	3.5596	2.23125	1.52715	1.39927	1.83515	3.00469	1.70518	1.19991	0.75896	1.6007	2.65461	1.70518	2.5498	3.2258	2.35661	1.74691	4.999	11.9226	3.63931	7.10173	4.23873	6.10793	9.10936	8.26538	8.60526	17.8515	5.2711	8.3415	10.5603	4.93029	11.2938	9.77151	15.696	7.95414	3.98841	1.89684	27.9734	41.6893	29.8965	33.9201	36.1386	24.9641	40.3814	46.6764	49.065	50.3176	37.8663	42.7774	47.7422	48.9657	44.8123	58.6907	38.9688	34.6625	47.7043	54.5807	58.781	49.7922	42.3497	36.8671	28.9799	24.427	17.1293	62.349	65.473	29.9774	15.0544	10.5914	9.1625	5.16721	5.44884	6.33562	3.62726
37.2677	28.1412	20.3177	16.7498	16.3488	18.0279	20.0279	18.5065	13.389	9.67628	3.90076	2.9659	7.69296	7.04507	2.54383	2.46938	1.74674	1.73016	0.611841	3.0565	6.85837	5.0805	8.47192	13.1949	4.55974	1.82713	1.87381	4.24491	1.97825	1.35739	1.98552	1.67089	0.865257	1.69651	1.32517	1.08648	1.69651	1.4595	1.07317	1.07321	1.08655	1.29225	1.19984	0.536652	1.60054	2.04964	0.865279	0.509104	0.913796	1.23526	1.03218	0.848495	0.678792	0	1.08648	1.83497	1.08655	1.56424	0.758924	1.22354	0.536631	0.379479	0.611879	0.611879	0.611879	0.699692	0.699692	1.07321	1.70503	1.51758	1.52699	0.379479	0.758883	1.39913	3.59516	1.53637	3.23867	2.63265	1.36794	1.97825	2.09817	3.63874	1.39913	0.719987	0.758924	1.18777	1.19984	1.07321	0.989478	0.913838	1.18777	0.913838	0.536652	0.865257	0.913838	0.848495	0.678792	0.379458	0.240007	0.699692	0.480006	0.536631	0.699692	1.1383	0.758924	0.611841	0.509104	0.169705	0.848468	1.03216	0.509104	0.758883	1.29219	1.18777	0.611879	0.169705	0.379458	1.19979	0.611841	0.379458	0.240007	0.536631	2.07056	1.87381	2.20509	1.03216	0	0.758883	1.19982	0.678792	0.169705	0.536631	2.14558	1.19984	0.379458	1.80334	3.7166	2.17218	1.70501	2.96122	4.50957	4.09776	3.34342	4.81562	3.91195	2.56642	2.06365	4.10099	5.39846	4.92105	4.93561	5.41705	3.65071	1.82721	1.70503	4.7229	7.96945	15.2503	14.1159	5.18044	13.8412	7.80378	2.89753	2.26302	1.19987	1.87378	4.50002	3.60336	0.913796	3.90087	0.848495	0.913796	2.91712	6.64898	4.51899	3.80816	5.14737	5.26496	3.15342	5.25686	1.87381	1.19987	0.379458	2.4284	4.02731	3.96645	3.33049	1.4596	1.83497	2.44597	1.36791	0.848468	1.23526	2.23098	2.26302	2.4284	2.88755	2.26302	1.77125	5.16669	10.4385	2.544	5.62304	2.90239	4.92089	7.87345	7.66734	10.2575	16.8757	14.5243	11.5993	12.0569	17.081	11.0379	6.28145	15.6913	7.53236	0.989419	2.90239	20.984	36.1528	31.018	29.0932	33.0496	49.9155	55.6116	50.2261	48.5348	41.3105	18.1176	24.2028	46.4082	57.4813	58.6081	53.1379	33.23	24.4365	33.7257	45.8284	57.3281	56.8924	52.1492	36.4658	25.8905	22.4237	27.1808	57.8299	61.3233	40.998	25.077	12.8639	8.41218	4.54401	5.78491	5.86051	2.79659
20.8784	10.1435	7.7743	7.89812	9.16752	8.46008	7.64325	8.09297	7.04495	4.07979	4.54364	4.41627	7.6429	6.12519	1.86595	2.73414	2.04957	2.2754	2.4281	3.01858	7.25009	12.2008	4.87414	13.4291	4.67062	0.989395	2.7341	2.36214	1.19969	0.989337	1.83481	1.74649	1.08639	1.93399	1.45938	0.989337	1.67932	1.22344	0.536586	0.509062	0.339379	0.479933	0.848369	0.61179	1.22344	1.60938	1.18767	0.848397	0.865184	1.07308	0.699611	0.479933	0.75882	0	0.913719	1.39901	1.13821	0.75886	0.75882	1.03207	1.13821	1.22352	1.08646	0.75886	0.239987	0.479933	0.169691	0.479965	1.18767	1.13821	1.2352	1.01804	0.678735	1.67075	2.73404	1.39901	2.04248	2.90215	0.865207	2.52094	1.44951	4.10065	1.01804	1.08646	0.865207	0.865184	0.848397	0.865207	0.75886	0.848397	0.989337	0.379426	0.509062	0.699633	0.848424	0.913761	1.01804	0.865207	0.611828	0.509062	0.379426	0.379426	0.239987	0.379426	0.719879	0.848369	0.379447	0.509062	0.536586	0.913719	0.678735	0.865184	1.03207	1.03209	1.03209	0.536607	0.379426	0.959799	0.848369	0.379447	0.479965	0.678735	0.959799	0.913761	1.01804	0	0.169691	0.379426	0.699611	1.43953	1.36785	1.2352	0.913719	1.53624	0.848369	1.22344	2.96083	3.11674	2.07051	1.18767	1.39901	1.93408	2.68119	3.56298	1.36788	1.82706	4.68305	4.23457	2.04947	4.13564	5.60259	5.74281	3.86382	2.76028	4.19372	4.92921	8.33642	11.2049	7.46981	2.76034	8.85957	11.2999	4.41623	2.30674	1.69642	1.43963	2.44577	1.3678	2.78088	3.72015	2.68102	1.87363	3.21623	7.24972	4.65845	0.536586	2.04243	4.76749	4.78847	5.6226	2.14549	1.6005	1.93402	2.06347	3.52671	4.43243	3.59107	3.59501	0.848424	2.82186	1.19971	1.01804	1.19971	1.36783	1.53624	1.53624	2.098	1.8965	1.36783	4.69504	9.54849	3.11215	4.55934	2.56621	5.67041	8.57615	7.97413	12.0558	17.1824	18.6281	18.3168	17.9263	15.9665	11.4452	4.6	16.2452	0.865207	11.7543	12.5358	4.0161	23.8606	32.8247	38.544	34.8286	44.3814	30.7072	19.5972	17.3594	16.1831	11.9706	7.59882	31.1955	45.695	47.3048	38.4409	24.766	17.0916	17.6594	31.4995	46.7668	52.8095	56.425	33.4591	18.8479	24.0896	42.3218	52.847	47.5207	43.6048	34.1049	17.7718	9.32481	4.28481	5.22655	4.19372	2.27552
7.62744	5.25622	5.58154	5.82303	3.78855	4.9434	4.87365	4.1524	3.74288	0.848284	6.28671	5.16574	5.90534	4.47351	1.69625	2.2112	1.89635	2.58259	2.88691	1.67916	0.848311	7.70815	8.3695	11.054	4.31757	1.23504	1.97788	1.60024	1.23504	1.19959	1.67059	1.74632	1.51722	1.56388	1.29195	1.29195	1.67916	1.22332	0.169674	0.611766	0.848311	0.678667	0.865097	0.865097	1.07297	1.29195	1.03197	1.01794	1.07297	1.08628	0.719807	0.719807	0.719807	0.536532	0.86512	1.35714	0.91367	0.699541	0.719807	0.339345	0.611766	0.479917	0.479885	0.379388	0.169674	0.536553	0.536553	0	0.479885	0.479917	0.699563	1.22332	0.479885	1.56388	2.99901	1.93382	1.69625	2.73377	1.39887	2.88196	1.60024	3.96911	1.22339	1.60034	1.53609	0.989237	0.479885	0.379388	0.339345	0.758743	1.22332	0.339345	0.379409	0.536553	0.479917	0.678667	0.865097	0.699563	0.611766	0.169674	0.379388	0.239963	0.379388	0.865097	0.509011	0.536532	0.379409	0.169674	0.379388	0.699541	0.699541	0.678667	1.07301	1.23508	1.19962	1.01794	0.379409	0.989237	0.989237	0.379409	0.379409	0.379388	0.379388	0.239963	0	0.509011	0.536553	0.169674	0.509011	2.07018	2.07018	1.56396	1.23508	1.36766	1.32492	1.08628	1.07297	2.50369	3.40638	3.32977	4.74005	3.90005	1.45933	3.00383	2.64843	4.39629	7.26474	4.97788	3.6655	4.64902	5.29666	3.71999	1.53611	2.75987	5.04861	6.70489	8.74928	5.85944	4.28455	6.60745	3.40642	9.38329	6.15239	4.40275	1.87346	3.27347	4.79107	4.92029	3.2382	4.04054	4.20692	1.5173	3.59459	6.43365	5.09083	3.1847	2.8871	4.39323	4.84727	4.2476	1.5173	1.18755	2.52068	3.90005	1.89638	4.07938	3.05602	3.98716	2.50355	2.27517	1.60922	0.758743	0.989237	1.32492	1.13803	0.848284	1.67059	1.97788	1.32492	3.05586	7.33401	4.26444	3.2159	1.22339	5.0487	7.10777	6.04098	5.88151	7.85997	8.53806	7.28799	6.36986	5.28593	13.2281	7.83848	11.3528	10.3481	18.4824	17.0565	18.4318	4.67016	18.6741	34.5669	34.5216	24.1494	2.04236	4.51803	16.59	25.3354	1.13809	22.6712	15.2763	14.4853	16.7629	16.8415	14.5608	10.2561	6.28934	11.924	34.1648	49.3348	55.2903	45.4446	23.8747	38.3769	49.759	50.5268	38.3416	31.1247	35.7902	28.7975	14.0295	4.37016	4.27432	2.3065	0.758784
7.12284	5.0792	2.54882	5.17633	5.37589	2.20441	2.14497	2.73355	4.0719	3.23783	6.0518	6.3332	5.26347	3.84051	1.97769	1.77068	1.35701	1.82661	2.15829	1.67042	1.39873	1.77075	5.16554	5.74899	2.36167	1.19944	1.67899	1.56373	1.22319	0.989138	1.45909	1.69603	1.29182	1.39873	1.19947	1.74614	1.9336	1.03186	1.29189	1.22327	1.23491	0.508959	0.865011	0.865011	1.13792	1.32479	0.611667	0.69947	1.36752	1.32479	0.611667	0.69947	0.913536	1.07286	1.08624	1.69608	0.611705	1.08617	0.611667	0.379371	0.379371	0.339311	0.69947	0.5365	0.611705	0.848253	1.03189	0.758708	0.848253	0.719782	0.379371	1.29182	0.865033	1.13792	3.12513	2.04905	2.06306	2.12477	1.32488	2.54882	2.27494	3.18421	1.22327	0.913536	1.56373	1.07286	0.865033	0.699492	0.508959	0.69947	1.19947	0.865033	0.339311	0.239923	0	0.479837	0.611667	0.379371	0.508959	0.611667	0.169657	0.339311	0.848199	0.959606	0	0.169657	0.37935	0	0.239939	0.69947	0.848199	0.169657	0.479869	1.03186	0.913536	0.913536	0.479869	0.913536	0.848199	0.37935	0.339311	0	0.379371	0.479869	0.536478	0.758667	0.611705	0.848226	0.169657	1.89609	2.6319	1.19953	0.611667	0.508959	2.0701	3.05571	2.0631	0.865011	3.19767	4.55839	3.41017	5.62138	1.01784	3.05566	4.73957	6.52046	7.8104	3.19767	8.32121	3.59035	2.80616	1.82661	3.70016	4.74259	6.27272	10.8943	9.0184	1.07291	2.5206	5.4548	4.94291	5.2228	5.68172	5.02266	1.6791	2.71249	3.64968	5.63186	5.11568	5.41552	6.3956	2.59346	2.91629	6.09382	3.70016	2.68062	2.40994	2.64834	3.26	2.96035	1.56383	1.82661	2.88662	3.89966	1.97769	2.23035	2.71779	4.24709	3.78803	0.848199	1.93363	1.36755	1.22319	1.56373	0.913536	0.678599	1.60008	2.28123	1.43924	1.97769	4.4827	5.4155	1.9778	0.678599	3.95427	5.30925	3.29049	0.959671	3.8999	7.28718	7.16427	3.59423	3.86674	11.089	8.00779	2.17171	15.4809	21.6362	16.6352	23.8729	18.7647	3.74255	10.7628	9.31002	2.58787	7.82148	10.1087	28.4695	16.5723	24.3062	19.2604	9.92237	10.2723	9.23653	8.73129	7.86459	6.98926	5.74424	10.4148	33.8408	46.4299	56.4913	55.8399	34.3189	55.34	51.8813	41.6612	17.1353	7.85919	33.459	40.7748	23.8897	5.0481	2.99871	2.17157	1.53594
3.09273	4.40194	3.57397	4.20614	5.14545	3.23747	2.12459	2.3797	0.848128	4.70612	6.19734	5.24685	5.03072	3.62556	2.27475	1.89593	1.07277	1.44909	1.97752	1.56359	1.08608	1.45897	2.21071	2.04888	1.44909	1.23481	1.82645	1.67028	1.23481	1.19937	1.60892	1.77053	1.35689	1.60892	1.13782	1.67028	2.0419	1.74609	1.36749	1.0318	1.52643	2.21085	3.15247	2.92599	2.12459	1.59995	0.848155	0.699434	1.22309	1.56359	0.536433	0.239903	0.864938	1.23481	0.508917	1.67885	0.864938	1.23481	0.339283	0.699412	0.699434	0.536455	0.758644	0.989113	0.719722	0.379339	0.699434	0.989113	0.848182	0.699434	0.611654	1.29178	1.67036	1.13788	2.82106	1.19934	1.32468	1.8028	2.21085	0.699434	2.04184	2.27475	0.989055	1.44909	0.989055	0.678542	0.86496	0.864938	0.508917	0.699434	1.03178	0.864938	0.699434	0.758644	0.536455	0.536433	0.508917	0.379339	0.536433	0.678542	0.611654	0.379339	0.864938	1.19937	0.611654	0.379339	0.508917	0.479829	0.239919	0.719674	0.758604	0.339283	0.239919	0.758604	0.848128	0.758644	1.19942	1.56367	1.7706	1.45906	1.0318	0.611616	0.169643	0	0.989055	0.913459	0.379318	0.864938	0.678542	1.35689	2.4275	2.42753	1.39866	0.848155	1.36746	2.09747	3.0554	2.04192	2.14479	3.45591	4.81685	4.5172	1.44909	1.18733	3.12492	5.91879	10.43	9.97601	7.45273	1.23481	0.379339	3.40988	5.07023	5.37545	6.47426	9.20072	4.91906	2.20422	0.379339	1.67028	1.32476	3.22429	3.6018	4.9338	6.80657	5.31181	4.64808	2.52039	2.79557	3.71526	5.50865	5.12062	1.87312	5.15651	2.75943	2.78026	3.1976	2.40974	1.98487	1.60899	1.23481	2.40958	2.52022	3.25513	2.99846	0.758644	2.46847	4.02565	4.1892	1.82654	0.913459	1.36741	1.44909	1.53581	1.39866	1.1994	1.89593	2.35536	1.56362	1.70438	2.37365	4.57065	4.24359	3.12507	5.03079	8.10229	3.56194	4.09602	2.09747	5.92596	10.247	2.27487	6.05129	4.57378	7.39379	10.1958	14.5394	19.8166	14.9886	24.6631	31.7571	16.5378	4.24359	19.5379	39.3295	49.5723	51.3814	51.3636	40.0416	43.1511	12.4635	8.26169	10.1838	8.25664	6.15148	5.62123	6.01879	6.45483	8.9432	20.7076	31.0315	52.1762	62.0791	60.1743	59.4319	37.906	2.30623	23.7501	17.8221	27.6339	41.7489	27.7352	4.74204	2.44507	4.18234	2.79565
7.87032	8.09161	8.46832	8.61866	7.24724	5.4146	3.71894	3.11095	5.31117	7.24732	7.25708	5.83871	4.7417	3.32882	1.82627	1.45882	1.19925	1.44895	2.30585	2.17117	1.3673	1.23469	1.56344	1.97732	1.69571	0.95943	1.56344	1.51679	1.19925	1.29159	1.45882	1.36727	1.07266	1.67011	1.39847	1.3673	1.56351	1.74592	1.29165	2.27464	6.05808	8.59286	8.36715	7.89159	6.5884	3.33739	0.611554	0.239878	0.848043	1.51679	0.864873	0.71965	0.989014	1.36732	0.536401	2.04164	0.848043	0.848043	0.239895	0.988956	0.536401	0.758568	0.611592	0.611592	0.848097	0.848097	0.71965	0.758568	0.758568	0.864873	0.758568	0.989014	1.44901	1.22304	1.8025	1.32454	2.04878	3.19728	2.26196	1.03167	1.91832	2.21049	1.36727	1.13771	0.864873	0.699364	0.678474	1.03167	0.758568	0.699364	1.03167	1.07271	1.22304	1.07271	0.84807	0.758568	0.989014	0.91341	0.91341	0.989014	0.91341	0.611592	0.699364	1.18721	0.989014	0.91341	0.959494	1.1993	1.01765	0.678474	0.989014	1.19928	0.699364	0.758568	1.29165	1.89584	2.68016	2.68016	1.59988	0.699364	1.08597	0.758527	0.864873	0.959494	1.03167	0.479748	0.758527	0.37928	0.699364	0.379301	0.508866	1.35676	1.89577	0.699364	1.08597	0.536379	1.72931	2.54835	2.54835	1.93337	3.57365	2.6315	0.864873	0.37928	1.69577	3.71894	6.66113	6.88834	2.96469	1.39852	2.58755	4.12003	4.39175	4.2731	5.24645	9.21834	11.0439	7.45604	4.06771	2.35513	2.37946	2.59298	2.14466	4.88393	5.99459	5.4877	5.66845	6.83074	8.66561	8.44673	5.86758	4.7417	3.4886	2.96451	1.87293	2.35527	3.05518	2.96469	1.67879	0.379301	2.73825	3.76087	3.40545	4.7507	5.24645	4.07838	4.45323	4.61982	4.07822	3.1247	1.67019	0.479748	1.35676	1.53568	1.35676	1.19925	2.04868	2.14458	1.77042	2.26196	2.36134	3.43064	4.24317	4.41469	6.49772	11.8979	5.75783	7.24704	3.71507	4.84857	13.5754	6.12078	11.7138	3.57374	10.3383	14.148	14.5171	13.2031	18.3446	8.26104	28.8519	19.8881	5.21114	27.2784	42.8143	32.0023	29.6427	36.4279	37.4288	51.431	22.6281	9.02741	7.94264	3.23715	3.95018	5.87985	4.87227	2.37341	6.79726	11.8514	15.7299	36.914	56.7967	58.5303	41.1152	17.5107	19.9152	20.2916	32.0834	43.6336	40.8889	23.4522	5.21114	2.73309	4.2328	1.32454
4.77729	7.01947	7.62484	6.55774	5.21062	4.12321	3.94978	4.93284	5.10018	2.63115	0.913276	1.72913	2.36099	2.65284	1.5355	0.508815	0.864764	1.83392	2.39716	2.51971	1.32441	0.847957	1.36713	1.83392	1.80232	0.959333	1.32441	1.13759	1.07256	1.51664	1.59963	1.22285	0.988856	1.36713	1.23456	1.19913	1.45877	2.30576	2.42702	6.09226	10.8815	11.1207	10.0567	9.67123	10.5587	6.72132	0.699293	0.758492	1.01755	1.35662	1.23461	0.758492	0.611531	0.678405	0.758451	1.77018	1.60866	1.56335	1.08593	0.847985	0.23987	0.479732	0.758492	0.611531	0.611531	0.758492	0.611531	0.536347	0.536347	0.699293	0.758492	0.699293	0.699293	0.913318	0.508815	2.15768	2.58714	0.758492	1.89558	2.03446	2.91546	2.4091	0.719529	0.678405	0.913318	1.03159	0.864787	1.03159	0.864787	0.699271	0.678405	0.848012	0.864787	0.913276	0.678405	0.719578	0.848012	1.13765	1.13765	0.913318	0.847985	0.536347	0.536347	0.847985	0.758492	0.864787	1.0726	1.08593	1.56331	0.848012	0.848012	1.19913	0.864787	0.611531	0.611531	1.5355	1.70406	1.0726	0.536325	0.719529	1.08586	0.508815	1.03157	0.988915	0.719578	0.339215	0.699293	1.08593	1.22292	1.0726	0.536347	0.379242	1.66994	0.508815	0.847957	0	0.988856	1.59963	1.98439	1.0726	2.30562	0.611493	0.339215	0.379263	0.611531	0.699293	0.719529	3.90958	3.74144	1.03157	1.08586	4.69277	5.42182	2.27441	1.80244	4.88059	7.64688	7.73631	7.63384	6.05712	2.06951	4.06732	2.03446	2.795	2.87604	2.09705	5.11392	6.45338	8.18716	11.8224	8.8788	1.87272	3.05484	1.67003	0.959398	1.44887	1.45877	2.30573	2.06252	1.39833	4.09867	4.65619	3.92793	5.4349	4.74123	2.40926	3.62096	4.60385	3.65633	2.59272	1.98439	0.611493	0.758451	0.988856	1.13759	1.07256	1.89555	1.77018	1.13765	1.77024	2.12428	2.14445	1.87274	1.53552	2.88093	10.6776	7.28335	8.26009	4.03923	7.03312	14.0667	6.46414	9.4255	3.48805	11.1335	17.1142	13.9255	10.3481	20.2576	4.11961	30.3897	17.8835	3.86189	21.8042	39.4223	43.3357	37.5128	32.5979	29.3267	49.6109	32.3412	11.3714	3.37547	9.33725	14.7308	15.99	14.4936	12.2551	4.41414	4.07096	6.62006	9.03938	12.181	17.0478	22.1395	25.7962	35.8601	44.0483	41.0073	34.0903	26.0591	12.408	2.42704	0.678405	3.27206	2.39726
2.77929	2.50238	3.34104	3.35386	2.44437	1.36702	1.199	1.59949	1.72898	1.82599	2.36087	3.52465	4.64671	4.54105	1.51651	0.847927	1.56321	2.73253	2.0968	1.59949	1.87255	1.6698	1.83377	1.51651	1.22274	1.18699	1.56317	1.29134	0.988773	1.29134	1.77002	1.56317	1.19902	1.44868	1.3243	0.988816	4.15041	4.79174	4.87131	8.97638	11.6125	6.95829	6.79615	7.34792	11.9138	8.4927	0.536295	0.536295	0.864687	0.864687	0.864687	0.758386	0.239834	0.69921	2.58147	5.39257	5.89559	3.95295	1.56321	0.61147	0.479684	0.536295	0.536295	0.508768	0.169593	0.239846	0.61147	0.699226	0.536295	0.61147	0.758417	0.61147	0.508768	0.339183	0.479684	2.50238	2.4089	0.536295	1.36704	2.42673	3.33677	1.93288	0.536279	0.379225	0.536295	0.913197	0.536279	0.536279	0.847886	0.719469	0.239834	0.169593	0.69921	1.07246	0.536295	0.379225	0.379225	0.536295	0.758386	0.37921	0.69921	0.61147	0.758417	0.847906	0.61147	0.988816	1.0725	0.678343	1.29134	0.61147	0.536279	0.847886	0.508768	0.508768	0.169593	1.6954	0.988773	1.08577	0.47966	0.847886	0.959253	0.239834	0.758386	0.69921	0.169593	0.864704	0.959301	0.61147	0.379225	0.864704	1.0725	0.847927	1.29134	0.913197	0.913228	1.13754	0.678343	1.22274	1.59949	0	1.93288	0.847886	0.169593	0.169593	0.847906	2.27419	3.8056	5.45268	2.09685	0.959253	1.6698	6.21128	5.48635	2.26151	2.73256	2.0693	2.73774	4.23203	7.76971	8.98401	1.51657	3.34104	2.65261	0.864687	2.9641	3.593	7.44487	7.65336	3.80562	10.6972	10.8145	0.864704	0.169593	2.64719	0.611441	0.913228	1.56317	0.508768	1.93291	2.0483	4.91767	5.0293	2.54217	4.23203	3.19649	0.169593	2.42673	4.5159	4.3518	3.16501	2.51953	1.39821	0.37921	0.988773	0.988773	0.913197	1.60846	1.72898	0.864704	0.699226	0.864704	1.44868	1.59949	1.199	1.22274	6.56984	5.83756	4.84489	3.00242	6.65105	13.6903	7.08267	9.91865	2.27419	16.0967	18.451	10.4279	14.4552	19.1376	14.7733	30.6773	9.48339	19.6727	34.2763	31.4407	31.7423	34.8053	25.2468	20.583	47.4177	37.1391	12.0316	10.158	29.9961	38.8931	39.9246	37.7908	37.1814	30.6305	16.5084	13.4223	9.09504	3.56084	5.95294	16.8861	22.6995	18.0752	9.53193	9.33608	22.4495	30.2621	13.933	3.05457	1.66986	2.87561	1.22274
4.06305	3.18289	5.56065	7.21209	5.80775	3.71402	3.75996	4.31534	4.01364	3.34091	3.36228	4.13288	5.42083	6.73899	2.90025	1.60837	1.51636	2.069	1.56299	1.07236	1.29122	2.04106	2.15728	1.32417	1.07236	1.01736	1.76985	1.89523	1.19893	1.03138	1.51636	1.51636	0.913107	1.08566	1.66972	5.14371	6.43031	4.47123	4.23182	7.85518	8.02454	5.45237	8.17015	8.58532	11.523	7.64328	0.758352	0.699165	0.864605	0.864627	1.29128	1.72886	1.19896	1.8647	4.28532	2.50227	3.96686	3.12366	1.19891	1.32425	1.32425	0.959221	0.758352	0.91315	0.959221	0.847856	0.719445	0.864627	0.758352	0.847856	0.847856	0.719445	0.91315	1.08573	1.08573	1.83358	1.93269	0.864605	2.39677	2.88536	2.14397	1.08566	0.699165	0.611418	0.536226	0.847801	0.508721	0.699143	0.988674	0.699143	0.508721	0.339152	0.536248	1.29128	1.9179	1.97688	1.13745	0.61138	0.847801	0.169578	0.536248	0.719445	0.758352	1.01736	0.847856	1.08573	0.699165	0.847801	0.719397	0.379172	0.61138	0.678281	0.758352	0.847828	0.508721	1.56299	0.913107	0.758312	0.699165	1.32417	0.988674	0	0.23981	0.678281	0.678281	0.959157	0.536248	0.847828	0.479644	0.719445	1.13745	1.43866	1.93279	1.4486	1.08573	1.93282	2.30534	1.2227	1.59933	0	1.6782	0.847828	1.36696	1.8337	1.60837	2.0966	2.4265	3.93797	2.0482	3.40876	4.18093	5.77573	4.90558	0.23981	3.52435	7.08815	7.55693	5.44453	7.03184	8.35926	2.36067	1.66964	3.45458	3.90896	3.09147	1.13738	5.37354	10.288	12.0627	11.8205	9.30539	2.12389	2.63624	2.54765	2.37876	4.54085	4.78528	2.30531	1.72882	2.27387	4.19093	4.55629	3.59261	5.11866	4.84428	4.26195	6.45237	7.79808	6.30578	4.24519	3.59254	2.36056	0.23981	0.913107	1.03138	1.01736	1.36691	1.69529	1.56307	1.13745	1.0724	1.82575	1.83358	1.36688	1.29122	3.1647	3.00223	1.66972	2.88032	4.26195	12.1927	8.41467	4.57201	6.9431	18.6868	14.4401	5.58075	16.1176	16.7418	20.1071	24.1289	9.77608	21.5866	33.7371	20.3049	26.9827	16.1871	17.454	5.57575	46.3155	44.3372	17.0255	12.5064	33.8882	31.9042	33.8186	38.9516	48.1338	57.9884	59.4087	51.5324	34.0555	14.6715	5.42083	3.78631	7.44438	8.22653	14.2411	35.0118	32.2842	41.0965	16.6355	2.20992	4.31529	7.48399	5.92369
4.90814	3.83859	5.49854	7.79731	7.09315	4.74004	5.26624	5.08764	4.24489	3.93778	3.01626	1.22257	4.7846	5.5802	2.71095	2.3725	2.20321	2.59198	2.42623	1.19881	2.17047	3.40415	3.37451	1.9325	1.51621	1.52569	2.37852	2.20321	1.22257	0.864541	1.36675	1.19876	0.847716	1.44845	5.78029	8.00841	4.7008	3.53598	1.76967	4.70354	5.81946	11.2833	12.1018	10.504	8.76283	4.70052	0.699094	0.758276	1.23425	1.13733	0.988633	1.36677	0.758276	1.98383	3.23591	3.45423	6.42515	2.73732	0.379134	1.07229	1.22257	1.07229	0.847771	1.08563	1.08563	0.847771	0.611357	0.699094	0.847771	0.847771	0.611357	0.479596	0.611357	0.988633	1.08563	0.864518	2.04085	0.913016	2.77874	1.74515	1.39794	1.03128	0.536194	0.50867	0.758235	0.699072	0.536194	0.864518	1.03128	0.913058	1.07229	0.847771	0.719373	1.29115	1.83351	1.89508	1.56287	1.13727	0.678212	0.719373	0.611357	0.479596	0.536194	0.847743	0.758276	0.379155	1.08555	0.719325	0.536173	0.536173	0.50867	0.50867	0.479564	0.758235	0.379134	0.913016	1.18676	0.50867	0.536194	1.82557	1.23421	0.239802	0.169561	0	0.678212	1.44839	0.758235	0.50867	0.611357	0.169561	0	1.01726	1.53508	0.699094	0.239802	1.56284	1.32412	1.76974	0.536173	0.479596	0.988633	2.64683	4.40002	5.04557	3.6476	1.53506	1.8018	4.97425	4.42903	4.70384	5.61852	6.71968	5.53703	4.09077	6.61803	8.16254	8.92688	8.36397	5.5062	5.20891	2.75803	2.75815	3.93778	4.74892	4.73988	4.02373	2.6304	5.51916	8.36397	7.83871	4.73988	1.3668	1.44845	0.95906	6.35647	4.93141	5.95172	3.4041	1.53508	2.36032	2.77874	2.88003	2.3725	4.39335	6.49719	6.88734	2.17033	6.12287	6.79252	3.69806	3.96291	3.40823	0.864518	0.479564	0.678212	1.03128	1.07225	1.01726	1.35623	1.07229	1.07229	2.35422	2.27993	0.988575	0.988575	1.74515	1.69506	1.56284	1.98383	2.37855	7.32158	8.12806	4.23468	9.44635	15.4679	11.9162	9.11765	14.3507	10.6528	8.93876	16.8928	22.6342	3.59234	34.6124	38.7363	33.4456	38.8229	38.1271	29.0956	34.2289	47.5243	22.1326	10.9721	31.6522	32.9853	21.3036	13.7006	31.5602	49.3437	57.1215	58.7587	47.603	22.7642	12.5529	8.51575	1.39798	5.45171	24.936	36.3153	22.5663	45.0877	15.8243	2.997	7.25386	4.55608	9.93749
10.7356	17.8158	15.2987	11.5822	5.3058	3.63548	4.36708	4.58047	2.71599	2.37831	1.83325	2.14357	4.2711	4.19016	1.97639	1.89485	1.83325	2.17015	2.26087	4.36708	4.55251	4.45103	4.70314	2.81946	1.76952	1.44826	1.4383	1.36665	0.912969	0.536142	1.18665	1.53494	1.52555	4.28451	8.62254	5.14277	2.73696	4.13186	2.92424	4.46714	6.20069	7.25149	4.5805	3.74008	3.61961	1.69492	1.08552	1.32399	1.18665	0.758171	0.536126	1.29098	0.536142	2.39628	1.45814	4.01268	3.49086	0.864458	1.07216	0.611267	0.239778	0.847665	0.719301	0.719301	0.699027	0.536142	0.508623	0.379117	0.611296	0.611296	0.536142	0.479548	0.379117	0.239766	0.169545	0.536126	1.80165	0.912937	2.51879	1.45814	1.2224	0.988491	0.379102	0.379102	0.699011	0.699011	0.379102	0.611267	0.699011	0.536142	0.67815	0.479548	0.758201	0.847665	0.536142	1.53492	1.2224	1.13717	0.611296	0.719301	0.699027	0.479548	0.536142	0.67815	0.239778	0.611267	0.847645	0.699027	0.847665	0.67815	0.536142	0.758171	0.847645	0.611267	0.169545	0.379102	0.611267	0.912937	0.479548	1.32392	1.13717	0.611296	0.758201	0.699027	0.379117	1.08546	1.01717	0.67815	0.379117	0.864441	0.169545	0.988491	1.0312	1.53494	1.51614	2.7107	1.87202	0.67815	1.18665	0.536142	2.0617	3.16419	4.95104	4.0764	4.93082	2.44379	3.28839	7.09441	4.93082	2.67884	4.11808	6.26861	6.77763	6.65158	6.10165	3.98415	3.23573	5.26572	6.45108	5.08715	3.74004	3.65498	2.42609	3.96256	3.8677	4.62067	4.76337	3.55991	2.14363	1.44826	1.19866	0.758171	0.864441	1.91742	6.85186	2.7785	4.62067	4.47976	1.22245	2.04068	2.15689	2.15689	1.32392	3.10932	5.66558	7.75145	7.89136	4.67902	5.61774	3.71698	4.0762	3.5918	1.08546	0.339087	0.479524	0.847645	0.847645	0.611267	0.95898	0.611267	0.536126	2.39628	2.64644	0.847645	0.719264	1.56271	1.83325	1.59904	1.4383	1.2224	3.01581	5.22211	7.3208	11.0618	10.6672	8.68521	11.5974	14.0542	12.0722	13.5768	17.7612	19.4353	22.7026	6.87039	29.7231	28.3115	18.0779	27.6438	27.7139	25.6034	46.7968	24.2953	25.3537	41.4296	30.8608	20.3587	22.8	35.1639	38.2373	16.9029	52.8651	52.3277	27.4924	11.1883	10.0085	4.80795	2.71598	24.0891	33.7854	29.4832	41.2691	12.4794	1.69496	7.2046	0.508623	6.6024
22.6173	29.246	29.3009	25.0344	3.75874	4.31406	3.39088	4.23046	3.2881	3.61927	3.10901	2.14336	3.61927	4.71787	2.95804	2.20924	2.04048	1.5348	3.80419	4.46996	3.39088	4.84583	5.67998	3.63497	1.56258	1.5348	1.82532	1.93224	1.56262	2.12329	2.65174	2.30457	0.91289	6.51989	8.68442	2.71575	5.39024	3.42851	3.12278	2.22867	4.47945	3.89686	2.14336	2.30454	1.59888	1.23403	0.958948	0.678088	1.22227	0.988393	0.84756	1.08536	0.758096	3.83763	1.0721	5.02737	1.59888	0.678088	0.864359	0.678088	0.536095	0.698966	0.71924	0.71924	0.864381	0.698966	0.698966	0.71924	0.479508	0.339056	0.479508	0.71924	0.698966	0.339056	0.169529	0.698944	1.36652	1.70326	2.42581	1.19857	0.958884	1.08536	0.379064	0.379085	0.698944	0.84756	0.479475	0.379064	0.508576	0.536095	0.678088	0.479508	0.847587	0.339056	1.29085	0.536074	0.678088	1.18654	0.847614	0.71924	0.864381	0.536095	0.479508	0.864381	0.698944	0.611206	0.508576	0.536095	0.847587	0.91289	0.91289	1.23398	1.07205	0.678088	0.379085	0.169529	0.611206	0.611206	0	0.84756	0.912848	0.91289	1.08543	1.03111	0.71924	0.678088	0.239742	0.988393	0.84756	1.03111	0.988451	0.169529	0.71924	0.339056	0.912848	1.07205	2.80391	1.08536	1.56262	1.22235	3.27053	5.92202	7.32043	6.11979	7.08593	3.66261	3.89686	6.77677	3.28801	1.87184	3.78518	6.32178	4.8693	3.18198	2.46691	1.07205	3.96218	3.28796	2.77841	1.72832	2.20929	3.96218	1.01707	3.59939	3.72811	3.27053	4.41208	4.92471	4.55521	4.23054	2.50142	0.508576	0.379064	0.678088	5.63999	6.391	3.78539	3.05325	1.36649	1.67772	2.06841	2.30454	1.32379	2.39604	3.28796	3.57158	5.24348	3.4907	3.40761	4.31387	4.60164	3.5715	1.07205	0.339056	0.698944	0.847587	1.07205	1.08536	0.758096	0.719192	0.611206	1.91723	2.44344	1.23398	0.988393	1.43816	1.56255	1.59888	1.83306	1.32379	1.9762	4.73888	8.91844	11.8259	7.32008	8.50924	14.2103	13.7599	14.6957	10.905	6.61904	14.796	27.4614	15.5563	10.2028	12.9763	25.9319	28.9159	24.5246	18.7358	47.2313	28.101	32.7225	43.3813	29.7247	36.1979	36.3219	26.3676	26.4735	14.0184	46.7434	51.8275	32.3038	10.057	10.3433	8.00669	1.5348	20.8466	20.0829	28.9506	31.698	7.16475	8.58289	12.0996	9.37601	11.8838
28.6226	23.9354	29.3418	37.1634	12.5925	3.25284	3.23507	4.49492	5.08618	5.37133	4.17913	2.63523	4.86902	6.63092	3.93646	2.39585	4.44074	6.80138	4.31372	0.958788	3.6464	4.13103	4.91529	3.6464	2.30442	2.27312	1.93204	1.72815	1.29078	2.04035	1.8945	2.71018	5.24306	9.74257	8.11017	5.08597	6.57309	2.35355	2.83917	3.96178	3.7848	2.04027	1.8945	1.66899	0.75802	0.698873	0.75802	0.847502	0.847475	0.988294	0.864272	1.19845	1.44798	4.18932	0.847475	4.57958	6.95506	6.69266	3.11346	1.07199	0.847529	0.75806	0.611183	0.379047	0.508525	0.698895	0.847529	0.958852	0.912798	0.698895	0.536042	0.379047	0.53602	0.508525	0.508525	0.169512	0.912798	1.35585	1.59872	0.379026	0.698873	1.23386	0.75806	0.536042	0.75802	0.912756	0.678019	0.536042	0.536042	0.536042	0.75806	1.08532	0.912798	0.912756	1.23386	1.08532	1.07199	1.01697	0.75806	0.719168	0.864295	0.864295	0.611183	0.698873	0.864272	0.864295	0.698895	0.536042	0.698895	0.75806	0.847502	1.29072	1.13695	0.53602	0.339022	0.536042	1.18642	0.75806	0.75806	1.36644	1.7282	0.611183	0.169512	0.611145	0	0.239718	0	0.958788	1.08525	0.169512	0.379026	0.611145	0.239718	0.912756	1.36644	1.56249	1.80129	2.0613	0.958852	0.169512	4.38882	8.07025	11.5379	14.3476	15.9763	11.4529	9.19429	5.82508	2.04035	2.96271	4.51387	4.78623	4.33656	3.27035	3.2352	3.80384	5.61685	7.09115	4.42789	4.92994	4.13129	5.99756	4.24034	1.23386	4.02272	5.52526	5.18583	5.29163	6.37053	7.80417	7.37324	4.53911	2.42567	1.51586	0.988294	4.02274	5.16115	3.42838	1.44804	1.51577	2.27928	2.96253	2.04033	5.28339	7.92882	6.80138	4.49492	1.7282	4.17913	4.9758	4.86881	3.58714	1.13701	0.75806	0.912798	1.07199	1.56242	1.66899	0.678019	0.912756	0.847475	1.67756	2.04027	1.13695	1.29072	1.59872	1.67756	1.45784	2.20901	1.60769	0.847475	7.83788	12.5804	10.4534	4.50418	5.87571	13.5275	14.3342	17.34	16.9204	12.9338	5.67971	16.578	25.4559	11.2132	7.44705	28.7409	33.6325	43.0957	35.3222	36.6893	30.5184	19.3639	43.9822	39.5707	31.0486	19.8648	16.6743	26.1669	21.6195	41.5754	48.3473	49.2782	38.3736	19.8095	8.21955	3.72798	20.1027	7.57445	30.472	17.5253	2.64608	11.1679	12.5494	25.6716	41.6457
24.0352	15.3479	19.8944	38.7393	20.2812	3.48592	4.87734	4.42733	3.71204	4.86833	5.09671	4.33631	4.34941	8.3703	4.12029	3.71225	6.95425	6.44926	6.10207	4.09246	3.42373	3.33483	3.71201	2.65106	1.56231	1.56231	1.98306	1.66883	0.719096	0.378988	1.66883	2.22827	7.41612	9.41955	4.84213	7.44989	7.18876	3.25677	3.73899	4.24314	3.74652	2.73089	1.59856	0.84739	0.611084	0.757944	0.958691	0.535966	0.535966	0.912664	0.677951	1.03088	1.56231	2.95741	3.48987	7.09065	10.7441	10.4422	7.74921	2.12286	0.757984	0.535988	0.535988	0.535988	0.611121	0.847444	0.958755	0.847444	0.864208	0.912707	0.847444	0.698825	0.677951	0.535988	0.698825	0.698825	0.378988	0.611084	0.912664	0.698825	0.698803	0.864186	0.698825	0.698803	0.698803	0.847417	0.864208	0.698825	0.535988	0.719096	1.08521	0.958755	0.508474	0.757944	0.912707	0.847444	0.864186	0.847417	0.698825	0.379009	0.508474	0.847444	0.988253	1.03088	0.698825	0.864208	0.912707	0.912707	0.698803	0.378988	0.479379	1.13683	1.29059	0.698803	0.338988	0.535966	0.719048	0.169495	0.611084	0.535988	1.36627	1.36627	0.757944	0.239694	0.535988	0.479411	0.23971	0.988194	0.719048	0.379009	0.379009	0.479379	0.338988	1.08514	0.698803	0.912707	0.23971	1.39744	1.76899	1.53447	4.32292	7.97871	15.3829	10.039	14.3487	13.2194	12.393	7.8944	1.3663	3.93606	1.82495	1.3974	4.0892	5.57841	5.26423	4.0962	4.61636	6.6155	6.01359	5.14958	3.42804	4.24314	3.59081	3.12215	4.24326	5.87536	5.3071	4.78308	5.91148	7.31898	8.36901	7.77824	5.53491	3.2875	2.75709	1.56223	2.0331	1.66891	1.29065	1.76899	2.81861	3.38586	2.15624	6.64929	6.64082	2.839	5.73622	6.19893	9.41928	4.57913	4.14792	3.21252	1.08521	0.988253	0.864208	0.698803	1.23374	1.87146	1.39744	1.36625	1.29059	1.80111	1.69441	1.03088	1.36625	2.0471	2.068	1.80111	3.02913	1.35571	0.239694	11.3759	13.7437	4.81249	2.06109	5.38917	11.8934	14.1844	15.0814	5.76553	12.9585	19.4769	8.72309	17.4722	20.8436	3.96138	15.392	24.5216	33.5965	37.2705	18.9465	18.2224	16.3458	16.0505	32.917	37.5861	36.5512	36.7984	25.5087	21.782	29.2723	31.7933	40.6799	44.5578	32.0831	12.026	6.63468	16.1798	17.007	24.762	3.28736	13.1551	13.1737	19.1333	40.0044	42.7644
19.057	16.3614	19.1155	37.742	20.2627	9.95974	9.09537	7.48312	2.0399	3.81796	4.28289	3.73868	4.34892	8.76968	4.12012	5.07411	4.56944	1.89415	7.65732	5.06542	3.2212	3.48958	3.71556	2.20861	0.988112	1.08505	1.69427	1.53434	0.91263	0.677895	1.23368	3.90665	7.09167	7.01386	1.43785	9.03516	8.64493	4.64356	3.57061	4.07475	3.22122	1.56213	1.36611	0.912588	0.698745	0.912588	0.698745	0.677895	0.677895	0.847346	0.847346	0.912588	0.479371	3.16291	7.56718	8.58051	5.44145	7.24092	9.17854	3.16291	0.677895	0.61107	0.757921	0.757921	0.847373	0.958675	0.847373	0.698767	0.698767	0.757921	0.61107	0.677895	0.677895	0.535943	0.61107	0.98817	1.51558	1.56218	1.03079	0.535921	0.847319	0.479339	0.479339	0.611033	0.535921	0.535921	0.508431	0.698767	0.958675	0.958675	0.338959	0.508431	0.698745	0.169481	0.61107	0.847346	0.864113	0.677895	0.677895	0.508431	0.479371	1.07179	1.23368	1.36613	0.698767	0.698767	0.757921	0.864113	1.08505	0.479339	0.378957	0.847319	0.988112	0.864113	0.535943	0.169481	0.61107	0.864136	0.864113	0.757921	0.61107	0.698745	1.56213	0.508431	0.75788	0.719036	0.958675	1.01678	0.508431	0.338959	0.23969	0.378977	0.61107	1.03079	0.378957	1.07179	1.07179	0.535921	4.2427	3.45262	3.2565	7.18817	16.3777	8.77771	6.49417	2.64559	5.08524	10.3775	2.91327	4.87962	2.67787	2.35326	3.33901	4.13053	3.71191	2.35932	2.71495	3.73868	3.80314	2.87388	2.77744	4.17837	3.48958	4.78536	3.57048	2.95728	5.61587	5.4101	4.97224	5.7529	4.71653	4.76157	4.92897	3.85905	4.56942	4.09212	0.847346	1.51558	1.72788	2.06092	2.9572	3.73863	3.90674	7.31819	8.9023	8.46791	9.27792	4.64367	13.7706	4.0748	2.89856	2.27258	0.378977	0.535943	0.864113	0.864113	0.864113	1.29048	1.03079	1.36613	1.76884	2.12257	1.59842	0.75788	0.912588	2.30388	2.16932	2.16932	3.05239	1.3235	0.757921	10.7859	13.7359	7.54518	4.90587	10.967	18.0487	18.7152	7.76486	3.05247	6.06203	9.08913	16.8174	7.80251	17.4069	14.6314	12.1041	5.74539	7.47978	19.5454	23.1318	9.34924	19.3773	11.5736	20.0661	23.0077	24.6304	32.9629	28.4363	25.1693	33.9111	44.0477	49.0759	45.3183	34.6229	13.5172	6.96565	11.3837	15.8568	16.0165	5.44897	20.0389	9.86652	11.1621	39.9412	32.7583
9.23991	9.52908	27.1856	35.8367	15.253	12.8471	13.6649	11.429	4.55039	5.40676	4.55329	2.62891	4.55323	7.38611	3.59825	3.42741	1.89403	3.75721	7.11274	3.94619	2.58493	3.4272	3.72668	2.03969	1.32328	0.988013	1.93152	4.42663	4.91419	3.12172	2.12247	4.44891	5.76448	6.56264	0.611009	9.70119	10.5445	4.99142	2.5403	2.80283	1.32328	0.535889	1.19811	1.44763	1.56202	1.51534	0.479291	0.479291	0.378919	0.535868	0.757804	0.864027	0.378939	3.59006	8.82572	6.08694	0.479291	6.88346	9.13668	3.10782	0.338925	0.479323	0.611009	0.847288	0.847288	0.611009	0.535889	0.677827	0.535889	0.50838	0.338925	0.535889	0.864049	0.757845	0.718964	1.44763	2.03983	2.42488	1.56195	0.535868	0.847234	0.479291	0.378919	0.535868	0.535868	0.50838	0.718964	1.19816	1.19816	0.864027	0.847234	0.378919	0.338925	0.698697	0.611009	0.847261	1.03069	0.677827	0.698697	0.864049	0.912539	0.864049	0.912496	1.2218	0.535868	0.338925	0.479291	1.13662	1.13662	0.535868	0.698675	0.698675	0.610971	0.535868	0.611009	0.698697	0.50838	0.479291	0.757804	0.378939	0.847288	1.08501	0.912496	0.847234	0.757804	0.847234	0.988071	1.13668	0.988071	0.864049	0.338925	0	0.338925	0.698675	0.610971	0.864027	0.169464	1.44757	6.34392	3.92459	2.16924	6.08925	12.536	9.27711	5.94859	4.28255	4.2424	10.3274	4.56882	3.06618	3.2563	3.05227	3.00023	2.42498	2.87847	2.59058	3.11258	3.80273	3.57034	3.04749	5.62512	5.39876	3.89537	4.51246	4.55329	5.24158	7.91614	7.58159	5.82349	7.61811	5.77674	3.12158	3.05219	3.82896	6.14483	5.94822	0.378919	0.611009	1.35546	2.03272	2.70941	3.2209	3.61797	5.57723	5.98409	5.97472	10.9327	11.8646	12.1126	2.80297	1.52482	1.19808	0.479323	0.535889	0.535868	0.610971	0.847234	1.19808	0.718916	0.958515	1.36597	2.14253	2.2019	1.08494	1.23351	2.42485	2.12235	1.56195	2.37719	2.20852	3.14895	7.58111	8.64896	6.07782	8.21725	15.1951	17.1339	11.5262	10.5503	6.45901	4.09518	6.22502	18.2741	7.31746	11.6101	17.4345	17.4537	14.6332	7.3023	5.94822	18.4481	22.6462	15.8679	5.17047	18.4809	21.5324	30.031	27.7353	11.08	11.7352	30.276	44.5519	43.1522	36.1723	23.7831	2.39522	13.985	14.9003	18.1758	15.1883	7.89083	16.9998	12.5539	15.9925	35.0836	37.3262
6.24484	4.71559	25.2759	33.5002	29.3564	20.5164	18.0958	11.0839	2.81798	5.04197	5.61475	5.40902	6.06082	5.9311	4.0212	1.9163	4.39058	7.75428	7.43102	4.07398	3.22055	2.73537	2.67717	2.30345	1.70241	1.39705	2.06051	2.20173	3.05186	3.80218	0.239626	3.22057	5.9835	9.33431	7.80132	10.4179	11.4433	4.97099	1.87093	1.51519	0.847149	0.479275	1.22176	2.30357	2.99993	3.2691	4.83496	5.48195	3.93515	2.20824	1.13651	0.378881	0.847149	2.92255	8.90033	9.50491	9.5703	9.66066	6.95207	1.08483	0.987972	0.610948	0.757769	0.958483	0.757769	0.535835	0.535835	0.677759	0.535835	0.677759	0.610948	0.718891	0.847176	0.535835	0.378901	0.847149	0.912447	2.80255	1.5981	0.378881	0.698605	0.677759	0.535835	0.698605	0.535814	0.757769	1.22176	0.958483	0.698627	1.29022	1.03061	1.13657	0.847203	0.863962	0.718891	0.912447	1.35533	1.13657	1.22176	1.29029	0.987972	0.378901	0.958419	1.08483	0.508329	0.508329	0.757728	1.22168	1.08483	0.479243	0.61091	0.535835	0.863962	0.677759	0.169447	0.378881	0.535814	0.338891	0.61091	0.239626	0.61091	0.378901	0.535814	1.39705	0.847203	1.32315	1.07153	0.847203	0.479275	0.677759	0.863962	0.847203	0.912447	0.535835	0.847176	1.36591	2.20179	2.92261	8.06719	6.76535	6.69011	5.96924	7.31656	4.86695	2.83819	3.93515	5.66252	7.41576	4.46434	1.43756	3.05196	2.87331	1.5982	1.36583	2.15563	0.912405	1.01658	1.66835	1.13651	4.09477	7.57111	5.74424	3.58979	5.11474	8.0864	12.3413	14.8753	15.9755	12.6508	12.2697	7.58035	2.27212	1.19801	0.535835	6.09792	6.4141	1.53404	0.378901	0.378881	1.19801	2.22763	2.95669	3.37238	4.47728	5.14812	4.54993	5.24106	5.67757	4.91355	1.0849	0.610948	0.378901	1.22176	1.45737	1.32324	1.13657	1.01658	0.847149	0.757728	0.987913	0.912405	1.83217	2.40681	1.45728	1.56179	2.15563	1.8006	1.74398	4.09145	7.4783	6.57954	4.31181	7.58035	7.92559	8.15678	13.6983	15.0165	12.0894	9.33897	10.1292	11.0227	10.2747	13.9405	16.6682	6.36111	4.49301	12.5233	19.2266	20.4664	10.659	7.04056	15.693	8.59036	5.50233	16.4528	21.6698	30.6341	21.3654	16.7731	20.1453	22.0402	48.5662	46.8604	14.4734	6.99468	27.5172	23.8102	7.99942	17.0101	15.097	4.1775	10.0963	8.44808	2.27841	12.0966	13.3198
6.84754	2.54544	13.4702	25.9478	27.1822	27.7478	24.0224	11.6588	3.71466	5.42926	2.99956	1.56168	6.13672	2.65009	3.6603	5.92811	6.57878	6.41152	3.78307	1.32304	1.98233	2.14213	2.12196	2.04635	1.5339	1.19788	0.987874	3.66047	4.31161	3.75658	2.56228	4.22821	6.45992	9.53457	11.2762	11.395	9.33331	2.89772	0.847078	0.847098	1.29016	2.04642	2.53988	3.4267	3.90564	3.25565	5.28096	5.59149	5.30502	3.25111	1.51506	1.03051	1.3552	1.36575	4.74532	7.17081	7.51319	5.24055	1.60693	1.19792	1.23331	0.987874	1.07147	0.847119	0.86388	0.847119	0.912358	0.847098	0.535783	0.69856	0.718819	0.535783	0.847078	0.239606	0.239606	0.757694	1.93111	1.8936	0.757663	0.757694	0.847098	0.677696	0.508283	0.757663	0.535767	0.757663	0.169431	0.535767	0.508283	0.847078	0.610887	0.912358	1.08479	1.13646	0.847119	0.757694	1.18585	0.912358	0.847119	1.03051	0.535783	0.508283	1.07144	1.03049	0.847119	1.07147	1.1979	1.60693	1.36572	0.535767	0.535767	0.535783	0.912358	1.23328	0.378848	0.239606	0.479203	0.535767	0.677696	0.610887	1.03051	1.08479	1.86309	1.51512	1.5339	0.718783	1.59797	0.169431	0.239606	0.239606	0.33886	0.86388	0.718819	0.610887	1.08479	1.8321	2.46548	2.39475	9.24967	10.0639	9.7326	10.4686	8.06679	4.22816	0.479203	3.18013	4.34777	5.00477	4.11876	2.37674	2.27833	2.09485	1.23328	2.06723	2.4244	1.23331	1.23331	1.60693	1.4473	4.83425	7.39042	4.73619	3.42659	5.24846	9.18346	13.0356	7.68104	7.75354	10.6564	14.6006	8.27838	2.44205	2.0948	3.05164	4.55241	4.697	3.0516	1.74391	1.13646	0.479203	1.1979	1.70228	2.09485	2.99964	3.48867	3.21143	2.56228	1.72737	1.72733	0.757694	0.69856	0.698543	0.847078	0.86388	1.08479	1.22163	0.987874	0.535783	0.757663	0.98783	0.757663	1.80045	2.06723	1.5339	2.03233	2.72992	2.37069	2.95634	6.08814	6.24405	2.72996	1.03049	9.79998	8.56481	5.02453	9.33761	10.1292	6.91297	7.38507	13.1293	15.4727	9.63129	11.2201	17.1135	18.1303	13.407	4.66355	12.4101	20.0484	16.7816	8.51137	9.23787	16.0179	21.1915	22.449	23.1773	24.147	10.3868	25.0266	33.476	36.7191	45.3645	43.8594	15.3225	9.96188	22.898	14.695	25.7042	16.6134	8.61999	1.60698	6.35395	13.0256	24.5629	25.4472	20.4759
4.12869	5.38666	1.93098	10.8627	17.7476	25.8835	25.2496	12.9054	4.77188	7.29216	7.56431	6.34249	7.57922	6.87981	7.45812	6.76405	4.61714	2.88253	1.89342	1.36563	1.72717	2.42416	2.4418	1.69362	1.1363	1.36558	1.69362	1.70212	2.20138	2.20784	2.20128	1.83184	0.863781	2.03925	4.43823	4.83987	3.63255	1.07134	0.698498	0.757629	1.51499	3.7828	3.71052	3.37176	3.28591	2.92201	3.52078	2.72967	6.8631	4.38962	1.89347	1.36563	0.378831	1.0304	1.35508	1.03042	0.610835	0.479187	0.677634	0.479187	0.863803	0.98779	0.757629	0.610835	0.863803	0.718759	0.863803	1.0304	0.508236	0.338829	0.239598	0.508236	1.0304	0.677634	0.338829	0.987732	1.22146	0.698476	0.508236	0.338829	0.958242	1.36561	1.66813	1.36566	0.479187	0.610797	0.239598	0.378811	0.535737	0.677634	0.378831	0.378831	0.610835	0.479187	0.378811	0.378811	0.610797	0.378831	0.847047	1.23316	0.610797	0.169416	0.912237	0.84702	0.610835	0.698476	0.958242	1.69362	1.32291	0.479155	0.479155	0.479155	0.239582	1.32291	0.508236	0.535715	0.479155	0.846993	0.378811	0	0.378831	0.757629	0.987732	0.378811	1.36558	0.610835	1.08463	0.677634	0.169416	0.718711	0.610835	1.0304	0.169416	0.677634	1.03042	1.19779	1.36561	1.23316	10.2362	12.22	5.13058	4.2681	2.51702	1.56161	3.10693	2.91215	1.93088	3.94507	4.02028	2.37048	1.32299	2.20128	1.93085	2.06703	2.35831	1.35508	0.863781	1.32291	1.69362	4.30438	6.13611	4.61412	4.39618	6.26155	10.7284	15.2459	5.69637	11.589	12.1092	12.4949	7.86018	3.25078	3.12069	1.83184	2.27799	2.87758	2.62816	1.56158	1.36561	1.45701	0.479155	0.846993	0.698476	1.0304	1.39674	1.98213	2.03917	1.51499	1.01639	0.338829	0.535715	0.757589	1.1363	0.912237	0.479155	0.677634	0.718759	0.718759	1.18575	1.18575	0.84702	1.19774	1.53375	1.72721	1.86292	2.42419	2.20784	3.37176	8.25083	10.6815	6.68258	2.03917	7.47659	10.7275	10.3898	10.8198	6.0386	9.3802	13.29	7.63658	2.99445	3.14805	7.38975	9.20682	9.13912	12.0479	16.0808	9.9308	13.7847	13.3127	14.6836	10.3105	18.9059	30.2754	33.4715	29.1487	16.2944	5.50132	17.4354	14.5532	13.6326	25.5953	43.0573	41.9202	13.1995	27.923	30.4237	19.8369	1.69367	2.46517	4.64189	15.2599	33.0578	50.1927	49.3777	43.4543
3.65193	4.43749	3.02757	14.8705	19.5362	23.3419	24.6253	11.6694	4.24078	8.71776	7.01447	3.05102	5.80875	6.1355	4.23068	3.55683	2.20754	2.04594	1.727	1.35494	1.727	2.57841	2.87729	1.8932	1.13619	1.56135	1.93066	1.60661	1.35494	1.36547	1.82383	1.76799	1.36549	1.76799	1.45687	1.03029	1.28986	1.56142	1.36552	1.03032	2.09439	4.18319	2.44171	2.1418	2.51674	4.67489	0.378793	4.42482	6.56023	3.42591	0.863716	0.169399	1.19767	1.35494	1.19765	0.863716	0.718687	0.610774	0.338795	0.169399	0.479139	0.757553	0.610774	0.479139	0.677566	0.479139	0.698406	0.912145	0.698428	0.677566	0.169399	0.239557	0.610736	0.757513	0.338795	0.987633	1.32277	0.479107	0.479107	0.378773	1.22133	1.56135	0.987633	0.479139	1.08452	1.03032	1.36552	2.20767	2.2716	1.52423	0.508185	0.239574	0.169399	0.378773	0.535662	0.535662	0.378773	0.535662	0.378793	1.45687	0.698406	0.610774	1.01629	0.846935	0.535662	0.987633	0.987633	1.45687	1.36544	0.535662	0.535683	0.698428	0.610736	0.958146	0.378793	0.912145	0.535662	0.535662	0.95821	0.912188	0.508185	0.610774	1.32286	1.56145	0.610774	0.863716	0.718687	0.610736	0.757513	1.23303	0.677566	0.718639	0.846908	1.03029	0.846935	0.239557	1.07123	1.43705	10.3088	12.6349	3.04632	4.47601	4.07294	2.80189	3.17938	2.88224	1.6935	4.83329	4.83329	1.35494	0.610736	2.67641	2.42392	1.60661	1.56135	1.07123	1.56135	2.14171	2.56175	3.86436	4.33034	3.25046	3.35852	4.91202	8.13902	14.3954	7.08666	11.5913	8.1614	8.59237	6.8047	3.59663	3.25046	1.74349	2.16826	2.16826	2.04594	1.59765	1.45687	1.43705	0.378773	0.718639	0.610736	0.912145	1.13619	1.32277	1.19765	0.718687	0.239574	0.169399	0.535662	0.757513	0.863694	1.23303	1.08452	1.07123	0.718687	0.610774	0.912145	0.479107	0.508185	0.912145	0.757513	1.08452	1.43705	1.59765	1.35494	1.36552	3.55685	6.05928	7.26276	5.77462	3.78228	5.02359	11.18	11.9956	7.87059	9.97434	4.83944	10.2996	14.0025	10.91	10.1085	11.5727	7.62113	7.83284	9.50613	8.91974	6.68162	3.62036	2.20111	4.75944	17.9629	34.314	20.5289	5.96498	9.10485	5.38647	15.5703	31.456	38.5027	37.868	36.1808	46.913	32.5383	2.20767	2.92178	4.07283	5.06324	6.82168	14.1069	32.9251	48.7799	57.9406	52.673	51.9159
4.53563	3.86416	15.2458	32.6076	33.8056	30.8697	25.7551	14.263	9.81598	7.6952	5.40669	3.90442	6.73128	6.41166	2.77581	1.76781	1.53345	1.93049	1.76781	1.28973	1.45672	2.20732	2.96026	2.04573	1.36533	1.89304	2.05972	1.70176	1.36533	1.44686	1.74331	1.59749	0.846823	1.91556	2.03871	1.28979	2.88214	3.40483	2.46477	1.82373	3.40052	4.06532	2.67631	3.89359	3.05069	5.57435	4.24031	4.05838	3.93344	2.06661	1.19758	1.66779	1.60651	1.39651	1.53347	1.13613	0.958114	0.987592	0.846877	0.757477	0.757477	0.698358	0.535629	0.479091	0.698358	0.718615	1.01619	1.01619	0.757477	1.01619	0.698358	0.508134	0.535608	0.677498	0.757477	1.23291	1.59749	0.846823	0.84685	0.239549	1.01619	1.86255	1.86255	1.32273	2.03876	1.39651	2.39406	2.35188	2.22673	1.76781	1.13613	1.19758	0.987592	0.84685	0.698336	0.535608	0.378755	0.535608	0.169382	1.1975	0.508134	0.535629	0.912054	0.846823	0.718567	1.08441	0.698336	1.19753	1.70176	1.36539	1.437	0.987592	1.07112	0.86363	0.846877	1.23291	0.677498	0.479059	0.86363	1.18551	0.912096	1.07116	0.846877	0.535629	0.757437	0.987534	0.378755	0.757477	0.479059	0.338761	1.28979	1.22129	1.36533	1.03019	0.508134	0.378735	0.757437	1.89301	9.27085	11.5865	4.18291	3.0647	2.99878	5.85947	5.64289	2.49938	1.86255	4.59766	4.96903	1.35481	1.23291	3.10631	3.69417	4.8389	6.19482	5.73004	4.08997	3.06474	3.55647	4.40821	4.75884	5.23623	5.59485	5.90974	7.47516	8.80574	5.02336	10.0061	7.64392	7.3139	5.89524	3.55639	3.10631	1.98174	2.27125	1.56119	1.36533	2.54471	2.7081	1.93049	0.378755	0.757437	0.757437	1.13607	1.23291	0.863608	0.610675	0.169382	0.479091	0.610713	0.846823	1.07112	0.86363	1.23291	1.51461	1.28973	0.610713	0.846877	1.03021	0.479091	0	1.08441	0.846823	1.08441	1.43691	1.08441	0.846823	0.378735	0.846823	1.82365	5.28731	7.94359	6.42269	6.13283	14.7718	11.4629	7.69311	3.12012	5.77404	15.9282	13.5997	9.9996	15.6179	12.8075	8.09041	9.89403	7.45664	2.58932	10.5609	14.6842	16.7914	13.5534	20.9434	32.5231	15.9689	15.5378	15.1234	21.2486	29.3319	26.5154	27.5239	40.4434	47.3375	43.0633	23.4463	46.2591	43.4799	28.6373	21.6161	20.0866	24.207	42.8724	45.758	51.3398	31.0956	47.1809
4.22645	2.58911	26.8965	37.5615	28.8762	22.7411	11.5707	5.84893	5.55358	7.54019	7.69284	6.34954	6.2621	4.64961	1.69313	1.35469	1.9304	2.58904	2.30234	1.59735	1.08432	1.74317	3.14716	2.03854	0.846752	1.28962	1.89285	1.69313	1.32253	1.4566	1.56106	1.9303	1.39635	1.66757	1.36519	3.23232	3.55628	3.694	3.40028	2.44126	4.07203	4.39816	4.67416	4.06519	6.41113	7.62295	2.83675	1.70164	3.73614	2.54448	1.51456	1.66765	1.22118	1.03013	1.0301	0.535585	0.610662	0.958034	1.32262	1.19748	0.846807	0.863558	0.677441	0.239529	0.378723	0.479051	0.846779	1.0161	0.698299	0.863535	0.677441	0.677441	0.677441	0.535585	0.508091	1.43679	1.97432	1.56109	0.698299	1.13598	1.19748	1.89288	1.60631	1.07108	1.19743	1.39635	2.79104	1.0301	2.44111	0.846752	0.958034	1.19748	1.19745	1.0301	0.987451	0.338733	0.757414	0.718555	0.535585	1.0301	0.846807	0.846807	1.36519	1.22111	0.535563	0.698278	0.911978	0.718507	0.863558	1.36527	0.846779	0.846752	0.718507	0.338733	0.378703	1.32253	0.698278	0.757373	0.610624	0.718507	0.338733	0.378703	0.169368	0.863535	0.677441	0.535563	1.22111	0.239529	0.698278	1.07103	0.535585	0.846807	1.0301	0.698278	0.508091	0.846807	0.987509	1.36519	7.34381	9.4124	5.82739	2.35169	4.53501	5.16768	5.244	2.75502	2.37582	3.80041	3.94395	1.36519	1.32253	3.3579	4.92557	5.61195	5.99248	6.79563	5.81289	2.67608	5.00288	5.41421	5.74912	6.40913	5.96647	5.59439	5.39571	3.94395	3.92236	7.45573	7.03729	5.8948	4.17558	2.51614	2.64907	2.30237	2.27106	1.67613	0.677441	0.508091	2.73409	2.9936	0.535585	1.22111	0.677441	1.51448	1.72668	1.44681	1.66765	1.45669	1.0301	0.378723	1.69313	1.66757	1.23285	1.19745	1.13598	0.987451	0.535563	0.677441	0.91202	0.846807	1.08439	1.18541	0.911978	0.846752	1.32253	1.32253	1.56109	1.44681	1.51456	2.2007	3.42525	7.88819	8.72101	5.08169	14.5817	9.31182	9.72845	6.48768	6.62973	17.3392	18.562	8.0427	5.71188	8.42764	14.5283	15.9228	12.5706	17.48	17.7524	15.3074	10.8465	14.3724	30.0791	31.7411	8.90568	7.92553	5.96621	23.2102	36.2217	46.5324	49.7182	41.1489	28.3409	11.2315	40.2073	44.6161	47.6787	37.5441	41.7188	42.8957	28.3763	33.4879	35.5502	48.2247	42.2801	28.8696
3.28456	6.65242	29.2144	38.0226	18.4492	5.23527	1.35456	4.54079	8.55746	3.70885	1.60615	2.54424	4.67356	4.06457	1.72655	2.16779	3.35779	4.56592	3.81503	2.5778	3.7091	4.06115	4.46182	2.06623	1.07093	1.36508	1.98137	1.89266	1.51433	1.36506	1.3224	2.1544	1.5609	1.08421	0.718483	4.33244	2.58885	3.05015	3.38309	2.09386	4.17517	5.63409	4.64011	2.79085	9.10176	8.33652	1.03	0.846722	3.02655	2.62715	1.13592	0.863471	0.846722	0.757338	0.698207	0.50804	0.535531	0.535531	0.479002	0.50804	0.239505	0.50804	0.863449	0.378685	0.239505	0.378685	0.698207	0.757297	0.50804	0.911886	0.610563	0.610563	0.863449	1.07097	1.60622	1.86221	1.74299	1.13586	1.28955	1.69302	0.338699	1.5609	1.35456	1.44666	0.846722	1.74299	2.1544	1.97412	2.16765	0.378665	0.338699	0.535531	1.03	0.610563	1.13586	0.479002	0.677373	0.718483	1.08428	1.59729	1.91534	1.44666	2.16765	1.89266	0.98741	0.98741	1.19731	0.535509	0.535509	0.757297	1.74299	1.016	0.169351	0.47897	0.535509	1.19728	1.08421	0.338699	0.338699	0.338699	0.378665	0.338699	0.169351	0.846667	0.47897	0.535531	1.6674	0.378685	1.3224	1.43664	0.846667	0.338699	0.757297	0.698207	0.338699	0.239489	0.677373	1.35456	5.13664	6.0574	7.01489	7.59675	5.24607	5.23786	4.59074	4.06113	1.70147	4.68566	4.4235	1.93023	1.76749	3.7547	5.2025	5.43701	5.66156	1.5609	4.12711	0.846667	5.73355	4.46502	4.33244	4.99096	4.4363	2.58878	2.75481	7.31292	7.56731	7.41175	6.62466	3.48687	2.05934	3.16059	3.78135	3.72049	3.254	2.72862	1.53316	0.378685	1.79958	3.71271	0.718483	1.97412	0.911928	1.60615	1.74299	0.863449	0.698207	0.6106	1.72651	1.03	1.79958	1.76749	1.36511	1.03	0.757297	0.698207	0.911886	1.19728	0.50804	0.6106	0.846722	0.6106	0.610563	1.13586	1.39621	1.82331	1.6674	0.863449	1.18529	2.56102	2.22632	4.39439	8.587	10.1289	16.1543	17.5822	14.6027	8.46622	4.56281	12.9554	17.4287	17.776	18.5766	19.9113	17.1367	19.2389	21.8079	19.9459	12.9664	6.62488	8.3617	9.52282	29.8458	29.9449	10.6636	13.0743	9.6383	26.8485	22.0969	13.2921	17.5617	24.0931	29.2234	11.8703	42.3381	27.4566	35.073	25.0529	30.0744	29.5292	34.7757	17.0943	26.0192	44.2677	53.209	38.7535
4.4743	13.0184	30.1778	33.6513	15.8793	6.71052	5.79946	6.35045	6.04737	3.44962	5.85782	6.91737	7.40913	5.85755	3.11939	5.1447	5.85782	7.17251	6.74635	5.73336	4.80226	5.92468	6.21998	2.20669	1.39607	1.23256	1.74282	1.74282	1.36492	1.22086	1.36492	1.92991	1.45631	1.0299	2.53835	5.82609	3.48261	3.3996	3.38275	2.88122	4.38421	7.45609	5.08085	5.45494	11.0877	9.86309	1.19721	0.507989	1.98117	2.72839	1.93001	0.535477	0.677305	0.718411	0.698159	0.84661	0.757262	0.610539	0.378648	0.535456	0.378648	0.610539	1.0159	0.698159	0.478954	0.378648	0.957778	1.07082	0.911837	1.35442	1.19721	0.378648	0.84661	1.28936	1.22086	0.478922	1.28942	2.20682	1.97404	0.987311	0.987253	0.987253	1.08417	1.59713	1.28942	1.28936	1.45631	1.22086	2.14089	1.13575	0.478954	0.863384	0.677305	0	0.863362	0.610539	0.507989	0.507989	0.610539	1.13581	1.32235	1.70128	2.87618	2.75435	0.863384	0.718411	0.239481	0.987311	0.535477	0.698137	2.27061	0.911795	0.535456	0.911795	0.535456	0.863362	1.66724	0.478954	0.478954	0.338665	0.478922	0.239481	0.378648	0.757221	1.39607	1.60606	2.03821	1.56085	2.20677	1.53303	0.863362	0.378648	0.698137	0.478922	0.378648	0.535456	1.36492	1.0299	3.24921	3.06387	4.5469	7.74916	4.49974	4.64868	3.06387	5.06959	2.95959	5.21561	3.71234	1.19721	1.86968	4.01833	4.99046	4.75745	6.11023	5.82872	5.33141	2.87634	6.34804	6.0568	5.43647	4.69727	3.64257	3.14673	5.2591	5.2995	5.98434	6.02188	5.44437	0.507989	3.93253	5.02188	4.05723	3.73539	3.89236	3.38698	3.04982	1.82313	0.535456	2.88122	2.67552	1.72633	1.0299	1.0299	1.22086	1.02992	1.07086	0.863362	1.02992	2.09365	0.911837	1.0299	1.44645	1.83095	1.19721	0.610539	0.987253	1.32226	0.757221	0.863384	0.718411	0.535456	0.478922	1.4365	1.32226	1.6928	1.45631	0.911795	0.987253	2.06603	1.91502	2.30191	2.30188	4.06417	8.6506	10.0406	8.22681	4.66114	4.39406	9.16479	13.4627	14.0455	11.6587	10.389	10.2962	11.6331	12.3073	8.53926	3.02641	7.77951	11.6288	5.90551	26.0594	25.9484	4.56546	4.53435	8.62356	12.2638	23.9045	37.5176	41.2584	29.3348	34.6398	11.799	34.2446	34.0871	13.4177	26.2727	16.2485	7.14688	18.8144	33.1953	20.8842	42.1917	53.6501	46.1423
9.86676	14.622	24.3011	24.7648	20.9872	23.0613	23.4286	20.0008	15.5156	13.4173	14.2682	14.2682	14.9326	11.9634	8.6082	6.69134	3.02611	4.33164	4.22523	1.60585	1.981	5.7325	6.84279	3.01178	1.3648	1.07072	1.74267	1.5969	1.08401	1.08401	1.45619	1.51405	1.36484	2.40512	5.91474	6.57657	3.35712	3.55114	3.39929	5.14699	9.6806	11.219	8.21407	7.53797	13.0498	11.4729	7.75764	11.6877	14.8635	15.2109	13.3436	9.99584	6.60877	3.86269	1.51411	1.01581	0.911748	0.957746	0.987213	1.1357	1.22082	1.19712	1.39598	1.36486	1.32222	0.987213	1.36482	1.53287	1.02982	1.19708	1.02982	1.07076	1.19712	2.2259	1.86953	1.67573	1.32222	1.08407	0.987213	0.757187	1.36484	1.66716	1.22082	0.478906	0.698092	1.86953	1.6059	1.22076	1.43638	1.60585	0.846532	0.507943	0.610478	0.478906	0.507943	0.718339	1.1357	1.2893	0.957746	0	1.07076	1.19708	2.2065	3.4243	1.7672	1.74274	1.89239	1.39598	0.757157	0	1.97375	1.5969	0.507943	0.535409	0.61045	0.757157	1.08401	0.535425	0.169318	0.338633	0.507943	0.507943	0.846552	1.39598	1.56064	0.757157	0.911716	0.610478	1.08401	0.378595	0.478882	0.338633	0.677243	0.239457	0.169318	0.911716	1.5969	0.911716	1.44633	2.51555	3.14642	5.5699	4.1437	1.01581	2.88103	2.30171	1.51411	5.24232	3.78055	1.97384	2.57729	4.3969	5.90516	6.02131	7.01351	8.11672	7.28841	5.61055	7.23421	9.08823	10.1905	10.0233	10.9449	12.27	10.9086	7.39728	5.49584	5.92436	5.08036	4.22529	4.06037	4.3969	3.73506	1.51405	2.87594	3.34844	3.10977	2.67518	0.677243	0.846552	2.56053	0.846552	1.08401	0.911716	1.18506	0.757187	1.01581	1.86951	1.74274	2.2001	2.2705	2.49843	2.7903	2.37513	1.02982	1.08407	2.05898	2.25785	1.98107	1.51411	1.07076	1.02982	1.23248	1.53287	1.60585	1.82297	1.60585	1.36482	1.02982	1.22076	2.6429	3.71202	4.77798	4.17455	1.92975	4.97023	5.74015	6.04713	6.55736	8.71695	8.40492	4.32832	5.25872	6.48611	2.20655	1.39594	2.25785	3.73509	4.78081	5.58756	10.5139	14.5853	29.5623	27.6824	14.2571	21.3576	25.978	29.1605	20.6017	7.9407	7.78629	18.5005	35.1664	23.0543	19.3241	28.7042	10.541	13.104	10.3842	15.083	19.536	16.4913	13.1664	36.7006	48.7505	47.726
4.91815	8.76859	19.374	26.4433	30.4776	29.47	25.1101	20.3671	16.4886	14.0046	15.2405	17.7376	20.9097	18.3537	16.9404	13.9674	6.29575	5.06864	5.58701	2.67489	1.89216	5.06012	6.96429	3.74228	2.39294	2.03781	1.97356	1.45604	0.987072	0.911627	1.5139	1.19697	1.1356	3.55081	6.79277	3.41991	1.44619	2.0932	3.38224	8.96148	13.1895	11.2666	6.9647	6.10921	13.0945	9.92418	10.6374	12.9597	14.4322	16.5284	17.6114	16.1424	12.5003	8.24539	3.21781	1.02973	0.698031	0.478866	0.610427	0.846481	0.98713	0.846481	1.07066	1.32211	1.36475	1.28919	1.53275	1.70099	1.60576	1.72606	1.44625	0.718279	0.338602	1.45604	0.863226	1.08397	1.02973	0.610427	0.698031	0.846481	1.02973	0.911627	0.535357	0.239437	0.338602	2.19981	0.846481	2.64264	0.507896	1.01571	1.53273	0.757123	0.718279	0.698031	0.610427	0.610427	1.01571	2.0588	2.30161	2.03079	1.02971	0.698009	1.45604	2.49808	1.56053	1.44625	0.98713	1.44619	1.45604	0.378578	1.5139	1.45604	0.507896	0.677181	1.19699	0.338602	0.846481	1.23233	0.378558	0.378558	0.698031	0.863226	0.863226	0.677181	0.535357	0.98713	1.45613	1.69259	1.36475	0.846454	0.846427	0.846454	1.02973	0.98713	0.846481	0.698009	1.32202	1.32202	0.378558	1.70096	0.98713	2.5152	4.54891	3.63013	2.64281	1.51398	2.78997	5.49513	2.89556	1.56056	1.89223	3.08654	4.94401	5.70999	5.43576	4.68457	4.09156	4.03196	4.87466	6.48545	8.40612	9.4679	10.4216	9.83955	7.74797	5.67273	4.18443	4.83665	3.01168	3.78028	6.21926	7.10645	4.3609	2.12045	2.73304	5.13522	3.94612	2.37493	1.6057	0.846427	1.92956	0.677181	0.478834	1.36467	1.59674	1.08397	1.19699	1.98081	1.53275	1.74259	2.30161	2.80031	2.27031	0.911669	0.378558	1.13554	1.72602	1.53273	1.86936	1.92969	2.04488	1.89223	1.36475	1.35417	1.56049	1.82279	1.6057	1.23233	1.01571	1.36472	1.97356	4.26499	5.51045	0.846481	1.66701	3.38213	0.911669	2.88079	5.76668	13.067	10.0672	6.55688	10.8537	9.4956	6.35573	2.92013	2.81558	1.39581	5.12697	4.89783	4.89766	14.6653	29.8325	27.4025	14.083	12.6505	18.8604	15.1209	19.2329	21.4555	8.88849	10.7089	28.3833	21.6967	17.1855	15.8765	14.7794	8.11764	8.60225	27.1009	14.2272	14.5466	9.89494	33.7182	35.7026	32.7
5.42461	9.28268	15.4626	18.0778	16.9086	16.8627	16.4972	13.1664	10.1884	9.60014	15.8073	18.2191	21.6082	15.8364	7.41485	13.9571	8.57076	6.64988	8.50877	5.36435	4.01738	6.18415	6.68338	3.3986	2.8804	2.64779	2.20606	1.59658	0.911536	0.846369	1.56033	1.45599	2.27639	4.47292	5.58645	1.08387	1.76681	2.72767	7.61048	11.742	10.0869	6.33541	5.03744	6.25916	13.0073	8.09956	8.77429	7.1705	6.41486	6.32878	9.81042	11.7513	12.3331	11.8747	5.43493	0.697939	0.535325	0.37854	0.239413	0.239413	0.338568	0.338568	0.37852	0.677113	1.69242	2.09306	1.74232	0.986973	0.911536	1.07051	0.863117	0.507845	0.610328	0.697939	0.610366	0.507845	0.677113	0.757047	0.846396	0.846396	1.07051	1.22052	0.677113	0.757047	0.535325	2.15357	0.37852	3.01118	0.610366	0.535303	1.32189	0.338568	0.169286	0.338568	0.37854	0.239397	1.59658	2.62614	1.66685	2.58779	1.70082	1.51383	2.22547	2.35041	0.677113	0.863139	0.718207	1.66676	1.74232	0.757006	1.19682	0.957506	1.289	1.69237	0.987031	1.22052	0.846396	1.89194	0.697961	0.846369	0.677113	0.846369	0.697961	0.239413	0	0.169286	0.239413	0.507845	0.610366	1.02961	1.13543	0.610328	0.846342	0.478818	0.757047	0.478818	1.0838	1.79889	0.911536	1.74232	0.697939	1.5603	5.13467	4.65951	1.36458	2.87545	4.54851	4.08395	0.863117	0.239413	0.535303	1.22052	1.89194	2.22547	2.83538	2.19959	0.846369	1.22052	2.15357	2.58221	3.53026	2.62623	1.799	2.03755	3.33071	2.20606	1.44611	2.89522	1.83043	0.697939	2.89025	1.91461	1.53257	1.44604	2.64779	5.57121	3.62976	1.70082	2.37467	1.89201	1.02961	0.987031	1.56041	1.35404	1.92937	0.535303	0.507845	1.5603	1.5603	0.757047	1.1969	1.36458	0.846396	0.863139	1.07056	2.22547	1.18483	0.697939	1.9294	0.911578	0	1.07056	0.911578	0.911536	0.957506	1.69231	1.5603	0.957506	0.957506	0.846342	1.13543	3.0489	6.10851	4.53306	2.0376	4.54848	4.06317	4.27797	0.718159	9.99771	13.5567	13.55	10.0585	8.32033	11.5522	6.18447	1.91448	5.58674	5.30069	1.22052	9.43131	13.6196	22.4397	27.6815	29.5462	30.9088	18.7731	30.36	29.6988	2.73289	30.3332	27.7139	30.0106	13.8569	19.7921	10.8526	11.231	9.30329	19.2437	21.3927	17.0962	20.2582	22.3957	31.7959	28.388	20.8235
7.20667	4.47253	6.71045	10.8704	14.3671	20.5291	21.226	15.698	14.0968	19.5439	20.5856	15.7994	22.0097	21.2281	8.09875	11.8874	6.87171	4.30739	6.27191	3.61765	2.51473	6.09165	6.11016	2.75334	3.04862	2.40432	1.97319	1.76665	1.23213	1.19676	1.44592	0.378503	2.20592	4.61018	4.43421	1.67526	3.35616	7.72102	11.9601	11.625	8.13498	6.25868	6.58129	7.79312	13.2019	7.76792	8.23704	7.19331	6.29905	4.08376	4.67146	7.99119	10.7983	14.4516	8.16206	0.86304	0.535273	0.535273	0.47877	0.47877	0.535273	0.535273	0.697894	3.38569	4.98881	5.07608	3.55408	0.911457	1.07042	1.13533	0.697878	0.610305	0.911489	0.911489	0.677051	0.535257	0.378503	0.718135	0.846312	0.677051	1.13533	1.19674	0.911489	0.756972	0.986933	1.44592	0.535257	1.92921	0.957474	1.18473	1.36444	0.846291	0.378487	0.338537	0.535273	0.697894	2.26977	2.582	0.86304	2.40432	1.32178	0.16927	2.03738	2.35021	1.19678	1.36447	0.911489	2.03738	1.69217	1.13533	1.44592	1.36444	1.6054	0.756942	0.986933	1.66662	0.16927	1.69217	0.610305	0.697894	0.507798	0.756942	0.507798	0.535257	0	0.535257	0.47877	0.507798	0.677051	1.18473	0.846291	0.239389	1.19676	1.01552	0.16927	0.535273	0.756942	1.51362	1.02953	1.36442	0.478746	1.56017	6.31224	5.28658	3.11808	3.3814	4.0836	3.10889	0.756972	0.338537	0.478746	1.45577	1.51362	1.0837	2.49761	2.42212	1.6054	1.69217	1.56017	1.86898	3.06268	2.42212	2.3563	4.25426	3.734	1.44597	2.27605	2.46307	3.33043	1.32184	4.48836	1.92928	2.35021	1.32178	2.9919	5.90335	3.77944	1.52308	1.86132	2.03742	0.756942	1.07042	0.610305	1.19676	2.05836	1.23213	0.610305	1.0837	2.03738	0.478746	0.16927	1.13533	0.986933	1.45584	1.9805	1.86132	0.378503	0.338537	1.19672	0.957474	1.53244	0.378487	1.02951	0.535257	0.718099	1.56017	1.59645	1.02951	1.18473	1.19676	1.36444	2.20588	2.57647	3.044	4.25431	6.74792	4.19717	3.56608	0.756972	4.09054	4.09054	0.986933	1.82252	3.89082	6.23815	7.10678	6.81616	9.1205	10.7949	10.9989	4.06262	12.8251	19.2296	16.9364	10.7118	27.5888	13.9977	23.494	15.7716	13.855	30.2476	11.5791	26.9575	20.4774	19.2998	21.1624	7.25352	15.1949	13.1461	9.5702	24.0248	11.2338	15.5275	26.1366	41.4598	37.3962
5.16675	5.76973	4.17277	3.25222	9.53452	15.1076	19.4193	21.2902	23.0846	23.9368	19.7165	16.9622	25.1675	30.5921	14.4576	9.81274	7.83359	6.2378	5.73544	4.63738	4.56023	5.46519	5.80873	3.95578	2.51449	1.56002	1.56005	1.89166	1.76655	1.66646	1.43583	0.169255	3.10856	4.9223	3.77912	2.95337	5.49633	9.39469	10.7517	7.80314	4.49764	2.13997	1.66654	4.96557	12.9402	10.3485	6.67613	3.23016	0.846214	2.87005	3.64104	5.58543	8.67688	12.8767	10.5124	3.79805	0.846241	0.610253	0.718075	0.846241	0.846241	0.697811	1.36433	6.54398	5.97675	7.52565	5.88362	0.911368	0.911368	1.19663	1.13528	1.19668	1.13528	1.02944	1.02944	1.07036	0.846241	0.47873	0.37845	0.718027	0.95733	0.718027	0.37845	0.676989	0.86298	0.169255	0.535205	0.986849	1.59638	1.53229	1.19665	1.53232	1.36436	1.22037	0.91141	0.846241	1.1966	2.36822	2.20579	2.58731	1.39541	1.23203	1.86881	1.0836	0.846241	0.610253	0.986791	2.77373	1.66646	0.718027	1.44578	1.36433	2.11985	2.51462	2.03731	1.23203	0.610253	1.53229	0.86298	0.169255	0.37845	0.610216	0.338506	0.535205	0.338506	0.697811	0.37847	0.535227	0.697811	1.13522	0.86298	1.07036	0.47873	1.1966	1.07032	0.986849	0.47873	0.697811	0.239369	0.86298	1.13528	1.76648	7.97629	6.07953	4.99956	5.07828	4.54762	2.99161	0.239369	0.535205	0.507752	1.66646	1.66646	0.986791	1.59629	2.11973	2.51446	1.56002	1.02942	1.92901	3.44793	4.22706	5.07558	4.72838	3.58579	2.40423	3.75266	3.52974	3.73369	2.39216	4.70419	2.46283	3.59357	2.72707	4.14205	6.35394	4.57269	3.86126	2.40423	2.03723	1.39541	0.338506	0.846241	1.23198	1.56005	1.19665	0.239369	1.44578	1.59629	1.23203	1.83021	2.20571	1.23203	0.957394	1.51355	2.40423	2.16656	1.51347	1.19663	1.56012	2.55961	1.51355	1.35379	0.986849	1.02944	1.28876	1.1966	0.756867	0.846186	0.846186	1.36428	2.16642	1.56002	1.36431	2.39226	4.23718	4.59445	2.6743	0.957394	3.79785	4.31681	1.28882	1.70048	3.11772	3.89043	5.24297	8.50723	12.7211	9.33696	7.80512	15.6971	17.1386	21.5463	13.9819	8.48137	24.9039	20.2255	16.9499	12.3841	19.3992	22.5835	6.25781	16.9356	13.2505	14.6729	7.74896	9.37726	17.6845	11.5675	9.18621	21.2023	5.10896	15.1704	12.5997	10.6713	16.3024
1.66629	4.27339	7.22859	0.957298	11.036	8.81411	8.95338	14.8708	14.8674	11.5011	11.0526	11.8183	32.5648	36.7289	13.0897	5.58488	4.54723	3.91936	2.20552	3.72172	5.35997	4.60929	4.64605	3.42263	1.45548	1.36414	0.47865	0.911319	1.7663	2.51421	1.19648	0.610192	2.90909	5.96639	3.56537	2.8944	5.85424	7.19171	7.97203	4.70373	1.69189	1.7663	2.54252	2.30061	8.8895	9.64877	2.8145	0.846156	3.04817	3.77889	3.65632	4.77564	7.84493	7.60796	9.39948	6.71307	1.01532	0.478682	0.478682	0.697763	0.535173	1.19648	2.67386	7.42174	3.81249	7.76079	7.80385	1.19648	0.610155	0.507701	0.846156	0.756832	0.676921	0.846129	0.862894	0.862894	0.697763	0.610155	0.535151	0.610155	0.957234	0.610155	0.378432	0.697741	0.239329	0.535151	0.169238	1.36417	1.36417	1.69183	0.338472	1.01532	1.08356	0.98675	0.862872	0.239345	0.507701	1.69194	2.27574	1.89147	1.35365	2.03703	0.98675	0.169238	0.338472	0	1.32151	3.24737	1.22017	0.697763	1.70033	1.5134	1.43578	1.36422	1.28869	0.862894	0.535173	1.19653	1.60508	0.239329	0.535151	0.535151	0.239345	0.169238	0.676921	0.338472	0.378412	0.507701	0.338472	1.08349	1.08349	0.957298	1.39532	1.02931	1.74183	0.697763	0.756791	0.378412	0.862872	0.718003	0.610192	1.51332	8.56482	5.85413	4.22315	4.83753	5.52631	3.6561	0.338472	0.338472	0.610192	1.53214	2.0924	1.66629	1.32151	2.27559	2.8795	0.846102	0.911277	3.89004	5.0778	4.39157	4.14164	3.36809	2.39197	1.5134	3.06209	3.34704	3.94116	6.18923	4.79924	3.38072	4.79924	3.64051	4.01609	5.60766	4.27356	4.50658	3.02469	1.8915	0.862894	0.717955	0.378412	0.911277	1.45557	2.25678	1.60508	1.82991	0.338472	2.05796	1.39532	2.13967	1.36422	1.92894	2.40399	2.27574	2.05796	2.64162	1.32151	1.55989	2.03001	1.07025	1.01532	1.13517	0.98675	0.862872	0.717955	0.846102	1.22017	1.07021	1.82209	1.82209	1.22017	0.47865	0.756791	1.82209	2.19901	2.25678	1.4457	3.21215	5.60786	6.00451	5.58516	6.39531	5.63775	0.697741	6.04428	12.1416	17.6471	13.3038	14.0943	18.0224	11.7561	5.80362	10.6694	24.8922	17.2013	14.4447	3.82361	24.0389	18.5754	11.4396	12.2083	25.0333	23.5527	9.23345	6.24607	16.0928	4.17936	18.8238	16.3971	10.2153	21.3589	22.3526	19.2875	7.67201
2.8794	3.72148	5.74395	3.1762	12.4389	6.82453	2.51412	2.39173	2.19879	2.30046	6.91237	1.67467	36.2552	38.6702	11.452	5.58684	4.30607	2.95263	2.73184	4.56242	5.35943	3.59285	3.34648	2.75251	1.36401	1.36403	1.32147	1.07015	2.39168	2.51395	0.911186	0.50765	2.15275	5.87281	3.94054	2.88914	5.58432	6.13604	7.53335	5.16308	3.28213	3.72145	3.3847	4.70931	5.51554	8.26815	3.70604	3.06183	3.61278	3.26474	2.64153	3.11716	5.85354	4.56242	8.7264	9.85533	3.41826	1.19641	0.378394	0.50765	0.717883	1.32138	3.59285	7.75278	3.56501	7.47175	8.96452	1.82973	0.378374	0.239321	0.239321	0.50765	0.697671	0.610093	0.378374	0.535098	0.610093	0.957138	0.478602	0.338438	1.0701	0.756715	0.338438	1.01522	0.756756	0.957202	1.97994	1.76619	1.82191	1.9726	0.338438	0.756715	0.378394	0.378374	0.846017	0.169221	0.676853	1.32147	1.36409	1.02921	0.986593	1.60492	1.13505	0.756756	0.756715	0.169221	1.08338	2.95263	1.92872	1.13505	1.22005	0.378374	0.239321	0.717883	0.378374	0.957138	0.338438	0.50765	1.67467	0.535098	0.378374	0.478602	0	0.478602	0.378374	0.378394	0.676853	0.697671	0.239305	0.986593	1.32138	0.378374	0.717883	0.535098	1.5597	0.338438	0.756715	0.50765	1.13499	0.610131	0.535098	1.5597	8.66876	5.36995	4.40392	4.53109	5.19852	3.70601	0.478602	0	0.169221	0.986593	1.79819	1.91374	1.5597	2.15275	2.58122	1.02923	1.23174	4.5933	5.53342	3.22943	2.63052	2.67359	1.92866	1.28856	2.91865	2.67376	2.73184	7.14396	5.16572	3.65573	4.98429	4.14122	4.08594	4.59336	2.22466	2.67362	0.846017	0.610131	0.50765	0.697671	1.19641	0.846071	0.676853	1.36401	1.92863	1.92866	0.986652	1.45534	0.986593	1.45534	0.846071	1.07015	0.756756	0.756715	2.27536	2.77317	1.44549	2.11931	1.59597	0.610093	0.697693	0.378394	0.169221	0.697671	0.676853	0.756715	1.22005	1.0701	1.89121	1.74165	1.08338	0.338438	0.676853	1.51317	1.0701	2.16598	1.69172	0.911228	1.32138	0.957138	2.27536	6.97101	6.60682	4.01584	2.53674	5.80757	19.0209	21.7736	8.56565	7.19097	4.96464	10.0827	5.24192	25.168	8.56415	12.6681	16.4895	28.6802	22.3034	13.2833	14.1164	28.5509	18.2273	14.4114	8.44158	8.07577	14.5407	11.7879	14.664	3.74062	21.9416	30.3228	11.2063	17.6602
1.08329	1.55968	6.81401	10.7046	12.1758	8.06992	5.76839	4.92984	4.27278	3.41797	7.375	4.00489	33.9579	37.6692	14.4672	6.26952	2.95241	4.63598	4.54639	4.30588	3.28177	2.86904	3.3801	2.42117	1.76605	2.3003	1.97255	1.82957	2.39148	1.92849	1.55965	1.08336	1.36389	4.77764	4.10987	3.71733	5.33521	5.72634	7.45068	7.62168	8.479	7.42084	6.50352	6.54232	6.2922	7.65976	4.54639	3.72114	4.92108	5.80739	5.74385	3.98711	2.43879	3.24698	8.24922	12.0445	7.90401	3.44695	0.378363	0	0.986511	0.845946	5.28186	9.09878	4.90665	7.76485	10.4046	3.42203	0.61008	0.717871	0.61008	0.535075	0.862713	0.911109	0.33841	0.610042	0.845946	0.717823	0.535053	0.239301	0.986511	0.986511	1.02912	1.18428	0.911151	2.22447	2.88902	2.0646	2.51377	2.30015	0.478562	0.697613	0.756693	0.697635	0.862713	0.507608	1.19631	2.11925	2.19861	1.69152	0.610042	1.07006	1.08336	0.507608	0.957058	0.239285	0.535053	1.86828	2.09208	1.3534	1.45521	0.33841	0.239301	1.08329	0.862713	1.3534	0.846	0.478594	1.08329	0.676796	0.535075	0.676796	0.378363	0.378343	0.239285	0.239285	0.378343	0.756652	0.717823	0.986511	0.957058	0.33841	0.239285	0.535053	0.957058	0.239301	0.239285	0.33841	1.21995	0.845973	1.36394	1.72504	7.85059	4.6452	5.40112	4.87176	4.32876	3.04745	0.478562	0.169206	0.676796	1.19629	1.51304	1.79804	1.79804	1.67453	1.82176	1.36394	1.5596	3.85998	6.11018	4.53071	2.3554	2.53645	2.88902	3.04764	4.56207	4.22265	5.383	6.92212	4.54639	3.28177	4.73003	5.19833	4.54655	4.75394	2.79872	1.89113	0.61008	0.610042	0.756652	0.478594	1.36392	0.862735	0.676796	1.1349	1.08329	1.39502	0.697635	0.535075	0.862735	0.535075	1.08336	0.378363	0.862735	1.19631	1.82957	2.30015	1.39502	2.2689	2.06448	0.862735	1.55968	1.44543	0.717871	0.862713	0.845973	0.697635	0.610042	0.911109	1.66598	2.04362	1.39502	0.717871	0.845973	1.51304	1.02912	3.14417	2.79857	2.27533	1.89115	1.8683	2.22443	4.69376	4.89796	4.19564	3.2513	5.28458	21.2234	21.6485	9.08247	15.3098	1.18428	17.8549	11.0169	21.4219	16.9546	17.4703	17.1364	27.0076	28.7205	23.8242	25.5698	17.9026	10.6225	18.2679	7.62895	11.108	18.3948	16.9913	14.2514	5.8727	19.7369	30.7201	4.5714	18.0052
16.2994	15.8348	16.7299	15.8348	10.5854	6.9215	6.44863	8.31921	6.10762	4.73858	7.97023	16.3707	33.0333	34.4075	15.0787	5.73557	1.9283	5.3795	5.19757	2.46188	1.89086	2.40315	2.79829	2.79844	3.42187	2.42105	1.86811	2.87382	3.25097	2.75213	2.19844	2.2751	2.49655	3.52826	2.29992	3.48353	5.15107	3.11653	4.08526	7.87872	11.5356	11.4554	10.8655	10.0364	9.52562	9.43819	7.13321	6.34291	6.48115	6.61862	7.986	9.61787	8.49946	7.05023	6.02385	6.87242	7.4704	4.30534	3.10757	2.42102	1.59577	4.15434	9.88855	10.5708	4.60816	7.67717	10.9361	4.17117	0.957026	0.845916	0.676728	0.378305	0.609981	0.911018	0.507557	0.845861	0.956962	0.338376	0.676728	0.338376	0.756576	1.01503	1.36378	0.676728	0.756617	2.13907	0.478546	2.09187	2.42096	2.29992	0.610019	1.32123	0.98647	0.697565	1.02904	1.32123	2.87879	2.0644	3.18888	1.82939	0.957026	0.98647	1.08318	0.862627	0.378305	0.756576	1.18416	1.44529	1.52235	1.60463	1.21982	0.697543	1.28833	2.05742	1.06995	0.534999	0.378325	0.378305	0.676728	0.862649	0.756617	0.697565	0.535021	0.378325	0.507557	0.610019	0.478546	0.609981	0.845861	0.986412	0.756576	0.378305	0	0.478514	0.717751	0.338376	0.378325	0.478514	1.36376	1.06991	0.862649	1.36378	6.07946	3.20674	4.15412	3.98645	3.37977	1.69135	1.2199	1.74143	2.19844	1.89097	1.19619	1.32114	1.82939	1.39488	1.55945	1.23151	1.39492	3.4837	6.91134	7.91736	5.65397	4.46104	4.08184	2.40331	2.72597	1.89086	1.91352	4.50518	3.91818	3.4837	4.3416	5.05702	4.43232	4.22544	2.79844	2.20495	1.69146	2.19844	1.69146	1.06995	1.36378	0.378325	0.717799	1.02904	0.378305	0.862627	1.02904	1.06995	0.957026	0.756617	0.338376	0.986412	1.72486	1.82166	1.72491	1.51289	1.45507	1.79786	2.11892	1.55945	0.610019	0.609981	0.378325	1.02902	0.845888	0.378325	0.507557	0.697543	1.19614	1.74133	1.36378	0.756617	0.986412	1.55942	0.756576	2.58075	4.08164	1.02902	0.378325	1.66582	1.7658	2.53611	1.82939	0.845861	2.27495	3.62771	18.9528	20.752	14.6995	22.9768	5.97922	17.9693	11.7074	9.91052	6.29146	6.67962	3.97592	13.033	15.357	18.8146	20.0353	15.789	21.8883	3.10297	18.2435	15.0548	7.75861	3.85224	10.5708	9.17108	21.7983	31.7302	14.5698	20.9502
15.0738	14.0676	13.0845	11.5732	9.28389	4.59223	6.25494	6.87011	8.36001	8.34171	11.2919	15.7799	28.4692	30.3923	12.5975	4.38989	2.37311	3.22852	4.30491	4.06736	3.04687	2.58049	1.89078	3.751	3.85199	2.8785	2.4963	3.20655	3.39633	2.39106	1.82932	2.43845	3.32865	3.64707	3.61176	5.25405	3.79604	1.66573	3.88879	7.16576	8.99329	9.26168	11.228	11.1319	10.3066	10.9543	10.4452	10.7025	9.6854	8.14412	7.90263	8.90678	10.3504	10.8645	10.5792	8.93314	6.23468	1.66565	0.717727	2.42069	3.08417	7.43238	9.41219	5.92864	0.910927	8.32787	10.7629	3.61554	0.95693	0.910969	1.02892	0.697473	0.534946	0.697473	0.676661	1.02892	1.23139	0.378287	0.507506	0.697473	0.507506	0.756541	0.845804	0.169173	1.13467	1.2197	1.66565	1.19605	1.36362	1.36362	1.36367	0.845804	0.845777	0.169173	1.08314	2.57509	3.08417	1.55929	3.24612	1.82148	1.9282	1.36365	2.16537	0.845804	0.534967	1.44508	0.60992	1.02894	1.36362	0.986313	1.13467	1.74116	1.86793	0.609958	1.86793	2.51341	2.29981	0.845831	0.378267	0.60992	0.338342	0.378267	0.169173	0.239253	0.378267	0.169173	0.378287	0.676661	0.86254	0.756501	0.717679	0.478466	0.507506	0.845804	0.910927	0.534946	0.338342	0.756501	1.55926	1.2197	0.609958	0.86254	4.17076	3.25065	3.21535	3.28105	2.90797	1.36367	1.32109	1.76569	1.76569	1.1961	0.717727	0.60992	1.39474	1.5222	1.89067	1.01493	2.19822	3.04703	4.73811	6.74403	5.93829	4.30508	4.14016	3.0841	1.0698	2.88832	1.18404	4.06725	4.31472	2.39106	2.13885	2.16551	3.51595	2.95191	1.53157	1.53157	1.08314	1.0698	0.378267	0.60992	0.86254	0.986313	1.36365	1.08314	0.507506	0.338342	0.845831	1.3637	1.01493	1.18404	1.45501	0.676661	1.74116	1.28814	0.60992	0.956866	1.45492	1.44508	1.97204	1.28814	0.845831	0.609958	0.239237	1.44508	1.23143	0.986371	0.697495	0.845804	1.02892	1.08307	0.86254	0.862563	1.51274	1.9132	1.0698	1.36362	2.83349	3.04695	1.55929	1.43513	2.58049	2.89329	1.72473	1.0698	1.67419	2.58049	12.2206	16.0129	18.8337	27.1399	13.0411	11.0628	20.4655	15.3	19.6629	18.7577	9.01135	18.7729	7.60554	7.19487	13.5019	14.1864	23.3823	8.52635	25.2068	11.2582	5.56751	7.87076	11.8075	6.78759	18.7733	27.881	35.0606	22.7024
3.70483	5.24024	5.82017	4.46015	8.31058	4.49503	7.49345	4.91392	6.17977	9.48463	11.9151	9.38937	24.4913	26.898	7.94914	6.95872	6.93245	5.62778	4.30449	3.59154	3.18829	2.67263	2.91761	3.4003	4.22128	3.92841	3.63893	3.04659	2.90773	1.44495	0.986274	1.52206	2.54132	2.55813	4.56072	5.06152	1.02884	3.75056	4.83253	6.08774	5.60503	3.02323	5.6052	8.02614	7.69972	7.94932	5.95917	5.07555	5.01663	5.29394	3.94282	2.2557	2.90787	4.31455	4.32442	4.02848	3.17499	2.16529	2.27464	1.69952	3.35376	5.61253	5.88754	5.10604	0.609897	8.29875	10.7328	3.5637	0.478451	0.676599	1.02883	1.02883	0.697412	0.534899	0.534899	0.756436	1.2196	0.378235	0.239217	0.609869	0.338311	0.697428	0.845746	0.534915	1.89051	2.03608	2.99479	2.88816	2.39084	1.02884	0.845726	1.3209	0.697412	0.697428	0.862464	1.74101	0.845706	2.27453	2.20441	0.756467	0.98623	1.67406	2.40271	1.08298	1.08303	0.338311	3.10693	3.55184	3.22831	1.51261	1.51261	2.34864	0.756467	3.44602	2.95165	1.21966	1.72457	2.13873	1.53141	1.08298	0.534915	0.676599	0.338311	0.338311	0.37825	0.507459	0.478451	0.507459	1.06971	0.862481	1.01484	0.37825	1.28802	1.19594	1.3209	0.507459	0.37825	0.609869	1.67406	2.11853	1.59545	1.32096	1.74101	2.42057	2.57484	2.09141	1.74101	1.36354	0.717655	0.910848	0.609869	0.239229	0.609897	0.37825	0.609869	1.43501	1.51261	1.82914	2.2557	1.51261	3.70467	4.23464	2.77216	2.46149	3.71624	4.60711	2.13873	2.03602	1.92792	4.83527	4.08782	2.72547	1.82124	1.39462	0.756467	0.845746	1.69112	1.69112	1.51267	2.39088	2.20451	2.06399	1.82914	1.53143	1.66551	0.756467	1.23131	1.08303	0.986274	0.986274	1.23128	1.69104	0.862481	1.55921	1.55919	0.845706	0.98623	1.3635	1.06971	0.756436	2.43809	1.08298	0.169157	0.534899	0.507459	1.82905	0.956786	0.507459	0.862481	1.19596	0.862481	0.378235	0.534915	0.845726	1.74101	2.04303	1.55915	1.23128	1.19594	2.72547	3.11596	1.86774	5.39957	7.13961	6.57693	4.26156	1.74108	1.43501	8.83205	22.3194	26.0398	14.0308	18.0642	1.08303	22.0851	14.7153	17.8239	24.1699	17.1137	29.9519	15.7106	26.1616	13.807	24.1754	20.821	7.92798	24.1282	1.72457	21.0364	14.3393	20.9222	6.26127	20.7826	28.8319	27.7677	21.741
3.89889	4.31419	3.9748	3.59142	8.25791	8.52971	8.79227	4.45661	2.98981	7.798	11.4616	12.8014	19.9807	19.0134	14.2981	8.57655	3.20583	5.72651	6.16977	2.95125	2.39056	1.89036	3.94238	3.48274	4.77303	3.98558	4.60668	5.53085	1.82887	1.28796	1.39453	1.72437	3.4826	5.27199	6.8092	3.25011	4.45632	4.86989	3.81044	3.73116	2.77188	2.58565	1.79747	1.67389	0.697345	3.04169	4.65587	5.80518	5.93712	2.87292	0.845621	1.08287	0.534848	0.609808	0.239193	0.717547	0.169141	0.33828	0.33828	0.169141	2.39062	5.39923	7.49291	7.74935	3.08354	7.51494	10.6398	3.82888	0.169141	0.478379	0.609808	0.91076	0.91076	0.534848	0.534848	0.845621	0.986132	0.676536	0.507413	0.507413	0.609846	1.01475	0.717595	1.32085	2.54108	1.559	1.1958	2.26803	2.11832	0.478411	0.845675	1.60417	0.845675	0.98619	0.697367	1.69087	0.239193	2.29927	1.45466	0.609808	1.21948	1.55898	2.2743	2.42024	0.697367	3.73873	3.2806	2.91729	3.95669	2.29927	1.74084	1.92772	1.82106	3.04631	1.19588	1.59532	2.15189	2.624	3.04631	1.51246	0.534869	0.33828	0.478379	0.378197	0.239193	0.862382	0.845675	0.609846	0.845621	0.756362	0.717547	0.534848	1.45466	1.1958	1.79735	0.609846	0.845675	0.697367	1.89033	2.29927	0.609846	0.910802	0.956691	0.169141	1.3634	1.06964	0.378197	1.23116	0.534848	0.717547	0.756362	0.697367	0.717595	0.845648	0.33828	1.23116	1.69098	1.89043	0.609846	2.95606	4.6066	2.87292	0.910802	1.92782	3.17455	3.08354	3.38314	0.956754	3.48254	4.86691	2.03581	2.4957	0.862382	0.862404	0.534848	1.06964	1.08294	0.98619	1.19585	1.60417	1.18383	1.66543	1.92785	1.69098	1.85991	1.45475	1.74094	1.59532	1.36345	0.956754	0.169141	1.53129	2.03589	1.2879	0.507413	0.534869	1.2879	1.89033	1.35288	0.956754	1.69087	1.69935	0.507413	0.534848	0.507413	1.55898	1.13446	0.378197	1.01475	0.33828	0.378197	0.33828	0.378218	0.609808	1.55898	1.51246	1.559	1.559	1.0696	3.10649	3.95669	2.3545	7.74926	9.3176	8.54761	9.46338	5.88716	1.55908	6.96778	21.2669	28.6838	22.5871	21.816	13.0866	25.401	13.3923	1.86756	29.2957	22.3302	34.6409	20.34	31.5862	14.5134	25.3654	21.1426	16.8399	18.825	5.00747	23.3687	19.4163	24.6481	6.07544	24.3962	35.5018	27.3691	19.645
6.539	4.92747	5.95807	7.96721	11.4168	12.4953	8.91672	5.60416	5.43789	10.0774	8.72639	6.90261	9.47939	10.2382	15.0737	15.6082	7.73425	7.75567	6.73361	2.25521	2.37244	3.22782	6.40881	4.35633	4.33981	2.29904	4.98433	5.01543	1.82096	2.27422	2.51267	2.09106	4.38854	6.39108	4.38865	3.70391	6.03999	2.75095	2.87766	3.59106	6.81074	9.48292	11.5817	12.8305	12.1473	11.3405	11.3524	11.2973	12.638	11.6515	9.91293	8.99092	8.03169	5.84338	3.0833	1.18371	0.609785	0.534815	0.534815	0.534794	0.37818	1.36331	4.72775	8.90559	10.0778	9.12366	7.67426	3.85442	1.02865	0.756286	0.609747	0.609747	0.756286	0.697275	0.534815	1.18371	1.28777	0.478331	0.338246	0.717523	0.756326	0.534815	1.43482	1.55885	1.51231	1.32072	2.05663	1.45451	1.89024	2.03575	1.13441	1.53114	1.55892	1.19576	1.51239	2.03569	1.08276	2.2678	0.717475	0.910668	1.43473	0.986033	2.57976	3.34459	2.06348	5.50472	2.58539	4.49392	5.23896	1.13435	1.89021	2.72502	3.55108	3.54709	2.27422	2.40239	2.1649	2.57976	3.7497	0.717475	0.91071	1.08283	1.13441	0.609785	0.378159	0.845537	0.378159	0.338246	0.338246	0.756286	0.862296	0.534794	0.910668	1.23104	1.55882	0.507362	0.534815	0.507362	1.92753	1.53112	1.89024	1.51239	1.69076	1.66526	2.02865	1.19576	1.21943	0.676469	0.697297	0.534815	0.845537	0.609747	0.507362	1.13441	1.13441	0.239185	0.507362	1.19576	1.23108	3.42035	3.37847	3.02267	3.22782	2.87264	3.14265	0.91071	3.24966	2.20404	3.70776	4.297	1.32063	1.53112	1.92766	2.15167	2.25528	1.72424	0.986091	0.478363	0.845537	1.32063	1.21936	0.986033	0.338246	0.37818	1.28777	1.18371	1.4546	1.66526	1.51239	1.36331	1.18371	0.23917	1.60401	2.13824	1.02865	0.676469	1.21936	1.74066	1.36326	0.717523	0.862318	1.7242	1.59506	0.697275	0.845564	1.39434	1.02863	1.23104	1.01464	0.845591	1.23108	1.28783	1.55892	1.55892	1.02863	1.32063	1.08276	1.43473	1.74066	3.33181	3.46581	3.2276	8.20269	7.14782	4.38225	1.23104	7.34709	8.91672	7.46422	7.8184	22.0187	21.7021	17.8548	22.9132	29.8718	15.9419	19.5673	28.9087	18.9097	25.7651	34.4405	25.8158	9.00931	11.3904	17.9206	27.8381	17.754	9.98868	23.4203	28.1252	4.30363	26.4664	17.6373	32.5952	35.5188	32.305
8.75396	6.96684	8.20917	9.64319	10.0781	10.4308	9.44549	8.70826	9.96165	10.6625	6.47804	1.28764	5.39808	5.42953	9.90059	17.342	13.6402	11.1419	7.74773	3.02237	3.93815	5.13786	6.41914	3.21414	5.36639	4.60568	4.00233	2.35402	2.29896	2.274	2.67195	2.49534	4.42995	5.76467	2.62877	6.0858	4.60568	3.35298	5.20897	7.0746	9.82834	11.0592	12.7802	14.0051	13.2737	10.1189	8.70195	9.34571	11.3989	11.7106	10.2159	9.52691	8.86441	7.58222	5.29218	1.13423	0.378142	0.534762	0.534762	0.862231	0.910619	0.756251	1.02852	4.32643	6.68315	5.8404	3.37824	3.22728	0.985935	0.985935	0.75621	0.53474	0.534762	1.02854	1.08273	1.3942	2.16454	0.534762	0.239146	1.52161	1.69903	2.29881	1.13429	1.88998	1.86719	0.378142	0.845479	1.74059	2.53505	2.51241	1.97861	1.82862	1.60391	0.862231	1.55869	0.862231	2.39008	1.67355	0.338212	1.08266	1.79699	0.534762	2.88721	3.85773	4.30326	6.02072	1.97861	6.67009	5.76467	1.51216	2.40215	3.57875	4.56874	4.13858	3.14254	2.16468	1.82851	3.79456	3.24488	0.534762	0.697227	0.534762	1.02854	1.36317	1.19564	0.534762	0.478315	0.676401	0.507311	0.697227	0.862209	0.609724	0.985993	1.53099	1.01454	0	0.169108	1.18359	1.44452	0.609724	0.756251	0.910577	1.06943	1.13429	0.609686	0.338212	0.534762	0.862209	0.845479	1.01454	0.378142	1.18359	1.06939	0.239146	0.697227	1.32059	2.41985	2.15145	1.23096	2.98901	1.85954	2.43751	2.55735	4.42989	2.35402	1.97861	3.22736	2.78685	2.72471	3.48185	2.34794	1.36317	1.21931	0.697205	1.19556	1.01454	1.18359	0.717403	1.23091	0.845452	1.18359	1.53096	0.676401	0.338212	1.06939	1.44452	0.609686	1.02854	1.06943	1.32059	2.03549	1.53099	1.53096	1.66501	0.338212	1.02854	1.66501	1.45436	0.845479	0.862231	0.53474	1.3205	2.39008	1.23091	0.862231	1.76495	1.72407	1.55874	2.3722	3.28	2.7715	1.08273	1.18359	1.21931	0.845506	1.21923	1.08266	1.5949	2.20375	2.75067	2.5795	3.63772	7.06243	7.50638	8.11366	7.87129	3.11517	1.92743	3.776	3.82836	4.70013	7.18653	6.06744	18.2378	30.4803	14.877	27.9848	22.2367	11.0438	7.55657	15.4087	24.7163	29.7905	25.1726	26.0664	20.6469	21.8031	22.336	21.8734	12.644	25.4926	26.8689	26.902	16.3273	14.9719	27.098
9.75539	5.19472	5.51169	6.23179	5.46013	4.98084	6.34151	7.66604	9.24539	7.07595	4.08303	3.39479	3.04083	8.78209	10.534	15.6819	13.1032	10.6471	7.04584	2.75063	2.95056	3.55043	2.04225	5.6655	5.07347	3.47748	4.05498	2.54038	1.1342	1.21921	2.06323	3.24919	4.39106	5.44184	4.05498	6.23405	7.06204	4.66671	3.88698	7.07385	9.92751	8.93216	8.72502	7.9815	8.96598	6.94998	4.35553	4.13823	6.03886	6.63366	4.40073	3.85019	4.89471	7.2862	5.43658	0.845381	0.756187	0.98591	0.910543	0.956483	1.2876	1.06934	0.845408	0.534717	0.534717	0.910501	1.2876	2.0631	1.01446	1.39413	1.55861	1.23085	0.956483	1.06934	0.534717	1.79684	2.0631	0.845435	0.862159	2.5121	2.41956	3.14208	1.85938	1.1342	1.32039	1.08257	0.478275	1.23081	0.507269	1.23081	1.39413	1.23085	1.59477	0.534696	1.88979	1.2876	3.11482	2.57929	0.697169	1.39409	1.74034	1.59477	2.95523	3.37785	4.32256	4.90321	0.338184	7.38714	5.20825	3.56242	1.97124	2.13794	3.58232	2.54036	2.03537	2.62317	4.37802	3.48161	1.67341	0.910543	0.37811	0.169093	1.19546	0.37811	0.609673	0.756187	0.862159	0.697147	0.534696	0.507269	0.697147	0.37809	0.534717	1.02844	0.534717	0.534717	0.676344	1.13414	0.338184	1.18349	0.98591	1.23085	0.98591	0.507269	0.507269	0.910543	1.19551	0.862137	0.985852	0.985852	0.609635	1.08257	1.19546	0.37809	0.169093	0.534696	1.74034	0.609673	1.55856	1.79684	0.910543	0.169093	3.04542	3.51409	2.20364	1.76487	2.83228	3.63758	2.1645	3.17366	2.72442	1.13414	1.88989	2.35393	1.66495	1.08264	1.36301	1.39409	1.0693	0	0.534717	1.53084	1.36301	0.609635	0.609635	1.13414	1.51203	0.37811	1.06934	0.98591	1.69889	2.05626	1.55861	0.862137	0.534696	0.697169	2.20356	1.79684	0.862159	1.19551	1.02846	1.39409	2.87211	2.38994	1.79696	2.20362	2.19714	2.11784	3.21385	2.62325	2.72448	1.28753	1.32039	0.609673	1.06934	0.676344	1.32039	1.69039	2.03524	2.51207	2.16436	2.20356	3.7491	4.50263	3.04542	4.21957	4.83051	3.17366	4.32588	6.55739	10.5537	17.7565	21.5373	22.5112	30.0235	2.75057	27.2596	11.3331	9.96601	3.37785	33.6119	45.816	26.1493	43.507	17.9165	28.4411	26.2452	11.472	7.73106	21.5487	24.6257	21.2616	13.4925	11.3585	25.6346	18.3686
10.5714	8.68068	3.58196	5.08419	4.23269	2.7085	3.52604	5.06206	5.54433	2.75035	0.985754	3.15537	9.79812	8.85805	14.1146	19.5327	18.4653	13.5293	6.07318	2.62846	2.5345	3.15537	1.02836	6.197	2.70848	3.70308	4.7503	3.63705	1.51196	1.91224	2.83199	4.64184	3.85721	5.22943	4.43878	4.38751	6.50501	5.20802	4.42937	7.79491	8.59093	3.93743	4.0651	3.24881	6.33847	6.2873	2.79657	4.17859	8.55846	10.1598	8.20076	7.83801	7.46213	5.89919	2.79643	0.676277	0.507218	0.33815	0.534642	0	0.534642	0.609574	0.534642	0.534664	0.609574	0.534664	0.697099	0.985754	0.478195	0.609574	0.985754	0.609574	0.169077	0.697077	1.02833	1.59461	1.13402	0.676277	0.378052	1.97817	2.83189	1.69023	2.3897	1.39399	1.01436	2.13764	1.59471	1.13409	0.378072	0.956323	1.02833	1.01436	1.43432	0.609612	1.32026	1.02833	2.29839	3.70286	0.378052	1.19534	1.43432	2.67132	2.99327	4.22924	3.48121	5.19412	0.507218	6.44614	3.88646	4.46753	2.51195	1.67336	3.39441	2.05605	0.985812	3.74864	5.00556	2.70322	2.09047	0.910452	0.507218	0.910452	1.36287	0.378072	0.239118	0.378072	0.845351	0.956387	0.378072	0.478195	0.378052	0.697077	0.676277	0.845324	0.756112	0.756112	0.985812	1.5307	0.845351	0.91041	0.478227	0.862073	0.862051	0.756071	0.697077	0.534664	0.169077	1.06923	0.756112	0.697077	0.845324	1.55841	1.53068	0.717319	0.239118	0.609574	1.44426	0.756112	0.717272	0.478195	0.534664	1.06919	2.51185	2.87687	2.91623	1.97104	2.29854	3.31818	2.58466	1.97092	2.26716	2.13764	2.03509	1.08253	0.239118	0.676277	1.69028	1.19539	0.697077	1.06923	1.45419	0.534664	1.4541	1.08246	0.478195	0.609574	1.44426	1.19537	0.169077	0.910452	1.36292	2.26728	2.03517	0.910452	0.697077	0.239118	2.06289	2.34751	0.91041	0.697099	1.13409	1.82036	3.1053	3.10072	2.11762	2.3537	2.2034	1.39399	2.35359	1.44426	2.64452	2.09041	1.39395	1.18337	1.19539	0.507218	1.43432	1.67325	1.91211	2.75017	2.29839	1.82036	2.78625	5.75878	6.10102	7.13627	7.5846	6.77566	7.23938	7.56421	14.4743	26.6211	25.8673	23.6035	28.3154	18.2052	30.3188	13.8796	10.4702	16.6451	42.5531	41.7936	23.5224	50.5392	18.6025	44.2353	41.097	35.7554	12.8294	17.8012	20.502	19.0524	12.8022	7.94562	6.67561	25.7389
10.1749	10.0734	5.28002	5.75095	4.33828	4.22906	5.48754	5.89398	3.98366	3.22645	2.79615	2.5116	10.3205	7.61479	9.13337	15.4395	16.8954	13.7618	10.0083	8.74873	7.09039	4.16823	2.58433	5.4355	2.02787	1.67308	3.48086	3.89706	3.71806	2.22255	4.01188	7.40484	7.48949	5.86036	1.21889	5.39664	6.65805	4.54267	3.35203	6.89999	10.0028	10.3687	8.75654	6.35366	6.64108	4.90237	4.72594	8.10425	9.82523	9.36616	6.026	2.87658	1.85901	1.45395	1.53055	1.51181	0.985713	0.7172	0.507167	0.16906	0.478147	0.378014	0.338116	0.378014	0.845212	0.609513	0.697007	1.35223	1.44418	1.44418	1.19527	0.861987	1.06913	1.23061	1.01425	1.28728	1.19525	1.19527	1.08242	1.8281	1.53055	0.756036	2.0558	1.44418	1.32021	2.41907	1.19527	1.32021	1.43427	1.86666	1.74	0.478147	0.676209	1.08242	1.23061	1.36276	2.22255	4.41593	2.38951	1.39381	1.92692	3.20878	2.87154	4.16798	3.60927	5.05289	0.755996	4.79421	2.29831	4.74995	4.85608	3.94065	2.91594	1.13397	0.53461	3.17302	4.54246	3.05888	2.04184	1.19522	0.338116	1.52118	1.28734	0.985713	0.845266	0.717248	0.756036	0.956291	1.55832	1.69016	1.08242	0.378034	0.378014	0.534589	0.378034	0.53461	0.478179	1.13391	0.609513	0.609513	0.378034	0.507167	0.7172	0.755996	0.534589	0	0.861965	0.845239	0.53461	0.697029	0.985713	1.36274	0.845212	0.507167	0.697029	0.861965	0.985655	0.507167	0.239094	0.338116	0.861987	1.35223	1.28728	1.02823	2.1967	1.55832	0.697029	1.55822	1.72354	1.28734	1.19522	1.32012	2.06268	0.53461	1.01425	0.7172	1.67308	0.16906	0.609513	1.36271	0.956291	1.69016	1.55829	0.609513	0.845212	1.02823	0.507167	1.01425	1.36276	1.01425	0.755996	2.04195	2.72925	2.22255	1.51181	1.18325	1.21889	2.29819	1.88951	2.03496	1.74009	2.62264	3.48089	3.68716	2.38951	1.60339	2.67108	2.88652	4.13741	4.00142	4.30216	3.71792	1.13397	1.13391	0.985655	0.697029	1.88944	2.2225	1.72354	2.51157	2.74989	2.11729	3.24836	5.70156	5.01352	4.38687	4.72596	5.19384	6.78322	8.72469	14.8702	21.1645	16.4103	15.5924	25.8637	17.3942	35.3271	23.1356	9.59154	20.7093	40.9036	44.7081	8.7231	50.8561	13.2994	44.5655	26.9626	41.6568	16.0742	4.26892	21.5079	26.2934	21.9324	26.3466	30.848	22.3927
7.48838	9.6592	5.72823	5.76256	3.57728	3.58932	4.68651	4.58878	3.73671	3.9402	5.38567	5.87663	9.76131	11.5008	7.4959	17.103	13.3251	8.06742	10.5764	11.1346	9.74177	6.26603	4.65293	5.13573	3.20849	2.02769	1.44404	3.41891	2.8911	2.06251	6.39905	8.17691	3.613	2.0347	5.43513	10.0728	10.4098	10.6344	10.7555	12.156	13.8254	13.0022	11.5362	7.13697	7.76855	8.26679	9.07227	9.72329	8.91223	6.97801	4.82325	1.88925	0.845162	0.845162	1.01416	0.861888	0.956148	1.08226	0.23907	0.478131	0.696946	0.377982	0.534542	0.845162	0.676147	0.609462	0.956148	1.32001	0.755931	0.377982	0.478107	0.609462	0.755931	0.696946	0.676147	1.28717	1.60325	0.861905	0.377997	0.169044	1.02814	1.53041	1.69837	0.985615	0.845162	2.16374	1.44399	1.36265	1.28721	2.06251	1.73985	1.21884	1.21884	1.28721	2.94966	3.85278	3.62477	4.39946	4.15059	0.861888	3.03995	1.59439	3.88564	1.53039	5.56347	4.39949	3.17275	3.0211	3.5494	3.3938	3.32611	3.54948	2.15063	1.43413	1.59439	2.70796	4.54202	3.98307	2.13724	0.956148	0.861888	1.36259	0.338085	0.478131	0.755962	0.845182	0.985615	0.845182	1.06902	1.19518	1.23049	0.985615	0.717176	0.845162	0.985615	1.06902	0.60949	0.845141	0.676147	0.377997	0.338085	0.23907	0.338085	0.910241	0.845141	1.19516	1.39372	0.60949	0.338085	0.478131	1.13386	0.985615	0.169044	0.534542	0.377982	1.08226	0.985572	0	0.377997	0.755931	1.44399	1.86651	1.66446	1.73992	1.6033	0.60949	0.676147	1.13381	0.534558	0.755962	0.169044	0.755931	2.03466	1.21879	1.36259	0.23907	1.9778	0.676147	0.985572	1.08226	0.71714	1.02816	1.32008	0.985615	1.23046	1.28717	0.60949	0.478131	0.534542	1.19516	1.9778	2.15052	1.36262	2.0347	1.59439	2.1965	1.28721	1.76429	0.755962	0.910272	1.19516	2.72889	2.87129	1.76429	2.78579	3.68684	3.84892	2.34708	3.52525	2.78579	3.72903	4.32465	1.28721	1.01416	1.02816	1.4539	1.85884	1.6644	0.985572	2.29797	3.27859	2.41887	3.18617	4.4538	4.22183	5.17155	5.76278	5.44563	6.23225	6.93573	10.8573	18.5155	21.4211	29.0163	34.904	10.5557	35.3671	30.6548	11.0349	18.7654	33.0813	49.2397	44.9343	45.3173	26.5718	43.8053	3.24813	37.9497	37.013	22.6003	7.59228	27.9693	35.1625	25.8826	18.0023	17.9811
1.79616	9.38235	10.5753	10.1042	5.46815	1.59416	2.05542	1.51153	2.91534	2.41866	1.6031	1.97761	7.27567	10.5956	3.14087	15.1821	16.9913	13.5976	10.5393	9.40432	7.38059	6.89849	7.04116	4.58811	1.66432	4.19124	3.70206	2.43623	3.00662	2.51127	6.28545	5.20356	6.02522	8.39109	8.74693	8.46491	5.56044	5.29268	5.97363	6.10185	6.39879	8.9115	11.5632	6.93534	6.04614	6.99558	7.22199	6.73211	6.77354	5.62344	3.38086	1.72322	0.845084	0.338054	0.845057	1.28704	0.910152	0.696879	0.377965	0.338054	0.861806	0.845084	0.845084	0.696879	0.507074	0.676085	1.06889	1.36246	0.755857	0.507074	0.507074	0.609401	0.717068	0.717068	0.478059	1.31988	1.55794	0.377965	0.910194	0.956116	1.39355	0.910152	1.08215	0.377945	0.507074	2.83108	2.0275	0.755897	1.73968	2.67059	0.676085	0.861828	1.23038	1.69823	3.6086	1.31997	2.79564	4.50091	4.3012	1.01407	2.34685	3.41844	2.72338	3.71343	5.73764	2.34698	4.79334	1.18304	3.97204	1.88914	0.861828	1.88907	0.845084	0.985532	1.21874	2.41863	5.60069	4.77559	1.08215	0.755897	0.861828	1.1337	0.338054	0.338054	0.338054	0.338054	0.507074	0.377965	0.478059	0.239034	0.696901	0.910194	0.696901	0.696879	0.696879	0.910194	1.13376	0.478091	0.239034	0.377945	0.534491	0.377965	0.609439	1.02804	0.985474	0.910152	0.861828	0.338054	0.478091	0.755897	0.845084	0.507074	0.377945	0.338054	0.717116	1.36249	0.861806	0.377945	0.338054	1.1337	1.92644	1.19503	1.2871	1.36249	0.534491	0.239034	0.609401	0.845057	0.377965	1.02806	1.2871	1.44391	0.985474	1.55796	0.755857	0.676085	1.45368	1.08215	1.66423	1.02806	0.696879	1.195	0.507074	1.19508	1.13376	0.609401	0.534512	0.338054	1.13376	1.51153	1.92647	2.27278	0.377945	1.44385	0.755897	1.81984	1.23038	3.20819	4.08147	5.32991	5.37477	5.80857	5.601	3.85245	1.88917	3.37656	3.48025	3.71343	4.55727	3.64397	2.87603	3.46384	1.02806	1.06893	1.08222	1.44391	1.3936	0.696879	1.195	2.81086	3.04425	2.40087	2.87595	2.98762	1.97037	1.92644	2.87595	1.81984	5.39539	7.56185	11.3732	17.6059	16.2524	13.0005	28.4641	20.0093	23.8111	31.5998	20.4033	14.4681	22.7301	20.1179	37.281	35.8554	16.8081	39.7636	23.6442	14.548	30.1925	25.2203	21.4915	17.8371	2.51124	32.2409	25.8803	18.5041
4.90957	3.18572	10.3799	13.6644	6.42622	2.43598	1.88888	1.01397	2.41839	3.58843	2.70744	4.58165	6.70419	6.01733	6.20865	4.8545	7.91424	8.28034	9.9063	13.6713	11.6954	6.81204	6.90391	2.5836	5.92323	5.95888	4.58159	4.88929	1.21862	4.76938	2.74924	2.76993	6.40902	7.77238	7.51515	6.23104	3.79244	1.36232	0.377927	0.755822	1.06882	5.71996	11.574	12.3543	9.54616	6.86355	5.43417	6.06405	6.0987	4.05646	1.06878	0.910061	0.861742	0.534458	1.08204	1.13359	0.910103	0.861742	0.755781	0.478011	0.716996	0.716996	0.60934	0.69681	0.676017	0.676017	1.23022	1.39341	0.844999	0.507023	0.169012	0.60934	0.910061	1.02794	1.19493	1.36235	0.755781	1.23026	0.985433	0.717044	0.69681	0.60934	0.985375	0.534437	0.478011	3.14056	1.55781	0.844999	2.40063	2.2025	0.609378	0.910061	0.696831	2.22187	3.57658	1.69804	4.08429	4.17699	2.53345	0.955956	1.68969	3.36361	1.88895	5.91597	3.21232	2.35269	6.38684	2.37083	4.77216	1.79609	1.36235	1.82747	0.676017	0.507023	1.81975	3.5607	5.95144	4.16681	0.377907	0.755822	0.845026	1.02794	0.696831	0.910103	0.861742	0.23901	0.676017	0.239026	0.169012	0.534437	0.23901	0.534437	0.534437	0.239026	1.06882	0.861742	0.534437	0.534437	0.478011	0.534437	0.534437	0.534458	0.755822	0.676017	0.478011	0.609378	1.13365	1.36235	0.716996	0.534458	0.33802	0.377907	0.507023	0.609378	1.06882	1.53012	1.28697	1.3624	1.44377	1.52075	1.36232	0.717044	1.19493	1.55781	1.19491	0.23901	0.507023	0.985375	0.534437	0.910061	1.53009	1.3624	0.861742	0.844972	0.33802	0.377907	1.21854	1.36232	1.21854	1.43386	1.55785	1.594	0.716996	0.478011	0.23901	0.169012	0.377907	1.13359	1.52075	1.21862	1.19491	1.82747	0.534458	1.36235	0.844999	1.594	1.55781	4.42745	4.60325	5.2033	5.24391	4.69768	2.67043	2.94899	0.534458	2.38873	2.51085	2.16331	2.25371	3.27808	2.43613	2.29754	0.33802	0.60934	0.377927	1.19491	1.06882	0.845026	1.13359	2.87566	2.6703	2.34661	2.87072	2.72835	2.29754	2.35269	2.5836	2.37086	5.66278	9.30891	17.7058	10.4284	2.53345	4.13624	16.7728	23.0395	26.2654	24.1152	21.3915	23.9094	40.839	30.236	17.1997	26.8842	13.8877	33.3815	36.4985	31.0865	30.494	5.75684	25.0619	32.6672	8.18582	27.2953	31.0238	19.6841
10.8431	9.7052	11.5047	12.7408	5.27529	4.22062	3.27776	2.55569	0.675949	4.91496	5.71939	6.24611	4.46538	8.60655	12.2408	12.9401	11.2165	9.16669	10.2212	14.8883	12.7701	5.37334	4.13572	6.44127	6.12818	2.87546	5.23497	5.19171	2.9051	2.03405	1.28684	2.14988	3.39689	5.20252	4.58725	3.60788	3.15385	1.68946	1.06872	0.534384	2.20228	1.59393	4.91504	8.77383	9.64699	8.21056	7.00029	6.80334	4.6304	2.0271	1.69789	4.83089	6.66612	6.21028	5.12621	5.01193	5.3737	5.39466	5.20551	3.73564	2.13669	1.97009	2.05506	1.36221	1.082	1.52996	1.91119	1.23009	0.675949	0.377889	0.239002	1.06867	1.02784	0.90997	1.13348	0.534384	0.337986	0.861634	0.477995	0.910011	1.36227	1.2185	1.01387	0.696762	0.506972	3.11295	1.68941	0.955861	1.76377	2.5389	1.8274	1.28684	1.2185	3.58023	3.88459	2.89026	3.97125	5.22704	4.73315	1.81956	1.01387	2.87556	6.20792	4.91496	1.67255	4.55622	5.05652	4.70306	5.85789	1.86596	3.18521	3.89557	4.39833	5.20551	4.42724	3.08093	4.724	2.67003	1.3197	1.36227	1.59393	2.51074	2.40055	1.67255	1.36224	1.19479	0.337986	0.377869	0.377889	0.506972	0.377869	0.377869	0.506972	0.696762	0.609317	0.337986	1.39332	0.696762	0.90997	0.337986	0.477964	0.337986	0.534405	0.534405	0.534384	0.377889	0.477995	1.08193	1.45339	0.534384	0.609317	1.082	1.55773	1.43372	1.23014	1.1828	1.02786	1.3197	1.81956	0.844942	0.534405	0.377889	1.44356	1.36221	0.90997	0.609279	0.337986	0.861634	0.861656	1.1828	1.88872	1.02786	0.755706	0.377889	0.861634	0	0.955861	1.23009	1.43372	1.68952	2.0894	2.11648	0.910011	1.19481	0.609279	1.28684	1.59393	1.69789	0.90997	0.377889	0.844915	1.76377	1.06867	0.675949	1.35171	1.76384	3.39281	4.70306	2.72284	1.76377	1.43372	2.27248	3.71663	3.64324	1.55773	2.41817	3.56026	3.09922	2.04116	0.337986	2.20241	2.1166	0.861656	0.844888	0.69674	1.23009	0.675949	0.844942	0.910011	2.03405	2.57227	2.36459	3.37599	3.54437	3.212	3.47956	3.47956	1.73943	3.74683	9.38463	18.1889	16.0915	22.6576	23.1916	25.993	28.8927	28.981	22.5679	2.04106	28.783	38.6443	22.8399	33.1519	10.0372	14.3252	23.6097	9.73718	9.48011	10.0374	35.537	25.3615	36.4091	16.6751	8.47	20.0424	33.0025
11.3905	11.5077	12.1072	7.40142	1.52981	4.41387	3.0435	3.05749	3.61145	4.11838	7.09494	8.72068	8.72095	12.1592	11.212	11.6095	12.2726	13.3489	14.4286	10.9768	8.33025	5.37554	3.85503	6.28395	3.74661	3.41744	3.71608	3.70462	1.88853	4.16626	5.37325	4.0838	3.21173	3.51175	3.70462	3.54799	3.51175	1.21832	0.50693	1.52047	1.88853	0.985195	0.844817	1.79576	3.65078	4.76863	4.83049	3.22499	1.06859	1.19471	6.4143	8.54758	7.97627	7.37133	6.78021	6.66556	6.16433	4.91466	4.23034	3.94939	1.60265	0.609228	1.68927	1.31951	0.844817	1.55749	2.6268	0.844817	0.609228	0	0.168981	1.21832	0.755642	0.377838	1.23003	1.5938	0.955845	0.696682	0.53436	1.1827	1.55757	1.5576	1.08191	0.844871	0.755683	2.51039	1.82713	0.909894	0.337958	1.52047	1.66384	1.5576	1.08191	3.65056	3.01995	2.94848	3.08068	4.33626	5.89347	4.08023	2.35236	4.73271	4.91455	2.03401	0.861584	5.09508	3.71238	6.58061	4.89144	2.91452	5.05611	4.77129	4.27038	3.79195	2.51042	1.02777	4.77424	1.43351	1.19471	1.45336	1.28674	1.72273	1.08191	1.1827	1.06859	1.1827	1.08191	0.755683	0.53436	0.53436	0.377858	0.337958	0.377858	0.985253	1.5576	1.60265	1.28667	1.44344	1.02775	0.53436	0.534339	0.377858	0.50693	0.477924	0.909894	1.1827	1.31959	0.844871	1.43351	0.955781	0.337958	0.534339	0.861584	1.21839	0.716913	0.755642	0.609228	0.755642	0.909936	1.39316	0.755642	1.02775	1.66376	1.19471	1.23003	1.06859	0.534339	0.168981	0.53436	1.06863	1.86581	1.92599	1.08191	0.238966	1.39316	1.4435	1.5111	0.909936	1.08191	2.06185	1.52984	1.52981	1.68938	1.76362	1.92589	1.01378	0.861584	0.675893	0	0.337958	0.50693	1.44344	1.73918	0.534339	1.23003	1.79576	3.05745	2.34618	1.52047	1.97713	2.03401	2.57218	3.10371	2.63779	1.96992	2.8702	5.51797	5.1558	2.51056	3.18495	2.25329	1.55757	1.45327	1.13338	1.72273	1.3932	0.755683	1.01378	1.36215	1.52984	1.43351	1.3516	2.37042	3.56009	3.71621	5.7945	6.17991	2.66984	2.76943	10.069	15.0166	18.1302	16.3906	14.0673	16.0903	13.1554	5.14505	2.41797	16.2769	20.3099	27.5684	15.682	24.7891	35.0148	21.4073	29.3241	24.342	22.5026	31.1741	30.0935	30.1023	31.7831	20.0603	26.97	15.2116	14.5612
4.89946	2.08908	6.24728	3.70064	2.78439	3.27701	3.11238	2.13621	5.15792	3.61109	3.73481	5.80614	4.7233	7.86975	5.1253	5.12527	5.49982	7.21925	5.64892	1.59364	4.72314	5.02767	5.56084	3.41728	6.40697	4.07976	4.48967	5.50722	4.89097	4.0519	3.51162	5.99487	7.13367	7.14147	6.56093	4.74727	3.11244	1.13327	0.985096	0.955685	1.06848	1.43336	2.08901	0.909844	0.3778	0.675825	0.861476	0.755607	1.55744	4.89964	9.47076	6.09707	3.47909	4.63875	5.74791	5.26392	4.38773	3.27701	3.11238	3.62288	2.86991	2.41773	2.4178	1.22991	1.13333	2.02672	2.11609	0.716793	0.534286	0.37782	0.477876	1.36194	0.696612	0.3778	0.909844	1.28661	1.1946	0.861498	1.02767	0.84476	1.2182	0.609205	0.985154	0.844787	0.909844	2.19541	1.36194	0.716793	0.168964	0.477876	0.506879	0.755607	1.59364	3.04312	2.87485	1.60255	3.1034	3.21141	4.97676	3.47482	1.73911	4.2298	2.86991	1.55737	2.04069	3.99894	0.696634	5.00223	2.49308	2.66957	5.5759	6.81007	3.95255	1.52032	5.55569	2.88977	6.19289	0.477908	2.37018	1.51095	0.3778	1.35146	1.28661	0.861476	0.955685	0.337924	0.716841	0.755607	0.238958	0.3778	0.238958	0.3778	0.168964	0.909803	0.696634	2.35202	1.8656	0.696612	0.861498	1.02765	0.506879	0.534307	0.696612	0.955685	0.985096	1.2182	0.696634	1.06852	0.696612	1.2182	0.477876	0.238942	0.985096	0.168964	0.696612	0.609167	0.609167	0.844733	0	1.28655	1.55741	1.60255	0.696612	1.21827	1.88842	2.20187	0.609167	0.3778	0.3778	1.02767	1.36199	1.01368	1.02765	0.675825	0.985096	1.22987	0.534286	0.337924	1.36197	1.39306	1.02767	0.534286	1.02767	2.26565	2.25307	1.69758	1.06848	0.3778	0.477908	0.755607	0.755607	1.55737	1.97685	1.19457	1.08181	1.51095	1.28655	1.18258	1.19457	1.2182	0.844787	1.52966	1.72256	0.609205	0.477876	4.72314	9.33003	6.7794	3.93834	4.95683	2.74834	1.43336	2.57731	2.53281	2.55522	1.19462	0.609205	0.909803	0.909803	0.675825	0.861476	1.19457	1.35146	1.6636	2.39995	6.76466	7.50157	4.675	5.72565	9.27266	11.2868	9.26533	4.06251	0.696612	3.81744	8.48127	17.6528	17.973	3.62288	23.9518	27.2072	25.2803	24.9118	23.9743	20.9803	19.6769	20.7975	17.2345	20.6525	21.0278	30.7231	26.4639	14.6311	17.1472	33.2001	17.1758
4.97626	3.27674	5.94917	3.22443	5.64823	1.19445	4.07927	3.22422	4.48922	3.98075	2.22106	5.56787	2.914	5.79335	1.97665	3.39181	5.29002	5.76434	3.77242	3.20227	2.6693	2.62089	5.39288	4.29935	7.57502	6.28243	7.59504	6.55997	3.36232	1.81896	2.41746	2.41749	1.86544	2.58261	2.38787	1.55726	1.36183	1.06837	1.55721	1.39292	1.39292	2.45836	1.3618	1.02757	1.06841	0.861412	1.01358	0.985055	5.06645	10.0997	8.93825	2.95284	2.62645	5.24729	6.80365	6.61988	7.02201	5.42412	2.70115	3.80607	5.64569	3.88338	0.755491	0.609144	0.696542	1.31924	1.45298	0.909712	0.534253	0.696564	1.01358	1.44315	0	1.19445	0.696564	0.506829	1.02754	1.02757	1.52953	1.0817	0.909712	0.909712	0.955653	1.21815	1.21815	1.28642	0.909712	0.238918	0.377782	0.337891	0.377762	0.909712	3.21106	4.37766	3.84687	2.03361	2.39971	3.57521	5.50667	2.11588	3.05688	4.60149	2.88948	2.74806	3.94861	0.696542	3.24638	2.94789	2.03353	2.70643	5.81522	7.2163	3.27668	3.10295	5.49897	3.98075	6.65959	2.58261	3.08006	2.62089	0.984997	0.534232	0.609106	0.238918	0.95559	0	0.377762	0.506829	0.534253	0.506829	0.168947	0.477828	0.377762	0.844648	0.609106	1.52953	2.62098	2.04059	1.1945	1.69739	1.36188	1.22979	0.675758	1.08163	0.95559	1.08163	0.844648	0.377782	0.609144	0.844648	1.08163	0.609144	0.238918	0.86139	0.477828	0.238918	0.95559	0.609106	0.506829	0.337891	0.716769	1.60239	1.79541	2.03355	1.69739	2.03347	0.985055	0.534253	0.755491	0.609106	0.909712	0.716721	0.716721	0.47786	0.861412	1.39288	1.06841	1.28648	1.88818	1.22974	0.844702	2.57721	2.38797	1.72239	0.984997	1.60232	1.73884	0.609106	0.86139	1.31933	1.55728	1.68898	1.76327	1.19445	1.19448	1.13322	0.534232	0.675758	1.68893	1.45298	0.377782	0.755491	1.55726	2.06144	1.91078	4.95633	10.2819	5.09406	4.53945	6.32472	3.41676	1.59339	4.14818	3.54736	1.43331	0.716721	0.506829	1.02757	0.86139	0.534232	1.06837	1.72239	2.36995	2.99109	2.13609	4.79103	7.43924	5.19024	6.17187	2.51003	4.08299	4.99064	4.69568	1.66343	4.06184	10.0327	20.5755	11.6582	22.3512	9.26425	14.493	32.0855	33.5851	7.75308	24.4012	31.6242	26.7725	2.25284	5.26586	15.7431	22.5671	19.5385	10.0996	10.4073	23.7904	14.8454
6.39493	4.1718	6.86009	5.06883	8.19379	6.54468	4.60106	4.53905	4.38358	3.7719	1.36174	3.8465	4.07561	1.67182	4.33498	6.30648	5.2867	3.47825	3.20635	4.10677	2.62619	3.22405	5.90128	4.88714	5.72691	7.82562	8.92479	6.02614	1.88799	1.4331	2.29644	2.13581	1.68883	2.45814	2.41725	0.861313	0.861313	1.4331	2.04031	1.69726	1.81887	0.909633	1.55713	1.59332	0.609083	0.506782	2.19508	7.0692	14.0695	14.5347	8.77373	4.85239	4.10677	3.27656	1.97648	4.00884	7.88234	6.43857	3.73422	3.77205	5.44184	3.3493	2.8695	4.1888	3.7113	2.1623	1.08154	1.08154	0.534186	0.844598	1.18235	0.534186	1.68883	1.76317	1.08159	1.19438	1.66335	1.51065	1.52003	1.21803	1.21803	1.19435	0.534202	0.534202	0.534202	0.33786	0.609055	0.33786	0.506782	0.534202	0.506782	3.03792	5.07985	4.26913	3.32818	2.45821	4.16486	3.84636	4.82005	1.19435	4.30863	2.74788	0.716697	3.51076	3.5789	4.33498	4.37404	2.66915	2.19504	5.59775	6.72829	4.60401	1.97654	4.56396	3.24592	4.58552	5.00132	2.74788	0.909633	2.53227	1.01348	0.755457	0.506782	0.33786	0.861313	0.716697	0.696497	0.716697	1.19438	1.19438	0.909665	0.909665	0.909665	0.675696	0.609055	0.33786	1.18235	1.76317	2.0334	2.25269	2.04039	2.41735	1.8267	0.86133	0.844577	0.95551	1.36169	1.22967	1.28635	0.609083	1.19433	0.609055	0.955558	1.22967	0.696497	0.755457	0.534186	0.755457	0.86133	0.716697	1.21803	1.88807	1.66335	0.609055	1.68883	0.844598	0	0.755427	0.984958	1.45293	1.72227	1.76317	1.66335	1.08159	0.909633	1.45286	0.86133	1.22967	1.22964	1.02745	1.72224	0.984914	1.51065	1.21803	0.377745	1.13306	2.04031	1.01348	1.36171	1.06828	0.844598	1.36172	1.06828	0.844577	0.984914	0.33786	0.844577	0.675696	1.68879	1.08154	0.477788	0.755457	1.8267	2.39963	2.20157	3.24592	8.10494	7.93354	7.02357	6.44735	3.36203	2.76846	5.42366	1.92537	1.51059	0.861313	1.45286	1.52939	1.45293	0.844618	0.984914	1.67182	1.92535	1.73869	0.377745	2.53793	6.8008	6.93135	3.22401	2.22085	2.8094	2.94763	4.6862	2.66905	3.11192	5.72444	18.0362	20.1812	8.34821	25.104	18.7701	18.0173	30.4796	25.2406	22.7572	12.966	17.749	29.1511	25.3955	19.4201	25.0229	12.6399	3.91228	8.94211	21.808	8.37479
7.18406	2.57119	5.69674	5.13182	5.44156	7.37981	5.23285	5.26499	4.04725	2.41702	1.21785	1.97637	4.05432	3.84616	0.861254	5.97636	7.09192	4.66153	5.06817	3.84989	4.29857	4.74588	6.09778	9.5839	9.75431	7.23261	8.19951	6.29908	1.35108	1.28618	1.28618	2.08842	1.51989	2.36349	3.39119	2.13569	1.6971	2.08842	2.36949	2.36951	1.72212	1.44295	1.13301	0.755353	0.534134	1.68867	7.22681	12.6967	15.6668	10.0328	7.5571	4.7309	3.05632	2.27127	7.45861	8.74442	9.21024	6.73389	4.00861	3.3279	2.74762	1.52923	3.54671	2.76837	5.65956	3.10235	0.377693	1.36155	0.955414	0.755353	0.71659	1.01339	2.41705	1.21793	1.0815	1.21793	1.36163	1.31909	1.19426	1.13301	1.43305	0.984875	0.377713	0.377693	0.238874	0.506736	0.534155	0.337829	0.696436	0.168916	1.66312	3.85337	4.63725	2.72162	0.534134	2.35136	4.25528	3.46154	3.84967	2.2525	4.52296	1.45272	0.238874	2.57119	5.05727	5.0684	3.00481	3.92265	5.18921	5.1893	2.87412	1.19423	2.57119	4.7309	2.14902	4.14742	3.54272	1.66321	1.19426	0.675634	0.984875	0.984875	0.609032	0.609032	0.984875	1.0815	0.716638	0.861254	1.44295	1.59319	1.44295	1.43305	1.68873	1.43305	0.844547	0.168916	0.377693	0.609032	1.59319	1.0815	0.608995	0.23889	1.3616	0.984875	0.675634	0.844493	1.79496	1.13295	0.909545	0.377693	0.844493	1.19421	1.52923	1.68873	1.66321	1.51052	1.19423	0.675634	0.506736	0.47774	0.861254	1.31909	1.92525	1.76301	1.69708	0.696436	0.534155	0.909587	0.506736	0.506736	0.47774	0.909587	1.3616	1.01339	1.45272	1.79496	1.06818	0.84452	0.168916	0.609032	1.85743	2.53209	1.67177	0.861254	0.377713	0.168916	1.81863	1.22952	0.861232	1.51989	1.85743	1.36158	0.696414	0.755353	0.984817	0.47774	0.609032	0.755393	1.51044	1.22952	0.675634	1.39262	2.03318	1.55697	1.01339	1.96905	3.68404	5.81443	6.16198	4.21536	1.51989	4.7218	5.14278	0.861232	1.35108	0.696436	2.05405	1.55693	0.609032	0.844547	1.72212	1.68867	0.844493	1.85743	1.39267	0.909587	1.97637	1.68873	1.45272	2.29624	1.82655	2.57119	2.94732	3.95143	4.55426	7.02297	6.36789	20.1103	15.6135	10.1076	16.4144	8.54884	23.643	9.35889	25.7951	37.1786	35.8313	24.011	26.1278	26.4018	22.2965	14.5479	10.4544	5.39216	19.9561	10.9791
7.17747	2.94717	4.08157	6.77655	2.50932	5.89303	3.47369	2.94706	1.92499	0.477724	2.4168	2.34505	0.696345	2.88365	2.58188	4.95493	7.84714	5.65649	4.89759	1.6885	3.70304	4.82517	4.82817	7.27062	8.56788	7.31844	7.07562	4.68226	1.19417	2.98553	4.77226	5.59673	4.38292	3.3147	3.54636	2.66866	2.70564	2.02595	2.49227	3.47773	2.87385	0.984776	0.477724	1.28605	1.08139	7.08943	13.1104	13.923	10.0425	1.6885	6.99397	3.10204	1.92499	5.24008	9.24488	5.28569	4.76899	3.37397	2.22039	1.60193	1.60193	1.28611	2.39903	1.4428	6.4045	2.14866	1.31896	2.1354	1.55674	0.755277	0.377675	2.03295	2.22039	0.844463	0.716566	0.755317	0.755317	0.844463	1.22944	1.22944	0.844463	0.696367	0.477724	0.755317	1.08139	1.06811	0.534102	0.755277	0.477724	1.36147	1.88765	3.71429	4.29129	1.22944	4.41181	5.48485	4.29808	2.1354	2.25221	2.57093	3.64107	1.72195	1.96897	2.82902	3.04211	1.91023	0.909454	4.89759	6.72471	4.18776	1.31896	2.43451	2.50932	4.42451	3.11139	5.41236	4.24503	3.52221	1.88762	0.909454	0.477724	0.675566	0.477724	0.477724	0.608971	0.955383	1.31896	1.28611	1.01329	0.675566	0.844436	1.06811	1.2178	1.2178	1.13289	0.861167	0.608971	1.18213	1.19414	1.18213	0.337795	0.696345	0.23885	0.844463	1.2178	1.06811	1.45257	1.13283	0.755277	0.477693	0.984718	1.36142	1.67149	0.755277	1.02728	0.477724	1.67149	1.21773	1.21773	0.506685	1.2294	0.755317	0.861167	0.984718	1.21773	0.984776	1.2178	0.984718	1.39248	0.477724	0.168899	0.168899	0.755277	1.43281	1.59294	1.67149	1.55674	0.675566	0.534102	0.755317	1.35094	1.28605	0.238866	1.28605	0.755277	0.608934	1.2294	1.81845	0.955319	0.861145	0.844409	1.55681	1.86491	1.28605	0.955319	0.844409	0	0.168899	1.68845	1.44274	0.377675	1.79478	2.11528	1.7219	1.36149	1.6885	0.755277	1.21773	1.36149	1.96897	2.03303	5.27231	3.22331	2.5542	1.01329	1.97609	1.35094	0.608971	1.82636	1.7219	2.19457	1.97618	1.59303	0.861167	1.36142	1.36147	1.92509	1.96897	2.4168	1.66296	1.08132	0.984718	3.47762	4.46275	4.85996	6.18606	6.70001	17.3558	21.1832	4.29814	18.9095	2.22043	22.8725	1.19411	10.3588	3.09747	4.45341	7.73829	9.65386	4.78999	4.0537	8.38445	6.48933	6.20425	20.2156	9.93412
6.24428	5.59618	5.11449	6.4039	3.89288	4.46241	5.05611	1.51959	1.82607	1.36133	1.36128	2.64149	0.955223	2.38695	2.88838	2.34481	7.36672	7.43642	4.92012	2.39879	0.755202	2.98983	2.55394	1.36133	1.7626	1.69674	2.66825	2.387	3.99723	4.45296	3.84545	4.21445	3.64071	2.45741	2.72112	3.47334	4.38562	3.24513	4.11598	4.72102	3.77077	0.60891	0.755242	1.22927	2.8686	11.3836	14.2093	11.9829	5.72305	6.18992	5.69561	1.73817	0.98462	5.36978	8.69478	6.2263	5.97542	5.57844	3.60548	1.06796	0.844324	0.534027	1.73817	1.59278	5.60592	1.01319	1.13278	2.66828	2.35089	1.13272	0.98462	2.26456	1.72173	1.08128	1.19405	1.21768	1.21768	1.08128	1.02717	0.696297	0.534027	0.477645	0.168882	0.534049	0.844378	0.60891	0.534027	0.696275	0.534049	1.60171	1.69674	3.24496	3.95064	0.909363	4.6818	2.45741	1.36133	3.24077	3.31437	2.03277	2.26456	2.41656	2.41666	2.41663	1.52894	2.86852	3.47738	5.84203	6.54249	1.4426	4.05351	3.47744	1.79472	4.37256	2.58169	4.4623	4.95444	3.71392	1.7946	1.06796	0.377637	0.534027	0.238842	0.168882	0.377617	0.675499	1.13278	1.19405	0.377637	0.377617	0.377637	1.18201	0.844378	0.844378	1.21768	1.52894	0.755242	0.909363	0.909363	1.13278	1.76266	0.755242	0.168882	0.377617	0.534027	0.696297	0.696275	0.844324	0.238827	0.506634	0.98462	1.08121	1.45243	1.43267	0.506634	0.844324	1.55659	1.43267	1.21761	0.337761	0.909363	0.861081	0.60891	0.696275	0.608873	0.696297	0.608873	2.0397	0.755202	1.01319	0.60891	0.477645	1.02715	2.29578	1.52892	1.28592	1.7946	0.477645	0.168882	0.534049	1.02715	0.861059	0.716494	0.696275	0.909363	0.238842	1.36133	1.7626	1.36128	0.909363	0.377637	0	1.59278	1.73817	1.02715	1.36128	0.696297	0.844378	1.06796	2.03277	1.08128	1.96866	2.86355	1.51022	2.27097	1.82618	1.19405	1.4426	0.844324	0.377617	1.35081	4.37256	1.21761	1.7946	1.55659	2.16165	0.844378	1.52894	0.60891	2.27082	2.57607	1.36131	0.506634	0	1.21761	1.39234	1.21768	1.36136	2.088	1.66279	1.31874	0.716446	4.31717	3.13815	3.25807	8.51142	5.71779	14.6062	19.852	3.10173	17.5156	7.21357	16.9597	17.4698	10.7493	21.6607	17.2815	13.6781	13.7272	9.61212	11.43	11.1823	7.65834	11.9152	17.3492	19.0476
5.53745	7.1764	6.31318	3.72515	4.62674	2.20072	6.01223	1.76244	3.50942	4.53745	5.05577	1.36122	2.50872	2.43403	4.76833	3.63269	2.98957	9.29678	7.81563	3.37765	2.72087	3.55766	5.46324	9.49183	10.2883	9.19433	7.97606	4.53745	0.98458	1.67127	4.07754	6.49698	6.3662	2.26445	3.36084	4.21743	4.7888	2.35076	2.88321	4.05301	3.34802	1.36122	1.19389	0.909285	4.52168	12.4911	12.5796	8.51071	2.135	8.42402	4.07736	2.135	1.85689	4.214	4.85907	5.22308	5.06401	5.72226	4.55282	1.0131	1.9247	3.11077	3.01805	2.74682	5.1221	2.11498	1.68822	2.69987	3.37765	2.88811	1.76249	2.66805	1.86453	1.19393	1.19393	1.08117	1.08117	1.31869	1.36122	0.955191	1.0131	0.861	0.60885	0.675437	0.3776	0.533981	0.533997	0.909316	0.844294	1.66265	1.81811	2.29556	3.27516	0.238807	4.26743	4.95426	3.88175	1.39226	2.08782	2.55375	3.22281	3.04142	1.55651	1.3612	1.81811	4.64806	3.39434	3.5576	4.07743	5.6582	4.97415	3.39021	1.43262	4.2274	1.36116	5.05555	6.99473	3.07854	0.506588	1.55651	1.21756	1.28586	0.98458	0.69623	0.675437	0.860983	1.02706	0.755168	1.0131	0.844294	1.13267	1.3612	0.955191	0.955191	0.955191	1.55651	1.66271	1.13267	1.02706	0.69623	1.19391	1.5288	0.98458	0.533997	0.608822	0.477605	0.168867	0.755137	0.377585	0.844294	1.0679	0.696214	1.43255	1.79445	0.755168	1.6966	2.02556	2.02556	0.909316	0.533981	0.60885	1.0679	0.755168	0.168867	0.844294	0.477629	1.31863	1.79445	0.33773	0.69623	1.60162	1.66271	1.6966	1.66265	0.755137	1.06787	1.55648	1.2292	0.844294	0.844274	0.909285	0.844254	0.377585	0.3776	0.860983	0.860983	0.909285	1.36116	0.984537	0.696214	0.844254	2.35076	3.16955	2.29564	1.76249	2.02556	2.70514	2.90288	2.02556	0.844274	1.36118	1.88727	2.98957	1.97579	1.08117	0.506588	0.533997	1.1819	0.675437	0.33773	1.96849	3.22272	0.844294	1.02706	1.43255	1.59264	0.909316	0.506588	1.22917	1.59264	1.72158	2.19424	2.06044	1.2292	1.06787	1.13262	0.533981	0.69623	1.43255	1.76244	2.34461	1.52878	4.0739	3.39434	1.51001	7.14684	7.90757	13.3911	19.2661	11.5643	13.6416	5.80301	19.8651	17.5117	7.85997	5.09739	7.60092	8.12953	8.02784	4.82721	9.57227	9.73144	9.15973	13.5905	15.4758	24.7673
2.95117	5.02457	4.91088	2.80808	4.67189	1.76234	5.81195	4.52123	5.42103	6.17072	5.06359	3.57719	2.66776	3.47251	2.87312	5.11356	4.13232	4.82653	8.78979	6.48998	4.89639	3.52135	8.8774	9.72957	9.386	5.57743	5.59491	5.00736	3.03648	3.01779	3.05515	4.10468	3.41486	4.25366	4.17303	6.76019	7.59087	4.52147	5.71712	5.05257	0.844224	1.19383	1.72141	1.18179	6.69364	13.2264	11.4289	6.79938	3.47661	7.29111	3.82232	4.10468	4.38158	4.72914	4.9566	5.26298	5.56474	5.96707	3.71324	1.66257	3.32234	4.30681	3.55745	4.39434	3.18251	2.87312	3.58526	3.69815	4.13232	3.89226	2.39851	3.37732	2.45705	1.50994	0.844224	0.716363	0.716363	1.06781	1.21746	1.13257	1.22909	1.45225	1.5564	1.08108	0.608799	0.696169	0.844224	0.984497	0.955112	1.39209	1.82573	1.21738	2.58115	2.13479	2.39851	4.29695	3.80381	1.06777	2.39851	4.44899	5.28445	3.88143	2.39851	0.909238	3.10119	4.52123	3.00346	2.82822	4.52775	4.11523	1.86436	2.7927	2.64114	2.08762	2.82822	6.46816	5.94583	0.84417	1.36106	1.22909	1.19383	1.44239	1.1938	0.909238	0.909238	0.844197	0.909196	0.337699	0.675375	0.716363	0.533951	0.755063	0.696169	0.955112	0.755103	0.844224	1.68808	2.27055	1.92454	0.955112	0.696169	1.1938	1.28575	1.19383	1.13257	0.755103	0.477589	0.860901	1.02696	1.02698	1.13257	1.21746	1.69643	1.97553	1.013	1.22909	2.02537	2.05327	0.860923	0.844197	1.22909	1.50994	1.36108	1.21738	0.377568	0.696169	1.60142	1.60142	0.984439	0.844197	1.013	0.168851	0.984497	2.03943	2.1148	2.08769	1.85672	1.18179	0.755103	1.06777	0.984439	0.909196	0.696147	0.377548	0.533929	0.844197	1.013	1.66249	0.984439	1.02696	4.22707	6.40298	6.31266	5.1329	4.53709	3.97876	3.91043	3.22261	4.54941	2.53121	1.28575	1.21738	1.92445	1.69645	1.36108	1.13251	0.984439	0.696147	0.337699	0.477589	2.11468	2.14805	0.533951	0.860923	1.69645	2.05331	1.08108	0.716315	1.08101	0.844197	1.22909	1.22909	1.18179	1.50986	1.19375	1.50986	1.69643	1.45225	1.06781	0.716315	3.71324	4.9308	5.152	4.22711	2.43382	5.04669	5.95287	9.52515	15.4867	10.6922	7.82194	9.09694	23.1774	11.0833	7.73612	11.8831	9.26658	3.31376	5.5722	4.34904	4.55236	7.95752	9.61551	10.4539	12.9601	25.7987
2.87265	0.716291	2.58089	2.72561	3.63968	1.86417	4.91016	5.96648	5.49533	6.82335	3.47626	4.47682	0.696078	3.90998	3.47629	2.20032	6.12237	5.00719	3.47216	3.87727	6.00409	3.3729	9.99481	6.44377	9.49401	8.11906	6.86428	6.12213	3.20002	1.88697	2.0322	1.73768	3.72445	2.03912	4.86124	8.51407	6.31833	0.954953	1.55617	1.52849	2.26391	0.506491	1.36089	1.0129	10.0166	15.3014	9.93446	3.32185	4.14542	5.52086	5.05175	6.33829	5.72375	5.97374	6.85433	6.64925	5.06593	3.52087	1.72124	3.5769	5.84054	6.20443	5.55663	6.66572	1.72124	2.87275	3.00336	3.11014	3.24409	3.20893	2.6247	2.69936	1.02688	1.06766	0.533897	0.37753	0.238775	1.06766	0.755028	0.844112	0.6961	0.984399	1.31845	1.28562	0.909147	0.755028	0.608738	0.533897	0.477541	0.909105	1.31836	0.844112	1.60126	4.05914	3.47629	2.02517	5.05175	1.13246	3.22216	3.50894	3.54511	2.98439	2.72561	2.98419	4.22656	3.1688	1.9681	0.533876	2.19378	2.08741	2.34415	1.88697	0.506491	2.50836	5.05471	4.91024	3.24404	0.37753	1.36089	0.696078	0.37753	0.754988	0.860815	0.755028	0.477541	0.533876	0.909105	0.533897	0.533897	0.608738	0.608738	0.696078	0.909105	0.477541	0.675307	0.6961	0.909147	1.13246	1.31845	1.39199	0.860837	0.675307	0.696078	0.168834	0.37751	0.37753	0.477541	0.860815	1.06766	0.533876	0.477509	0.860815	1.86417	1.69626	0.168834	0.238775	1.21726	2.16104	0.533876	1.19366	1.18167	0.533897	1.21726	1.59232	0.506491	0	1.22892	1.8869	1.55614	0.696078	0.909147	0.844139	0.238775	0.696078	0.860815	1.1324	1.31836	1.0677	1.36097	1.7621	1.02686	1.0677	1.36094	1.02686	0.37751	0.6087	1.06766	2.13458	2.19378	3.2222	6.98746	7.39508	6.18859	7.0336	7.0336	5.37123	3.01749	1.43236	3.4104	2.86787	2.21958	0.533897	1.6878	1.39195	1.52849	1.55617	1.39195	0.533897	0.168834	0.533876	1.9681	1.73768	0.716291	1.18167	0.675307	1.08091	0.6087	1.43226	0.6087	0.168834	0.533876	0.675307	1.22892	1.82555	1.67085	1.82555	1.31836	0.337665	0.860815	1.6624	4.44829	6.54706	2.02517	1.36089	2.56983	6.27836	5.56419	7.50706	15.0734	13.9117	6.24041	7.39503	20.9769	2.11447	14.473	5.96201	5.19761	6.18371	3.70141	5.72373	6.89692	7.08674	11.983	17.5312	2.57534	15.4896
3.47588	0.377472	1.39185	2.39803	2.5807	2.03197	3.80305	5.9471	4.7192	6.25747	2.55301	5.06254	3.24384	0.238735	4.65891	4.26618	0.377493	3.04064	2.26381	1.21722	6.05711	5.60416	7.0186	3.38921	7.43546	11.2007	6.90616	4.05873	3.04045	2.64047	2.78207	2.74614	2.13445	3.20863	4.95286	5.89737	3.47591	0.238751	1.28549	2.4157	1.69611	0.696008	1.13235	3.47201	13.7764	16.3741	7.38678	2.25118	4.81677	6.33766	7.37535	7.57289	6.25761	4.90982	4.2959	1.50956	1.22884	2.38604	2.11438	5.72072	11.1781	11.3705	12.0677	8.6915	1.97522	3.41006	2.16097	3.0545	3.24377	3.16864	3.81439	2.39803	0.608639	0.533822	0.377472	0.377472	0.238735	1.0808	0.377472	0.67524	0.844055	0.909056	0.71622	1.0128	0.860751	0.754952	0.608677	0.533844	0.477494	0.860729	0.909014	0.377472	1.55599	5.13155	3.47588	2.50797	4.2127	1.21722	3.85113	2.55301	1.90931	1.50964	2.71998	4.76965	3.45953	2.98389	2.88226	2.49092	3.10057	3.52052	2.25118	2.25112	4.42238	4.58263	4.2162	2.58064	1.31823	0.477494	0.984242	0.716172	0	0.608639	0.50644	0.608677	0.754952	1.02678	1.519	1.06759	0.696008	0.696008	1.08087	0.954921	0.754912	0	0.377472	0.696008	1.0128	1.06759	0.844055	1.19354	1.02678	1.13235	1.36081	0.860751	0.67524	0.860751	0.754952	0.533822	0.954857	0.377472	0.377472	1.19351	1.92403	0.754912	0.608639	0.377493	0.909014	1.92403	0.954921	1.68769	1.06759	0.533844	1.21714	1.45187	0.533822	0.337632	0.377472	2.03892	1.92406	0.844028	0.608639	0.477494	0.844028	1.0128	1.18156	1.18156	0.533822	0.238751	0.533822	1.7375	1.02678	0.9843	1.36079	1.68764	1.02676	1.36081	1.85635	2.58064	2.88723	3.22184	6.62928	5.65628	3.93494	9.38279	12.1126	10.614	5.16468	2.13445	2.19356	2.0529	2.58064	1.22884	1.31823	1.59217	1.13229	1.2288	1.68764	0.69603	1.08087	1.39185	1.6011	1.43212	0.377472	0.67524	1.13235	1.02678	0.50644	1.31823	0.69603	0.533844	0.50644	0.608677	1.39181	1.92406	2.21932	2.45647	1.35029	1.31832	3.34701	5.12077	5.00664	5.94699	0.67524	0.50644	5.46136	5.86853	3.89139	7.21083	13.7225	14.7103	2.72014	4.33208	18.6888	4.98684	11.4058	14.5739	11.4627	8.88185	5.22705	5.16468	7.97007	7.22844	7.90017	16.1064	6.07566	13.5915
3.5761	1.28532	1.50952	1.67065	1.28539	2.21913	3.10046	6.0102	4.91815	3.92004	1.68755	4.90949	6.56323	4.54812	1.92387	4.48542	2.74573	0.608626	2.19332	2.41541	2.03875	3.52035	0.533799	8.16571	10.3796	9.4923	6.94394	4.26247	3.27396	3.18161	2.49072	2.41553	3.74284	4.24263	3.05429	2.0248	0.98416	1.50952	1.6876	1.69597	2.4155	4.44773	6.52697	9.47527	16.4359	15.7615	8.01652	8.02524	9.56874	8.43407	6.60772	8.07678	8.55151	5.3885	5.50229	4.97233	3.27411	3.38893	3.88022	11.8431	13.9154	5.91598	13.9272	8.43398	1.73746	2.61867	1.08078	2.88703	4.226	4.76956	4.53271	4.26591	2.91146	0.843984	1.02669	0.843957	0.843957	0.860657	0.69595	0.843984	1.19349	1.21712	1.08078	1.18146	0.90898	0.984218	1.08078	1.31821	1.4321	1.13225	0	0.675183	2.16065	4.76925	3.45924	1.86385	4.5976	4.31545	4.88635	2.98855	1.88662	1.2287	5.28544	6.42289	3.96687	2.29471	2.71986	4.88635	3.20834	3.10949	2.21918	3.9488	5.71514	2.14744	1.44192	1.92397	2.13427	1.36072	0.695972	0.608589	0.506398	0.90898	0.90898	0.71616	0.954841	1.22874	0.860657	0.84393	0.533778	1.36067	0.754889	0.675183	0.843957	1.13225	1.45184	0.984218	1.2287	1.19346	1.21712	1.55593	1.50952	1.67065	2.19343	2.13427	1.45184	1.22874	1.06751	0.843984	0.860657	0.377441	0.238715	1.59203	2.2635	0.533799	0.695972	0.843984	1.02667	1.35018	1.59213	1.55593	0.608626	0.533778	1.01272	1.88658	1.02667	0.377461	0.477454	1.08071	1.72097	2.19984	1.36064	0.843957	1.44199	1.55589	1.31812	0.168803	0.843984	0.675183	0.377441	1.18146	1.59213	1.44199	1.52821	2.29471	1.72093	1.36064	1.68749	2.19978	2.80712	2.34372	5.15305	5.32257	5.8006	9.55559	4.17213	9.42832	5.46091	1.92387	1.13219	1.45175	1.44192	2.38594	2.74591	1.22874	0.754849	1.02667	2.19332	1.19344	0.506398	0.675183	1.36064	2.03875	1.36072	0.984218	1.19346	1.36072	1.45184	1.88662	1.96786	2.34386	2.26991	2.14759	1.8175	1.36067	1.73736	2.03175	0.860657	1.02669	4.97206	5.832	1.81742	5.06481	3.41404	3.01694	3.41389	7.05587	6.44243	7.2218	10.5264	16.1805	8.65409	5.05115	14.1481	8.66686	9.10673	16.5355	18.741	11.7774	9.47527	11.0434	10.4541	5.27225	2.66704	11.8329	15.3535	22.2328
3.70037	2.19956	1.97477	1.68743	1.21699	2.26327	1.60087	3.23894	4.00554	0.8439	3.09541	1.22858	4.21207	6.44185	2.98354	5.16353	4.0997	1.9238	2.41526	3.55601	1.7208	1.97477	3.09541	7.37387	2.74546	4.05799	7.84197	5.85072	3.35926	2.53575	2.71948	1.96754	1.39156	1.97477	1.50929	0.377403	1.22862	1.50937	0.695903	0.608528	4.754	7.66847	9.24087	8.32122	12.1925	12.8423	7.25018	7.6268	12.7897	13.1406	12.6454	12.7555	12.325	6.56258	5.28246	5.39573	2.87192	3.24312	4.0754	12.6076	5.43201	11.3466	12.755	5.49375	2.03168	1.60087	1.01262	1.7937	3.33814	4.17172	4.01971	4.88584	4.6246	1.59197	1.19334	1.28526	1.44184	1.13214	1.36056	1.28526	1.08067	0.98412	0.98412	1.35004	1.08067	1.31808	1.31808	1.19337	1.08067	0.675116	0.984062	0.908848	2.98335	4.18498	3.71182	1.86366	3.47138	4.55092	3.78757	0.908889	2.50754	3.7687	6.48727	5.80739	1.55581	2.55254	4.95196	3.84695	0.608528	2.36168	2.5525	4.89437	4.29503	2.25077	2.95004	2.50765	2.08682	0.860571	0.754814	0.908889	0.675116	0.377423	0.754814	0.754814	0.533746	0.675116	0.238707	0.954682	0.506347	1.55573	0.754814	0.695903	1.35004	1.55578	1.36059	1.21699	1.51873	1.01262	0.608565	1.13214	1.59197	1.55581	1.60087	1.88643	1.55581	1.08067	0.98412	1.31808	1.08067	0.754814	0.908889	2.78147	2.70384	1.22862	0.477406	0.608565	1.18134	1.0674	0.908889	0.533746	0.843846	0.843873	0.477406	1.43186	1.13208	0.477406	0.477406	0.33757	0.377423	2.19962	2.78156	2.26339	1.60087	2.29448	2.11387	0.695881	1.02659	1.66185	0.533725	0.238691	0.533746	1.13208	1.02657	2.0246	2.55254	2.70386	2.70384	2.94507	3.10912	2.26953	4.31474	3.84303	6.54519	9.86937	5.6531	10.484	7.17861	3.68135	2.86706	2.34966	0.908889	2.13397	2.05948	2.11399	3.04005	2.63476	0.238691	2.08689	1.96766	1.82515	3.10912	3.51987	1.59197	1.0674	2.0246	2.41529	2.63476	3.19924	3.04008	2.66691	2.38571	2.16057	1.67049	1.60087	1.86364	1.13208	0.533746	0.675116	3.22125	7.26756	7.4156	6.5538	4.21193	3.20361	3.69655	6.75374	9.6916	8.13228	8.79109	14.9726	14.6698	5.90592	9.06306	15.0379	14.7055	9.66315	14.0422	12.6461	8.70921	12.3512	8.61534	9.96881	14.7237	15.6647	15.3442	19.1912
4.74172	3.93374	3.47084	1.51857	2.34943	1.3604	1.92349	1.34991	2.9448	2.5299	1.82485	2.38537	0.168769	4.9541	3.85023	5.34793	4.40838	2.7915	2.49022	3.80198	3.07683	2.78119	6.00901	5.5923	4.36966	3.84271	8.82303	6.20169	1.69563	2.03142	2.25048	1.59172	1.31786	1.59172	1.28507	0.754739	1.3604	0.377386	0.843762	2.0314	8.53025	10.757	9.79372	7.52133	6.80231	13.0353	8.65239	2.88645	8.63332	8.26832	4.66965	7.73237	10.7479	3.93365	1.06725	4.53464	3.7	3.34607	3.16759	10.4804	10.7486	9.09262	6.22199	3.43807	3.94464	4.34722	2.6345	1.76149	1.81714	2.05928	2.86677	4.88248	5.80681	2.74524	0.843762	0.533693	1.06729	0.843816	1.02647	0.843789	0.695833	0.238683	0.238683	1.02647	0.608504	0.754739	1.08056	0.908799	0.533671	1.08049	0.754698	0.860485	2.66648	4.39222	3.61873	2.5355	1.39142	0.716017	1.60064	4.57511	5.8743	5.02207	4.36966	3.71156	4.75375	4.76258	2.72457	2.4325	4.00501	4.21172	4.16107	3.80198	2.76579	0.533671	1.3604	2.38537	2.57991	0.754739	0.843762	0.533693	0.377386	0.238683	0.377386	0.754739	0.716017	0.168769	0.337536	0.843762	0.506297	1.73701	0.238683	0.843816	1.69561	0.860507	0.608467	0.377386	1.1932	0.860507	0.608504	0.608504	1.08056	1.21687	1.18122	1.18122	0.984022	1.08056	1.19325	0.95465	0.754739	0.908799	1.06729	2.71921	1.68716	1.31786	0.533693	0.608504	0.238667	0.695833	0.477358	0.238683	1.06725	1.02647	0.377366	1.39142	0.533671	0.377386	0.377386	0.377386	0.754739	0	1.55562	1.02649	1.2168	2.05915	2.94957	1.4417	1.72058	2.34325	1.01251	1.01251	0.908799	1.3604	0.695833	0.608467	1.22845	2.05227	2.53552	4.13022	4.22495	2.90105	5.83084	5.28439	4.31763	5.79951	5.94328	8.6733	5.80681	2.98795	2.29436	1.06729	1.45146	2.63433	0.238667	0.533671	2.63973	1.76142	2.16022	1.39146	1.39146	1.43171	4.90826	2.80656	0.715969	0.608504	1.50913	0.908757	0.95465	2.05227	1.2285	0.908799	0.533693	0.695811	0.238683	0.983964	0.715969	0.843816	1.08056	0.608504	0.843762	1.92352	6.23785	8.4194	8.77298	1.60071	7.60729	3.57547	9.05749	8.92888	10.0361	12.3312	16.0615	19.9115	18.1034	18.6056	26.0493	28.3394	10.3894	8.17893	10.5076	9.86439	11.8847	19.9874	9.07158	13.1277	10.2514	16.2318
4.53429	4.48415	4.4079	3.32029	2.41481	2.19926	2.91062	2.21853	2.91062	2.41479	2.94945	2.34316	1.52777	2.56862	2.7191	5.72839	3.54334	2.39699	4.44938	2.86141	3.13595	8.40386	8.29124	7.86038	7.49083	6.39931	7.69578	5.28119	1.28496	1.36026	1.19307	1.21669	1.31775	1.21669	1.19309	0.90871	0.860409	0.533641	1.06719	5.14894	12.6815	13.148	8.74093	7.86028	4.22474	11.6782	10.5014	3.1358	8.0639	9.94628	8.45798	9.51132	8.83952	2.74495	1.19311	3.99402	4.29427	3.84971	1.55544	3.47054	2.14694	0.983924	3.47054	2.91067	5.554	4.75329	3.70742	1.88607	1.81696	0.754664	1.36028	3.41292	5.13792	3.27298	0.715909	0.908679	1.01242	0.954555	0.695766	0.754634	0.50625	0.50625	0.337505	0.674987	0.754664	0.533641	0.238659	0.754634	0.69575	1.28496	0.50625	0.860409	1.31775	3.91893	3.72264	3.0394	3.09484	0.90871	5.02148	6.38828	4.05043	0.608444	2.29411	3.60682	3.69601	2.41479	0.533641	3.57509	4.11265	3.27298	2.50707	2.03123	1.96718	1.92335	2.55205	2.19274	1.50901	0.860409	1.69546	0.954555	0.715945	0.715945	0.608444	0.608444	0.754664	0.674987	0.377333	0.608416	0.238659	1.92333	0.69575	0.754664	1.72043	0.754664	0.843711	0.860426	1.02638	1.01242	1.19313	1.31781	1.13191	1.06719	1.34979	1.18111	0.695766	0.608444	0.843732	1.08045	1.13191	0.477311	0.377333	1.97441	2.03123	1.36029	0.843711	0.674987	0.754634	1.08045	1.4514	1.06719	0.843711	1.36032	2.05213	1.92335	0.377349	0.337505	0.377349	0.695766	0.843732	1.36029	0.983924	0.983881	1.36026	2.16003	3.00177	0.533641	1.45134	1.67007	1.06719	0.754664	0.715909	0.983881	1.18111	1.4514	1.13191	1.13187	0.843711	3.43776	5.18437	4.89347	7.24097	3.87899	3.58318	5.84981	4.51886	5.7479	3.84602	2.25028	1.19311	2.05898	2.41474	2.41474	0.860409	1.36028	3.41303	3.69985	2.03121	0.477287	1.21669	3.01592	3.82016	2.03123	1.36032	0.608416	0.983881	0.533625	1.06716	2.34316	3.50725	3.16744	2.13364	1.60055	1.22838	1.44151	0.608444	0.754664	0.69575	0.908679	1.52777	1.55547	2.74495	4.95366	9.70257	5.94507	7.27177	2.36724	6.32875	8.64544	11.1241	9.37909	8.18543	12.4911	17.9192	15.0078	17.8669	31.3118	31.0815	18.258	18.7595	9.35	19.6173	22.895	7.35587	16.9656	14.7205	17.2371
4.24094	3.94729	5.24051	4.62321	2.39691	3.50696	3.68031	2.19259	2.88588	2.63402	3.69569	3.82003	3.47449	4.16034	5.28365	5.11839	1.67001	4.54934	2.76529	5.05199	8.76073	9.62102	6.77045	4.74399	5.22463	4.95331	4.65674	2.9825	2.39691	4.18407	5.18412	4.8469	3.543	1.52762	1.0671	1.3602	1.50894	1.13182	1.21665	8.89467	15.4611	12.7014	7.95098	8.86392	7.94406	10.6152	8.22644	3.2728	9.16458	11.3396	9.93301	8.13006	3.76758	2.71887	3.03914	4.52445	3.60629	2.72395	2.88105	4.26428	4.58056	4.53098	4.59575	2.19907	6.23671	4.53402	5.7106	0.715886	0.908632	3.53901	5.59142	6.06138	4.71703	1.81672	0.695705	1.02628	1.22823	0.983841	1.19303	1.0671	0.843661	1.0671	0.843661	0.954475	1.21665	1.19303	1.08036	1.18101	0.908632	1.52765	1.44143	1.69532	1.13182	2.80605	3.69551	3.57482	2.72395	1.97422	4.9956	4.42026	2.63938	5.47967	5.60156	4.48399	2.74486	1.01233	2.0519	3.68018	3.01563	2.79085	3.87872	2.88105	2.55182	3.20711	2.87113	2.03105	1.5183	3.03912	3.57096	2.5795	0.843661	0.843661	0.843661	0.477271	0.377316	0.86035	1.0263	0.908632	1.08036	2.25007	1.55534	1.3602	1.02628	0.477239	0.608393	1.28489	1.55534	1.72031	1.19303	1.21665	1.45128	1.36017	1.19298	1.22827	1.50894	1.19303	1.28489	1.68696	1.76116	1.193	0.7546	1.39116	1.06705	0.477239	0.477239	1.06705	1.22823	0.506204	0.608393	1.44143	1.73679	1.3177	1.81672	2.11328	0.7546	0.7546	0.983841	1.13182	0.843661	1.0671	0.983841	0.377296	1.52765	2.82623	2.70307	2.26904	1.73679	1.60035	0.75456	0.608393	2.0519	3.10838	3.32013	2.29394	1.28489	1.01233	0.715886	1.31762	3.84201	6.53488	8.00625	5.28097	7.14183	7.42864	5.24086	5.05186	3.22034	1.59142	1.81672	2.34282	2.39675	1.82452	1.18101	2.29383	1.08029	1.19303	0.674925	0.533573	1.08029	3.1804	3.13549	1.92317	1.44143	0.23864	1.92326	2.9827	2.79099	2.11339	2.19907	2.69783	2.19254	0.983841	1.06705	1.36015	1.08036	0.715886	1.13176	1.31762	1.31762	1.19295	2.50683	4.39153	4.53382	3.50696	3.38768	3.31145	6.72689	8.08906	6.80108	5.71078	8.60817	6.57149	7.64977	6.60114	9.5065	16.7423	22.1536	32.0537	24.8228	10.454	22.1512	24.1523	8.03428	15.7902	15.6972	11.4429
4.05671	1.2847	5.8292	5.85562	1.81654	1.55521	1.55518	0.843577	1.88571	2.94891	3.25513	2.86102	3.74103	4.91579	4.5243	2.0309	1.55511	5.35421	1.08026	6.36063	5.11788	4.4295	4.16653	3.60216	3.43718	2.7028	1.68668	2.38479	5.56824	6.06317	4.7405	4.29342	3.7104	1.36001	1.21653	1.44129	0.843577	0.843523	2.91006	12.4293	17.1981	13.7958	10.1084	11.4658	11.0774	7.38469	1.55514	6.71188	9.53412	10.8106	10.9563	4.47385	3.72197	5.94873	6.8046	6.5427	2.94394	0.608295	2.91006	4.89261	5.37548	5.22687	6.65515	2.9824	7.37685	5.05149	8.73896	3.78592	3.71064	4.884	4.57376	2.38474	1.06695	0.533541	1.08026	1.28477	1.19286	1.01223	1.08026	1.08026	1.08026	1.28477	1.19291	1.36006	1.28477	0.843577	0.754525	1.19286	0.754525	1.06699	1.59136	2.08609	1.28477	3.62944	6.07443	3.96496	0.983743	2.71844	2.8658	4.22388	4.42005	4.54905	2.7238	2.78041	1.7929	2.45508	2.61741	4.41988	4.4072	3.27253	1.85529	1.31749	1.66121	2.13316	2.50658	1.85529	2.52927	4.8811	3.47411	3.88925	1.81663	0.843577	0.506153	0.377259	0.168722	0.377279	0.84355	0.754525	0.608332	2.26241	1.68673	1.31757	0.754525	0.506153	1.36001	0.983743	1.36001	1.85529	1.44129	0.754525	0.695636	1.39102	1.18089	1.08026	1.28477	1.21653	1.22815	0.754525	1.19288	1.96691	2.14655	2.24991	1.59136	1.59126	0.238616	1.45105	1.06695	0.377279	0.53352	1.06699	1.60025	1.2847	1.92294	1.66974	0.477223	0.908541	1.06699	0.983743	0.95438	0.983743	1.0262	1.44123	1.19286	2.79057	1.22811	0	0.238616	2.52911	2.03082	2.19885	4.884	5.91314	5.25642	4.16666	2.36077	1.0262	0.983743	1.28477	1.88564	4.76401	6.74478	4.18366	5.26972	6.43956	6.48513	6.01436	3.58252	1.06695	2.24984	2.08602	2.56812	2.61741	2.0309	3.20238	3.0759	1.0262	0.754485	0.983743	1.44129	3.39141	4.65619	3.31112	1.44123	2.36677	2.7186	3.27253	3.10813	1.90823	1.18089	1.97402	2.03082	1.19286	0.954316	0.506153	0.754525	0.695636	1.22811	1.60019	1.39102	1.60019	4.31309	6.9648	5.49199	4.59538	1.28477	5.0484	8.77045	5.5605	2.11318	7.62936	7.48213	7.69426	7.00464	0.843523	0.843577	3.54257	16.9108	31.4389	17.4955	24.0742	23.0353	22.2495	6.56002	10.1298	13.1971	8.55413
3.6018	2.41412	4.71593	5.88373	3.17976	0.337407	0.337407	0.506103	0.754449	1.88548	2.3845	2.39643	2.50644	1.21641	2.66549	3.47374	3.51831	5.16105	2.26218	6.65434	1.60003	3.03386	5.19365	2.80549	1.19274	1.97391	2.9821	4.41961	4.78735	2.74426	5.78511	5.95726	2.57892	0.533488	0.983645	0.377241	1.39088	0.377221	5.68973	11.8531	17.2963	15.0366	9.43939	10.3316	8.64321	4.63149	4.12864	5.38528	6.08771	7.73665	9.34679	2.74419	6.01344	1.68662	9.23591	6.9016	2.53455	2.26859	2.82567	4.71593	2.80549	2.15939	5.12815	1.79284	6.15396	2.05153	10.4451	8.577	2.4141	3.20647	2.48927	0.695545	0.506103	0.860178	1.44115	1.08015	0.843465	1.06684	0.533488	0.477175	0.695566	0.983645	1.31744	1.50864	1.55503	1.02607	0.695545	0.860156	0	0.608271	1.35993	1.60009	1.55498	4.0769	6.19706	1.21633	2.15939	1.66105	2.74431	4.21011	2.34249	1.4509	3.03386	5.55237	5.59031	4.90665	4.26016	3.80053	2.43157	1.4509	3.41206	4.25025	3.8451	3.25481	2.19858	1.19277	3.5424	3.8889	2.45493	4.07359	3.74057	1.71992	0.337407	0.754449	0.715742	0.377241	0.608271	0.843465	0.377221	3.10762	2.05149	1.21641	1.28464	1.55506	2.19858	1.55506	1.0261	1.55495	0.843438	0.377221	0.695545	0.695545	1.22803	0.983645	0.90845	1.08015	0.843492	0.377241	0.608271	1.08015	1.13159	0.860156	0.337407	2.15939	0.168705	1.59111	1.31735	0.860178	1.13159	1.19274	1.21633	1.68651	1.76075	1.92278	0.608271	0.67479	0.67479	0.533488	0.608271	0.695566	0.908409	1.28457	1.06684	2.15939	1.06688	0.954285	0.533467	2.43157	2.21784	1.96659	3.47357	3.47363	1.76075	2.94376	5.12569	3.9288	1.44115	0.860156	1.22798	2.87045	4.57942	3.2722	2.55131	2.38445	2.2623	1.88555	1.81636	2.98191	2.26218	2.41403	3.4078	3.71014	2.26859	3.19757	3.17976	1.55495	0.754449	1.19279	1.19277	3.94651	5.15006	3.25481	5.59031	4.07019	1.79284	0.67479	0.608234	0.67479	1.3599	2.03064	2.21784	2.1985	1.08008	0.238576	0.608271	1.06688	1.39088	1.50856	1.22798	1.60003	5.22604	7.76709	3.81902	4.73997	4.57337	3.10762	9.18536	8.73065	8.64321	4.71623	2.53453	8.61879	8.15397	4.05615	3.5543	4.47359	24.8233	26.2131	5.49115	12.1409	11.0086	9.39953	9.86106	5.75131	7.64814	5.55237
3.39097	4.25981	3.21943	4.7838	3.27173	1.45078	1.59996	1.82411	1.19267	1.824	2.48906	1.81629	1.88539	2.03039	4.90601	3.21947	2.29327	3.91744	2.94343	6.48363	3.97499	4.22319	7.04519	4.73951	3.10756	4.29289	3.84111	1.0668	2.45472	4.22311	7.27857	4.48244	0.533422	0.533444	0.608221	0.908333	1.18067	3.36993	6.42945	10.0938	17.9426	19.6813	10.6368	9.86025	10.4495	9.94389	4.45727	4.44453	4.44769	5.49066	7.75033	2.72318	4.48244	3.25454	8.64206	5.14964	2.0375	1.97374	1.55485	4.89158	2.43136	2.57315	3.76651	1.08006	3.31051	4.73951	7.70721	11.3603	2.72318	2.15921	1.21623	0.754387	1.31733	2.08571	1.45087	1.01204	0.674734	1.06675	0.860106	1.2163	1.35982	1.19269	1.35982	1.50851	1.71983	2.08564	1.28447	0.506061	0.533444	0.674734	1.02599	0.695508	1.5999	3.21934	5.27921	3.25454	1.52721	1.1315	2.77999	3.63671	2.87029	1.52719	3.88854	4.53257	2.43136	2.11268	2.21766	0.695508	3.4118	5.18242	3.03821	1.35979	1.28447	0.695487	1.08006	2.94343	2.36634	1.68643	2.88507	3.46942	5.25793	3.5698	0.715683	0.715683	0.674734	0.337379	0.337379	1.07999	0.533422	4.39018	2.718	1.76067	1.31733	1.43114	1.68643	1.31733	1.28453	0.843368	0.37719	0.695487	0.533422	0	0.337379	0.754387	1.19269	1.2163	0.983563	1.31733	1.31733	0.715683	0.695508	0.608221	0.954142	1.31725	1.1315	1.18067	1.68637	1.13144	0.860106	0.860106	1.79257	1.45078	0.843368	1.88529	0.506061	0.908333	1.02601	0.715683	0.533444	0.754346	0.954142	0.695487	0.168691	1.52721	1.82411	1.50851	1.51787	1.86261	2.57877	3.70603	4.00328	4.84554	5.55191	3.34451	5.00296	6.69183	4.92623	1.55493	0.908333	1.59097	2.69707	2.38436	1.31725	3.54202	2.5733	1.02601	2.71795	3.54192	2.98645	3.57381	4.05581	3.70983	2.26211	4.06965	3.74011	2.39608	1.01204	0.608183	1.06675	3.27173	4.39029	4.3452	3.88863	1.66099	1.02601	1.08006	1.22788	1.02599	0.715683	0.954142	2.3842	2.50609	0.983505	0.506061	0.533422	0.533444	1.52719	1.85496	1.71983	2.02345	4.57904	7.53411	8.09349	2.45472	6.62672	3.91764	3.10736	2.41383	1.22788	1.22792	2.50609	5.73835	5.99902	7.36989	6.55012	2.03039	24.0885	24.5754	6.7165	10.824	16.5888	21.2397	19.2641	16.9964	13.5972	10.0451
3.39063	4.85665	3.78508	4.45682	1.44082	2.19815	2.7229	1.18055	2.26189	2.77971	2.90924	1.68626	1.21618	3.3569	5.22246	3.84067	3.41146	4.78648	3.99232	5.01909	2.41368	0.95411	4.81864	6.46157	5.00247	3.13449	3.58128	4.92574	6.2189	6.46168	5.07214	2.39584	1.45073	1.07995	0.983464	5.31873	10.3205	11.5377	13.112	16.9948	19.745	21.9985	12.9365	10.7615	15.5063	14.2218	4.0727	3.09795	4.90552	5.74998	6.43091	3.1658	1.90756	2.29295	5.2546	4.3899	4.07293	3.47313	3.46907	6.29693	6.79055	8.37385	9.12689	5.01924	1.18055	3.94242	8.07067	9.8685	2.43112	2.11247	1.34915	1.21618	1.59091	1.39067	0.695439	1.02591	1.2844	1.02591	0.859998	1.18055	1.35968	1.21618	0.60816	0.377152	0.843284	1.88511	1.68626	1.45073	1.3172	0.983464	1.19252	1.06669	1.68626	1.88511	3.34418	2.52839	2.0855	1.07995	1.66083	3.79994	5.21446	4.29238	4.04498	2.41359	1.59091	4.31538	5.98466	6.05914	3.40724	4.594	7.13525	8.55663	6.32591	2.86515	2.03033	3.57345	3.73989	2.87011	1.81603	1.2278	4.76267	3.21902	0.754311	0.477056	0.859998	0.53339	0.60816	0.608123	1.13139	4.30205	3.01447	1.92249	1.44088	1.13139	1.71965	1.97354	2.66514	2.74381	2.15913	1.81611	1.19258	0.754311	0.477088	1.06669	1.45073	1.35965	0.754311	1.02591	0.983464	0.86002	0.50601	0.53339	1.52706	1.96635	2.41368	2.26817	1.88518	1.69465	1.71965	1.06665	2.41356	0.754271	0.754271	1.66926	0.715564	1.59081	1.68626	1.59091	1.07995	1.22776	1.02589	1.07995	1.50836	0.908284	0.377152	1.13132	1.88513	1.76049	1.06669	1.82382	3.03788	3.38639	4.41864	6.2185	2.11247	3.21915	6.61561	7.50969	4.94868	3.32314	2.52855	1.21618	3.69791	3.3187	2.1981	0.843311	3.78489	3.03791	2.03019	3.39045	3.14787	3.20591	2.29307	3.84418	3.81832	2.74363	0.754271	1.97346	3.21915	3.35703	2.03027	1.2844	2.05811	2.94322	3.54175	4.65519	5.19569	4.53235	3.47313	2.48895	3.37379	1.35963	1.19258	1.66937	1.07995	0.843338	1.44088	2.13264	2.29304	2.56751	4.57875	7.92162	11.783	7.75692	1.13132	4.04853	4.18248	3.21915	3.72857	6.15323	6.85207	6.32591	4.88262	7.16798	7.96676	7.38245	19.361	22.2118	2.63301	4.15854	5.42348	11.4084	14.3004	9.08743	9.46197	14.496
2.77935	3.07479	3.10694	3.70529	2.14573	0.843227	3.20557	3.54132	1.6691	3.4069	2.94296	1.28427	0.69537	2.41341	5.22212	5.80559	4.44387	4.15831	4.7149	6.60216	6.39577	6.27201	1.85458	4.38957	6.15262	5.04941	7.2368	5.74459	2.94296	2.34786	1.86224	0.695348	0.377134	1.07984	2.19153	8.42034	8.45332	8.64086	13.6053	19.6055	19.4114	18.6013	12.9474	9.56938	18.3559	17.2794	5.87024	4.31172	7.53101	9.57634	7.7758	5.23813	1.55462	2.19143	3.20116	4.67889	5.58877	4.59677	4.5163	6.73404	7.7758	5.47455	8.80643	6.09049	2.80469	3.51718	7.11861	6.68403	2.57826	1.86224	0.337311	1.18044	1.28427	0.843254	0.674599	0.71554	0.908193	0.608099	0.859912	0.983308	0.477009	0.377114	0.608062	0.608099	0.674599	0.983308	1.22768	1.45058	1.43086	1.43086	2.05095	1.88502	2.08522	2.41335	5.42275	5.44612	2.50576	3.69373	4.44387	5.8465	5.18154	2.66484	2.29272	0.505959	3.70912	5.48993	7.5459	6.62342	6.21583	5.94647	8.32996	8.26814	7.63519	2.41335	1.59964	4.92516	3.76591	2.19143	2.77943	4.44705	4.3798	1.71944	0.477009	0.8432	0.754196	0.377114	0.337311	1.06658	1.88499	3.47262	4.06884	2.29284	2.74348	2.34786	2.72276	2.72276	2.76413	2.86487	2.08529	1.51756	0.908193	0.908193	1.07984	1.19243	0.377134	0.908152	0.843254	0.859934	0.843254	1.44074	1.39053	1.06658	1.55462	2.05791	1.50821	1.21606	1.07984	1.76025	1.86222	2.94761	2.38372	0.843227	1.51756	1.97326	1.01184	1.59066	1.79221	0.533337	0.859912	1.13121	0.859934	1.39053	2.03012	2.86487	2.29284	2.03007	2.71746	2.45423	2.19801	1.59964	5.19488	4.07238	2.86974	4.11026	3.37345	1.6691	3.91686	6.76735	7.59722	5.94647	5.04679	3.96345	2.15878	3.3567	3.41109	1.35949	3.34384	2.08522	1.97335	3.70912	4.12759	4.14131	4.18206	3.27122	2.94761	2.3956	0.859912	3.01417	4.53169	2.80486	3.62822	4.65472	3.78468	2.19796	4.055	4.367	3.33559	1.43086	2.43088	1.06654	2.19788	1.39049	1.97335	1.82375	1.68614	1.55462	1.35954	1.39053	1.71948	2.03012	2.71756	4.90518	10.2874	11.0055	6.39569	2.34776	1.66066	0.238508	4.87908	6.55748	7.90525	6.84937	4.90526	7.64612	7.94858	8.36929	17.5901	16.1837	4.34433	11.3952	18.7502	24.7407	22.8107	16.1341	5.26509	9.71104
4.14068	1.07973	1.92214	1.28408	1.06643	2.52797	0.75412	3.40656	5.30956	4.34363	1.22756	1.22756	1.0257	1.07973	1.92211	3.38567	3.20084	2.578	0.983268	4.52806	3.78413	4.59317	6.55683	3.90556	2.55033	5.27761	8.17275	6.18113	0.608001	0.6953	1.19229	0.377077	0.377097	1.88473	3.38571	6.88889	9.54653	14.7861	23.1182	23.021	15.7857	8.92216	8.33369	5.53011	16.6198	16.8769	5.91965	5.11551	6.68984	10.4997	8.89119	6.59711	2.36565	2.08502	1.82357	2.29261	3.63551	2.66447	1.07966	4.71414	5.95967	4.41799	9.05067	6.95342	3.40649	4.82053	6.08754	4.16784	1.5905	0.505909	0.908061	1.22751	0.674532	0.6953	0.908103	0.843169	0.754161	0.983268	1.06648	0.505909	0.476961	0.16864	0.859826	0.715468	0.6953	0.6953	1.07973	1.55446	1.35941	0.754161	1.35933	0.16864	2.29246	4.15768	6.64139	2.86946	3.36882	4.90452	2.29246	2.74308	2.0577	4.05476	4.37623	5.21624	6.65211	5.78809	4.71443	5.04613	5.71476	3.99153	0.908103	6.32216	7.2149	3.63551	2.52797	4.90455	0.377077	4.69323	3.54094	1.71931	1.28408	0.608001	0.377077	0.533263	0.859826	0.843169	2.08508	1.96596	1.52676	3.16517	4.016	1.06648	2.38359	2.34763	1.76014	0.859849	0.608001	1.31685	1.68587	0.843116	0.695278	0.337277	0.505909	0.337277	0.608001	0.16864	0.754161	0.608038	1.35936	2.1587	2.71723	1.21594	1.35938	1.19231	0.533284	0.533263	0.377097	1.73568	1.45035	3.45591	2.50534	0.98321	0.533284	2.35963	1.8544	0.75412	1.66041	0.843169	1.19229	0.695278	0.2385	0.75412	0.98321	1.07973	1.97315	1.59948	2.11205	2.03678	1.90731	2.50551	4.3012	3.70862	1.82346	1.66041	2.74308	3.69333	2.66444	2.02984	5.96704	6.93772	4.85568	4.57767	1.07966	1.21594	0.6953	1.73568	2.77907	2.38359	1.76014	2.21699	2.94732	1.66041	0.98321	2.66457	3.43553	2.55033	0.983268	2.94252	4.65404	2.86458	3.69717	0.608001	3.739	1.76014	4.57767	3.03743	3.62786	3.36903	3.21851	2.48845	3.51696	2.66457	0.754161	0.377077	0.476993	0.715468	0.908103	1.18032	1.06648	1.07973	1.21587	2.63771	5.70474	7.2898	6.71472	7.17246	2.52789	4.67842	4.7381	6.58217	3.64323	2.45399	4.44342	5.58799	5.82398	7.81224	17.2135	11.4186	8.7667	6.2712	11.7565	11.3902	3.93065	8.12539	10.5257	7.22089
5.42689	3.19608	0.505867	0.754058	2.41288	0.95384	3.54065	1.43059	4.01566	5.9001	2.77884	0.843099	1.8156	1.43059	1.22745	2.66425	2.57778	3.27062	2.35944	4.29097	4.64144	2.05753	6.58188	7.22626	8.24671	8.42572	7.57365	5.11481	0.377065	0.715409	1.35925	1.18022	0.674475	3.27048	7.04252	7.85442	13.0978	23.1315	22.9993	14.4773	3.21833	5.63779	12.7815	16.4698	12.6598	11.0388	7.96131	5.63779	5.42185	10.1614	8.49871	6.60707	3.24011	2.38339	1.90715	1.13107	3.17828	3.36854	1.39028	4.72283	5.72412	4.9044	7.40286	5.52942	2.57772	4.30084	5.38262	3.58027	1.92189	1.19224	1.34876	0.859755	0.377045	0.238481	0.607988	0.715409	0.908027	0.908027	0.476953	0.377065	1.01165	0.95384	1.06639	0.95384	1.02562	0.695242	0.843072	0.983186	1.39028	1.19221	0.754058	0.674475	1.96568	5.70918	6.94676	0.377045	4.05415	3.2182	4.09592	4.31416	5.63526	4.81165	4.82041	4.78812	3.70842	2.21681	1.31683	4.21802	3.94467	1.39028	4.2215	5.9663	4.67474	3.09248	3.24011	4.25801	2.86419	4.64144	2.02962	0.533239	1.02562	1.18022	0.754098	0.695242	1.19224	3.25329	3.76528	2.24864	0.505867	3.34323	3.47196	1.59929	1.59935	1.3593	0.476953	0.168626	0.60795	1.131	1.71912	1.19221	1.01165	0.695242	0.674475	0.754098	1.19221	0.715409	0.505867	0.715361	1.90702	1.131	2.74285	0.238465	1.44041	1.39028	1.792	2.19761	1.92198	2.02268	0.505867	3.64292	2.34126	0.69522	0.983128	1.21576	2.0574	0	1.06634	0.843099	1.18022	0.377045	0.859777	0.476953	0.907985	0.859755	0.908027	2.63763	3.35608	3.38543	2.78913	3.50463	3.79887	3.14698	3.47199	3.60012	4.00175	3.10623	2.48811	5.74354	4.96996	5.88119	5.42165	4.20795	2.55012	2.5053	1.73564	1.51728	2.4537	1.51728	0.907985	1.45023	3.60389	2.50513	2.6213	2.78899	2.69603	1.73564	1.06639	2.13203	4.45568	4.05426	4.59262	2.80435	4.05426	1.34876	3.10623	3.17847	2.63763	1.31683	1.55426	1.21584	2.19753	0.674475	0.859755	0.476953	0.476921	0.377065	0.843099	1.5543	1.28404	0.95384	2.05053	3.8394	5.08445	4.71374	3.93032	6.9186	7.00867	4.45568	4.10977	2.66422	5.86917	5.04555	3.5526	5.04571	10.0266	13.4714	15.1382	3.57236	8.54272	6.46201	4.71374	13.3727	8.57639	2.26113	8.67699	2.21685
4.71341	3.69269	1.55415	2.71669	1.21564	2.57191	2.488	4.88956	4.07138	2.74258	4.23771	2.70103	1.66862	1.45017	2.19739	3.30903	3.41016	4.06789	5.34309	4.57701	3.32168	3.60353	4.01551	7.16564	7.79527	6.53878	5.18008	2.5331	0.60789	0.377028	0.907936	1.75982	1.88449	7.46945	13.1522	17.4374	24.2119	24.897	14.6692	2.29204	7.42272	8.86644	8.37058	7.60065	5.36412	3.21779	5.7747	3.78364	5.49574	10.8597	7.67648	6.11404	4.20766	2.86893	1.19207	0.674408	2.74264	4.66523	3.23534	3.47181	6.3103	6.68454	6.40039	4.73724	2.71674	4.0012	4.31023	2.45345	2.66409	2.19739	1.21572	0.859691	0.754022	0.607927	0.607927	1.28391	1.73546	1.3167	1.07954	1.50778	1.75982	1.21572	1.02551	0.607927	0.842988	0.842988	0.533165	0.476874	0.505816	1.19207	0.377028	0.71529	1.55407	6.94607	7.73233	2.7427	3.96222	2.29216	3.5404	5.82331	6.0868	4.81993	4.04699	1.3167	1.28385	2.19739	4.61997	7.44536	6.65091	3.47184	2.34103	3.99058	3.20466	4.38834	4.59547	0.753982	3.93002	3.6965	1.66011	1.21572	1.68567	2.05037	1.28391	1.06628	1.86171	4.38818	3.73855	4.23771	1.19207	3.92993	4.2176	2.52751	1.73546	1.35916	1.06628	1.3167	1.81542	1.719	1.75975	1.06624	0.859691	1.06628	0.907936	0.859691	1.02551	0.907936	0.476905	0.907895	1.55407	1.34863	2.15817	1.35913	2.19731	1.5903	1.68567	1.45017	1.19209	0.907895	1.06624	3.92635	1.21564	0.842988	0.60789	0.753982	1.82312	0.674408	0.476874	0.238457	0.476874	0.98303	0.753982	0.533186	0.859691	1.02549	2.13174	2.69577	1.97279	0.842961	1.52645	2.02941	2.05033	3.3725	5.2554	6.2231	5.45501	3.1333	2.87872	6.08644	1.85406	5.89952	5.7356	2.36522	5.68682	6.75102	4.90391	3.1333	4.37856	4.30066	3.70818	1.79182	2.02248	4.96947	4.66548	3.0368	2.03641	0.607927	1.13095	1.73546	2.71674	5.14453	5.21516	1.52648	5.11458	8.27271	6.41583	4.40439	4.16736	3.36842	2.66398	0.98303	1.96548	1.22729	1.1801	0.843015	1.01155	0.607927	0.168609	0.60789	0.533186	0.843015	1.59913	4.36553	6.10712	4.44236	2.94198	6.27447	8.92055	8.04694	2.63737	3.57215	7.42301	11.1394	9.8208	8.38523	13.2321	12.8076	3.54021	8.94545	6.4851	8.38505	4.74926	14.5836	8.95268	2.57206	9.04904	5.95892
5.03926	3.67713	2.74243	3.56773	1.31648	4.01486	2.63696	3.16443	3.4674	1.71882	2.05012	3.76438	3.61494	1.35895	1.31656	2.19069	2.41252	2.66385	3.94415	3.83888	1.59014	4.76332	3.63448	4.65295	5.04764	2.98012	1.39	0.674341	1.01145	0.607866	1.22717	1.66002	1.9216	11.4025	12.6917	21.3512	26.444	19.4367	10.8179	6.73148	10.8761	7.62313	3.13278	2.03631	2.88339	0.753907	2.87843	1.82305	6.68345	10.9567	6.38202	5.05852	4.00083	3.55181	2.05699	0.715218	1.69383	5.45413	5.11376	2.02929	3.81674	4.87754	4.25733	3.70768	2.24819	3.40964	3.03641	0.907846	1.92157	1.86153	1.02541	0.674341	0.695103	0.533133	0.505766	1.71878	1.50763	1.39	0.953649	1.359	1.22721	1.01145	0.842904	0.695103	0.674341	0.842904	0.607866	0.337182	0	0.953586	0.753907	0.695082	1.19192	8.33958	8.41051	3.03657	4.69191	2.08443	2.36498	3.47146	2.74249	2.57727	4.15651	1.97251	1.51698	2.52725	5.73523	7.58874	4.96897	3.10561	2.08449	5.06978	4.81945	5.27911	3.88637	4.38764	4.37813	1.92157	0.695082	1.06617	0.953649	1.71878	1.17998	0.859605	1.35895	4.52678	1.68544	4.81627	2.71636	4.28353	5.25208	1.75958	0.859605	1.02539	0.753947	1.39	1.44019	1.8842	2.42995	0.674341	0.37699	0.859605	0.37699	0.476826	0.337182	0.674341	0.505766	0.695082	0.476826	0.842904	0.37697	1.69383	1.88422	0.907846	0.37699	0.337182	1.06613	0.674341	1.50755	3.83863	0	1.02539	0.533133	0.533133	1.59897	1.02539	0.37699	0.238433	0.37699	0.753907	0.607829	0.238417	0.859583	1.17998	2.26068	1.90664	1.13084	2.11157	2.61549	3.63448	2.94169	4.20711	5.89893	6.51861	2.98012	3.69613	2.3408	5.11379	2.94666	5.66871	3.4713	2.05012	5.38953	5	4.70996	1.9654	4.31312	3.23953	3.07361	2.05012	2.50466	3.45516	3.70781	2.57181	1.69386	0.607866	0.753947	1.02541	1.5263	3.57173	4.73677	6.52918	9.61268	7.95818	7.00966	5.36098	4.87754	4.23735	4.76038	1.31648	1.73519	1.19195	1.02541	0.953649	1.02541	0.533133	0.907804	1.06617	1.07936	0.695103	1.68539	2.86361	6.53776	4.99979	3.31727	5.72298	7.40718	9.93707	4.53012	6.15911	6.42825	10.24	10.224	11.1052	16.9151	15.4316	7.38456	12.2939	10.0258	14.8858	8.10096	19.8328	9.30108	3.69634	7.28018	6.16617
1.01136	1.35885	1.6598	3.1053	2.38266	3.61464	2.7882	3.03628	1.90658	1.44005	2.86844	2.08424	4.10835	2.52696	0.533066	0.505719	1.06604	0.47681	0.674279	1.38987	2.63148	4.8159	4.0704	0.982849	0.907757	0.842827	0.238409	0.607806	1.38987	0.953554	1.68525	0.376953	0.505719	11.4803	10.8078	22.4824	24.2606	6.05564	6.79499	7.65905	11.4427	6.14939	3.97229	5.11357	3.13267	2.62056	3.03624	3.78287	8.00567	9.45515	4.38727	4.78365	5.2757	4.99932	2.42975	1.38984	1.17988	5.11334	5.51255	2.80339	1.66832	0.695037	1.51684	2.50445	1.51684	2.4874	2.02904	0	1.22706	1.13068	0.695021	0.695037	0.505719	0.533082	1.02532	2.13134	1.22709	1.52618	1.07932	1.17988	0.238409	1.28361	0.376953	0.376953	0.859524	0.859524	0.715195	0.715195	0.842847	1.34837	1.35885	0.842827	1.0253	9.01227	8.80224	1.65986	5.18977	2.94146	3.19517	1.68529	1.02532	1.73504	4.80999	2.54934	1.38987	3.2172	5.11334	4.30944	1.21548	4.51396	2.72136	3.03616	1.06604	0.376938	4.59132	6.33534	2.15777	0.505719	0.238397	0.533066	0.168577	1.31637	1.07927	0.476786	0.953507	4.20676	2.4874	3.61464	4.20681	3.842	5.85068	0.982849	1.0253	0.674279	0	0.753873	1.58998	2.24793	2.39448	0.168577	0.476786	0.376953	0.842827	0.505719	0.376953	0.695021	0.607778	0.476786	0.674279	1.88409	2.48751	2.82363	1.81506	1.13068	0.376938	0.337151	1.13068	0.168577	1.50743	3.57926	0.376938	0.982849	0.376938	0	1.13068	1.19184	0.505719	0	0	0.476786	0.607778	0.533066	0.842807	0.753843	1.815	1.815	0.907726	0.607778	2.13134	3.62636	3.94001	5.41235	6.10601	4.4033	3.0502	4.8159	2.70049	4.81877	0.753843	4.01453	2.29165	2.29162	4.91132	1.43009	3.94001	2.36476	3.34229	2.21617	3.38441	3.19964	3.56742	0.505719	0.842807	0.337151	0.337151	0	0.476786	0.607778	0.907726	1.96512	4.28318	10.8615	10.6651	2.63148	4.40338	2.57703	1.79138	4.37442	5.13256	1.21542	1.21542	1.01136	1.02532	0.607806	0.337151	0.907726	1.44	0.337151	1.90649	0.47681	2.13134	2.52696	5.70758	3.7263	2.66359	4.28983	4.47005	8.58515	4.16299	6.76386	3.03624	6.14939	7.04635	9.90716	15.3121	16.5798	8.72391	6.98083	18.7667	16.4088	12.6137	19.9302	8.75535	5.17908	8.88946	7.57349
1.50736	1.88388	2.15756	1.88392	3.55137	3.67646	1.65972	0.168562	1.7912	2.77778	3.13241	2.63662	2.89749	3.4543	0.694954	0.533035	1.01127	1.07923	1.59874	2.3405	3.03604	3.20376	2.42951	0.607755	1.19178	0.98281	0.47677	1.35875	2.24778	2.11118	2.04979	1.58985	1.8149	7.84934	9.40353	19.8608	27.1264	13.1812	12.218	9.63265	4.6518	6.52834	8.58482	8.76433	7.16933	6.70518	4.57555	5.47136	6.78594	4.6518	4.57572	5.88133	7.00808	6.38089	3.60252	1.55374	1.66826	3.4543	5.11286	3.84532	2.26026	1.07916	1.65964	2.19019	0.907638	1.50728	2.03584	1.2153	1.35873	0.33712	0.376921	0.238389	0.238373	0.505673	1.17977	2.29143	1.55371	1.71851	1.44976	1.43992	1.17977	1.58976	0.674217	1.06598	1.35878	1.43992	1.07923	0.953475	0.98281	1.34825	1.59867	0.859426	0.90768	9.06005	9.06005	1.21537	4.7477	3.55129	3.70702	1.82272	1.50728	2.94115	3.32074	1.43992	1.71851	4.28933	4.28933	3.03596	4.16618	4.70911	2.02892	3.26923	1.42995	2.5324	6.32158	4.89656	0.476739	0.842777	0.859426	0.238373	0.376921	0.982752	1.07916	0.715135	1.86119	2.71587	3.34196	2.19029	5.34138	2.74186	5.72173	0.376901	1.1917	0.33712	0.753809	1.13057	1.22698	2.216	1.52602	0	0.694954	0.859448	1.17977	0.47677	0.505673	0.859448	1.19175	1.06598	2.86317	5.14321	5.27815	3.80863	2.03594	2.0289	1.28355	0.674217	1.07916	0.33712	1.44967	3.13221	0.476739	1.19175	0.753809	0.376901	0.90768	1.5167	1.17977	0.842777	0.842777	0.533035	0.753769	0.694954	0.694954	0.238373	1.19173	2.19669	1.50736	0.842777	2.63109	3.33348	5.56522	6.8432	5.44295	0.859426	5.37814	4.00023	3.03594	5.27519	1.55371	2.57118	2.71592	1.34825	4.40286	1.22698	3.67646	4.69121	3.67646	2.26038	4.17943	2.19019	1.50728	1.13063	0.533035	1.35878	0.90768	0.607755	0.694976	0.533014	0.533014	1.88385	5.12382	11.9795	9.16104	1.22694	4.0459	7.28678	6.8432	5.83091	4.21977	1.02522	1.02522	1.55374	1.92122	1.22698	0.505673	1.07916	1.06594	0.607755	1.96493	1.34825	2.36453	3.62601	5.03808	3.23894	2.72122	4.12515	4.87939	9.28025	6.15814	7.93551	4.44455	8.45647	5.89786	9.08293	13.9835	15.6345	6.71183	4.21989	20.6942	12.3349	18.523	10.7439	7.14015	9.9351	13.3122	9.50967
1.75914	2.2912	2.61467	1.68502	1.31619	1.43972	0.842666	2.15748	2.74166	2.7156	1.44953	1.92102	1.75914	2.63622	2.13101	1.01117	1.13052	1.79114	1.59858	1.17965	0.532961	1.31611	1.50713	0.337087	0.907589	1.28342	0.67415	1.82242	2.08384	2.1443	2.57108	2.34027	3.21678	8.42637	9.19634	12.0874	20.1497	8.80093	6.3013	7.89959	0.607657	3.09116	5.15639	3.04958	5.70645	7.64826	6.48457	5.56731	5.22129	5.31474	5.6475	6.81191	7.2111	9.83654	10.3835	4.87601	0.168545	3.03559	5.27467	4.04529	2.45251	1.55351	1.88366	1.68491	0.376883	1.28342	2.7775	2.3462	1.19163	0.842692	0.476691	0.532982	0.715016	1.35859	1.35861	1.44953	1.06583	0.376883	1.31619	1.07912	1.35861	2.21578	1.82254	1.43978	1.13052	1.19161	0.532982	0.476723	0.376883	0.907547	1.7347	0.85934	1.71834	9.42575	8.07971	0.505623	2.86784	4.90204	3.33337	1.21518	1.42981	3.19454	3.03564	1.02512	2.94086	4.01373	2.7157	4.65164	4.87617	2.94583	0.532961	3.40865	3.63346	5.21049	5.11244	1.5896	1.22686	1.07912	1.35861	0.982712	0.505623	0.715016	0.67415	1.71834	3.71808	5.26423	5.66727	3.03574	5.41129	1.02512	4.80903	1.66799	2.39416	2.97928	2.52662	2.88262	2.57648	1.43972	0.694907	0.907589	1.02512	0.505623	0.753694	0.842692	1.75914	2.02877	2.34027	2.34027	3.76332	3.93924	0.842639	3.03566	3.40883	2.63636	2.3463	3.03571	2.02877	0.505623	1.55348	2.34014	1.75908	0	1.19158	1.52587	1.21525	1.65947	0.85934	1.06587	1.31619	1.31619	1.22686	1.19163	1.06587	0.95338	0.753734	0.842639	0.607694	0.753694	3.50272	4.15537	6.05417	5.31441	3.76341	3.03574	3.64117	0.907547	2.26629	4.20593	2.18997	0.694885	2.3583	1.79114	5.74079	5.8306	6.14855	6.11196	4.17929	2.57108	6.14817	2.26629	0.168545	1.65947	2.19002	1.6681	1.59858	1.58969	1.13052	1.52587	2.39416	1.43978	4.67549	10.3109	10.2384	9.36791	7.80114	6.3696	9.24232	7.48143	3.40457	0.753734	0.607657	0.607694	0.753694	0.907547	0.907589	2.1443	3.47051	3.81566	3.62581	2.56555	2.61475	4.37687	5.63235	2.36429	2.19007	4.52887	6.39155	10.2211	9.78093	8.68441	4.87617	9.86805	6.68584	5.95633	10.3964	14.8436	7.93473	1.55358	12.3684	22.1529	24.3744	13.9038	11.1874	14.5079	16.5308	12.4684
2.48666	2.3399	1.58944	0.694837	1.3585	2.21552	1.8835	1.43957	0.982556	1.50698	1.97175	0.674083	0.238342	0.607596	1.35848	2.21552	1.7589	0.376826	0.376826	0.376826	0.607596	1.43957	1.2267	1.19149	1.6848	0.859276	1.35843	2.11064	2.63596	2.04938	1.90604	2.61449	3.93902	12.9931	17.0455	18.7053	12.6021	2.03553	7.17535	5.47003	6.8462	8.88553	4.12433	4.41477	6.56297	6.17258	2.86745	5.11204	6.15692	3.38346	3.45361	5.14469	3.69109	6.97517	11.6448	9.93334	3.70629	3.73651	5.84894	3.62528	2.19625	1.17953	1.07895	1.52574	1.42976	1.07902	2.78737	2.56517	1.02502	0.982556	0.982556	0	1.50698	2.24726	2.29106	1.44947	0.476644	1.19146	0.753659	0.982614	1.13041	1.59842	1.44947	0.982614	0.907457	1.07895	0.476675	0.714992	0.607634	0.859254	1.5164	1.75897	2.54859	9.22492	6.47734	1.3585	3.23835	4.0729	4.38612	3.38346	2.99792	3.99943	4.209	3.07237	4.07264	2.02849	4.21913	4.05207	2.45236	1.69319	2.26606	4.52821	5.66656	4.23567	1.73453	0.953285	1.22674	1.07902	1.38947	1.22674	1.28329	1.5534	1.58953	3.04932	4.88702	5.88018	4.13815	3.354	4.80856	1.42976	3.76289	3.61356	2.0837	1.88358	0.842581	2.48666	2.3399	1.01107	1.55343	1.44947	0.842608	0.376846	0.607634	1.71817	2.24733	1.43964	0.842581	1.31606	2.94059	1.92074	2.57622	3.9993	3.96042	3.80787	3.17662	2.94068	2.5319	1.7589	1.42967	1.35845	2.382	2.34004	2.71543	2.382	1.52574	2.11064	0.694816	0.753619	0.376846	0.607634	1.19152	1.38947	0.982614	0.714992	0.842608	0.842608	0.842608	1.6848	5.36912	5.11193	2.39377	4.73508	6.24497	5.15588	1.22674	1.19149	2.41147	3.55045	2.63596	1.13041	1.75897	1.88358	6.9748	6.71435	4.25898	4.51262	2.45227	4.48776	6.19073	2.90672	1.68485	2.36406	2.08363	1.19154	1.73463	1.55343	2.39377	4.59004	3.23399	2.19625	3.57028	6.19289	5.11204	8.1763	11.7519	14.018	12.0569	6.52705	2.03553	1.025	1.06572	0.376846	0.607634	1.3585	1.92086	2.34607	1.92086	2.02857	2.11076	0.982614	0.859276	2.90672	6.56297	2.3399	3.04932	5.25042	5.63453	7.0741	7.72908	6.78694	4.415	8.6339	9.34455	4.20557	6.71454	13.9389	17.0953	8.8852	7.80759	5.04557	10.2676	9.90484	15.1561	5.46526	7.17535	12.3902
4.81694	3.03041	1.59826	1.58938	2.57057	2.77704	2.53167	2.19607	0.607574	1.01097	2.08345	1.34786	0.907379	1.5256	2.19611	1.35835	1.38931	1.5256	0.859178	0.532862	0.907379	0.907379	1.34786	1.59822	1.38934	2.41134	2.04919	1.59822	2.99748	2.34576	1.44933	2.88203	4.37604	13.3126	12.4508	6.89996	5.35841	6.05329	11.3594	7.30754	5.19071	8.23245	6.48116	1.718	10.1802	9.04544	6.06489	4.51868	5.08669	7.8983	8.95874	8.26623	6.57759	5.70569	7.31675	8.2959	4.90086	4.52468	6.17654	3.6015	1.35835	1.92067	2.11055	2.05613	2.15705	1.69303	2.99748	1.92058	0.842484	1.55319	0.842484	0.376794	1.82209	3.01162	2.86234	2.77704	1.55325	1.44926	0.907379	0.953189	1.1303	1.06566	1.02492	0.532878	1.21495	0.859178	0.607574	0.337022	0.238306	0.607546	0.842524	1.81437	2.53165	7.69923	5.96224	2.50347	2.41129	1.68468	3.87356	4.36644	2.74112	2.99748	2.86228	2.34576	4.85189	2.86735	3.70213	2.69946	2.48645	1.58931	3.45332	5.9151	5.11142	1.58931	0.694771	0.607574	0.674021	0.607574	1.02492	1.17942	0.953189	1.55325	1.28317	3.35371	4.7345	4.06539	0.694755	4.15457	2.94511	3.6251	4.81417	3.53827	1.19139	1.88332	3.36638	3.71737	1.4395	0.376794	0.607574	0.607574	0.505526	0.376809	0.694771	1.75875	0.859178	1.31586	0.337022	2.86727	2.82255	0.982517	1.59826	5.15522	4.17825	0.982517	0.714921	1.50685	1.97158	2.56495	0.753555	0.505526	1.02492	1.68468	2.5484	2.0835	2.21535	2.88203	1.69305	0.694771	0.337022	0.532878	1.35833	1.02492	0.532878	0.238318	0.337022	0.376809	0.532878	0.953142	5.13061	4.25852	2.85746	2.41136	2.11055	4.62625	2.34576	0.694771	2.66247	3.23789	2.57046	1.17942	1.44933	1.88339	6.51548	6.41181	3.23351	5.37906	5.04221	3.67528	1.82209	3.26841	3.13148	3.35381	3.23794	0.907379	0.607574	0.859195	4.77881	4.3856	1.96437	2.25962	3.83685	4.94369	0.753555	1.79078	4.38579	4.90105	2.57057	0.753585	0.532878	1.28317	2.11055	2.29086	1.92067	1.55327	1.35837	1.02492	1.97158	3.8407	4.528	2.29086	0.694771	1.28312	7.02193	3.09501	4.15457	1.69303	2.86228	3.55016	1.43945	1.42955	2.97854	7.11637	9.0863	4.68983	3.99907	6.81064	16.3307	20.285	13.4479	24.1483	27.3737	16.2649	3.26846	16.2963	8.53722	5.97864
4.84846	1.35821	2.42873	2.80221	2.38152	1.06553	1.59806	1.52546	0.532831	0.859119	1.35818	0.859119	1.97139	2.89638	1.97148	2.05596	1.06557	0.859097	1.659	0.753481	0.69471	2.18945	3.09485	3.03013	2.19593	2.34564	1.35826	0.50548	2.80204	3.0347	0.168497	2.52575	4.05106	10.6918	10.0935	10.9513	7.9867	2.21511	6.10309	4.75504	4.94326	6.76058	6.21203	3.0347	10.8215	11.6701	2.94006	2.94499	6.41143	7.84296	5.52521	4.21824	5.01409	8.13422	8.75938	7.04124	6.91348	7.05896	5.73194	1.96418	1.4295	1.55314	1.52544	0.714814	0.168497	2.50322	3.21565	1.19128	1.52544	1.81413	1.01088	0.376777	2.15673	3.7809	3.35339	2.66232	3.21574	0.673959	1.21483	0.476556	0.532831	0.842427	0.859097	0.673959	1.28299	0.69471	0.607523	0.753481	0.168497	0.532831	0.673959	0.532831	3.59729	5.79985	4.6379	4.6379	2.72005	1.68454	2.57575	3.09467	4.15419	3.40772	1.35818	1.59806	3.60114	1.07882	2.29055	3.70548	4.161	2.41116	3.09012	6.52552	4.41396	0.842427	0.69471	0.476588	0.50548	0.673959	1.31582	2.18945	2.0282	1.97148	1.1302	3.21565	4.518	2.1958	2.53141	2.33947	2.15687	4.23497	3.9597	2.86216	1.35826	3.46931	3.53786	1.13014	1.01088	1.02483	0.476588	0.336991	0.50548	0.607523	0.69471	1.07875	0.842454	0.336991	2.18945	3.56971	1.35826	1.659	0.607485	5.34713	5.59323	0.714861	1.19133	1.51612	1.59806	2.41106	2.19593	2.2658	1.50678	0.753481	1.31573	1.07875	1.06553	2.24685	2.24692	1.73431	0.95311	1.02483	1.35821	0.532831	0.50548	0.476588	0.376777	0.50548	0.376777	0.238298	3.63243	4.21828	2.66232	1.88316	0.982376	4.41396	3.26798	0.476588	1.73421	2.98303	2.94006	2.11025	1.52546	2.50339	4.96593	5.70484	2.03506	5.36814	6.7915	4.28789	4.94351	5.48472	5.2334	5.56088	6.0457	3.40368	1.92048	0.376777	4.74589	4.90056	4.0443	1.31582	4.28112	4.75473	0.694688	2.63008	2.74082	1.43937	1.02481	0.907332	1.31582	1.4295	1.44921	1.35823	0.8424	1.43937	1.50678	1.31582	3.0947	3.88403	3.21578	3.31948	1.51612	2.0282	6.94758	4.75484	3.93813	0.859097	2.2594	3.51386	2.862	2.41103	3.51386	7.13132	5.4639	2.69921	3.60114	3.09012	10.7425	21.9866	27.0915	13.1438	32.6432	28.6268	2.80204	20.9386	5.84788	12.126
5.2755	4.57358	3.92358	3.40753	3.9592	1.85264	1.51597	1.43923	2.03485	1.75841	1.50663	0.907242	2.19558	3.57718	0.859011	1.38908	1.68432	0.859033	1.81395	1.35812	1.92032	1.69273	1.58899	2.02792	2.56457	2.028	1.92032	2.50314	1.88302	2.48596	1.82173	3.19332	3.08981	7.66889	6.52706	7.83863	15.6899	19.6166	17.4346	11.8124	9.04699	8.04944	3.73554	3.40756	8.79734	8.90127	5.1759	5.25932	4.70982	2.97795	5.5399	5.33612	3.91257	5.87853	7.37425	7.4919	5.54251	4.51755	3.38657	0.842316	0.982336	1.31569	1.88297	2.02792	1.82184	2.24663	2.50297	0.859011	1.55288	1.28287	1.28293	1.22639	2.33924	4.47687	4.46747	3.10369	4.92003	1.86029	0.842316	0.952952	0.532778	1.01078	1.01078	0.859011	1.06542	0.753446	0.753446	1.28293	1.66746	1.28293	0.336958	0.694619	6.01715	6.06356	5.06642	6.3516	3.04846	0.694619	2.56995	3.68984	4.30694	2.13011	1.19116	2.66192	2.52549	1.01078	0.842316	4.94271	4.96259	3.09454	4.20453	5.5827	3.45264	0.907242	1.31569	1.55299	0.982336	0.694619	1.38903	2.15666	3.46919	4.10622	4.57358	4.09587	3.99815	1.65884	2.29041	4.28755	4.52408	2.98284	2.08304	0.907242	2.02786	4.47687	2.26542	1.42936	1.28293	0.859033	0.84237	0.982336	0.982336	0.982336	0.71479	1.01078	1.35812	1.28293	0.982278	1.9712	1.01078	1.38903	0.694619	6.05187	5.50174	0.84237	1.06546	1.06546	1.5979	1.51597	1.59797	1.42936	1.85264	1.69271	1.5979	1.22635	0.842343	0.753446	2.62999	3.38675	2.56457	1.07871	0.9072	0.238274	0.753446	1.31569	1.21479	0.753446	0.47654	0.694641	1.19113	2.45158	2.74054	2.45158	1.71764	4.2873	3.99815	0.694641	0.694641	2.54792	3.90187	4.40092	3.87282	1.75841	3.21533	4.70969	1.06546	3.68984	6.31621	1.73404	3.26771	4.3398	5.8285	6.06599	6.71669	6.10284	6.67734	4.55187	1.19116	3.83627	2.97814	2.45166	4.73358	5.17599	3.70535	4.90007	1.92029	3.19781	5.33642	7.52886	9.93237	8.91415	5.50971	6.3254	10.5484	10.8398	7.68372	4.88583	3.40756	2.04876	3.25049	3.69368	2.05562	1.86029	5.89503	5.37808	2.38128	1.52531	2.80193	4.56731	5.27539	4.15378	4.1639	5.70428	3.56943	4.68896	6.3163	3.0344	8.77218	18.6568	27.9341	16.7175	27.1779	28.7314	8.2143	16.3028	13.6653	16.0992
3.63182	4.10582	3.9268	3.79511	4.17701	1.66718	0.75333	0.694572	2.41058	3.10324	1.28274	1.19109	2.36315	2.14312	1.68421	2.34517	1.31556	0.98218	1.01068	1.68421	1.55283	1.07853	1.35793	1.02463	1.81385	1.44892	1.35798	2.0829	2.29021	2.24647	3.83576	4.12276	3.38217	11.3467	15.8605	16.3016	17.5843	13.3003	11.2423	13.2945	11.5934	8.26391	3.569	5.76974	8.03321	7.43887	5.86355	7.4182	4.3844	3.73532	7.05757	8.73223	7.38843	6.21099	5.23215	2.19549	2.54766	6.17052	7.13588	3.21501	1.81385	1.66729	1.8601	1.92003	0.842286	0.69455	1.73386	1.44883	1.55273	0.607364	0.336924	0.907151	2.74027	5.33824	5.52412	2.50289	5.10169	3.2019	2.41067	2.56431	1.66729	1.35796	1.22623	0.98218	0.694572	0.907151	0.694572	0.75337	0.842286	1.17908	1.22627	2.02073	7.5	6.31568	4.89958	5.76974	2.02779	2.25895	2.19536	3.16186	4.04335	2.90561	1.88276	2.78631	2.45142	2.05555	1.31547	4.17701	4.75676	3.3653	2.50275	3.17522	2.29006	0.75337	1.06536	1.21467	1.34746	0.376701	1.92	2.41058	3.03425	4.05052	4.7777	4.04356	2.90568	2.36315	3.99791	5.07988	4.2142	2.86654	0.842286	1.19109	2.98244	3.9694	0.90711	0.907151	0.95292	0.907151	0.982238	1.21467	1.12997	0.842286	1.0786	2.88123	3.61238	3.17541	1.79027	1.01068	1.19101	1.35793	3.70485	6.68264	4.68231	1.19109	1.38894	1.0786	1.81376	0.98218	0.714671	0.168463	0.98218	1.52513	2.18891	1.06532	0.505379	1.19101	1.35793	2.03475	2.90568	2.25907	1.88286	1.92013	2.25907	2.15644	2.03475	1.35798	0.842286	0.694572	0.168463	1.3889	2.54762	3.02952	2.82174	4.3844	5.10998	2.77625	1.92013	2.19549	3.20192	3.54923	4.53901	4.40042	3.63171	4.5109	0.98218	3.3653	7.90106	4.58838	6.31793	2.25895	1.35796	4.06418	4.55137	5.82069	7.36026	7.47786	2.41058	1.35791	0.476461	1.06536	4.09189	5.11009	5.23236	4.13657	2.50275	5.93462	5.73087	10.6496	12.5512	12.5425	6.07915	5.10998	9.04135	5.78206	8.11693	2.39301	2.19542	2.86143	2.5254	1.51582	2.62956	1.6841	4.07108	5.04351	0.907151	2.41055	2.18902	3.88331	5.42683	5.50119	5.35655	3.40704	3.13059	4.23406	6.93011	6.70753	12.3495	19.5458	18.7285	14.6657	21.509	15.3609	15.0858	3.9588	8.4225	7.9796
3.50096	1.71737	0.858854	3.92622	3.84276	2.9823	3.10313	3.13033	3.04786	3.26706	1.96362	1.21449	1.44871	0.532681	1.71737	0.982156	0.952777	0.694492	1.50636	1.68407	1.35779	2.05525	0.607351	1.55263	1.17898	1.21457	0.753308	1.8214	1.65862	3.72362	4.21709	3.14369	5.01244	16.485	12.0432	3.92622	12.7814	11.3816	8.54222	3.07101	3.07095	1.50627	6.26409	6.75872	5.31142	5.44953	6.26409	7.68203	6.8753	8.00864	10.1085	9.20913	4.81239	2.25876	3.76114	3.76129	6.54098	4.55104	8.95505	5.12043	0.694492	0.37667	0.842189	1.69242	1.79012	2.15626	2.69321	2.50254	1.55263	1.06523	0.53266	1.4389	3.73486	5.62918	5.2717	1.35787	4.61533	2.57502	3.56877	4.01171	3.4069	2.19523	1.59761	1.22617	1.31545	1.19096	0.842189	0	0.858876	0.238215	1.31545	1.8523	7.90042	7.04894	4.40005	3.79479	1.34735	2.71406	2.03448	2.80125	2.94399	3.09383	2.52511	3.034	3.09398	1.8523	3.50074	3.77986	3.61188	3.50074	3.14369	3.08925	1.8214	0.842216	1.88267	1.65862	1.75808	0.714659	3.14369	3.73486	3.38189	3.46852	2.90544	1.38882	1.55267	1.71732	4.10522	1.52503	2.45121	2.78622	3.40673	2.71416	2.77602	2.28987	0.858876	0.858876	0.842216	0.982156	0.907076	0.753308	1.19099	2.05538	2.71422	2.69847	1.52501	2.14309	3.63934	2.71422	0.982156	2.15612	4.44135	5.56154	3.38595	0.607351	0.694492	0.37667	1.96362	1.28263	0.694492	0.476422	0.694492	0.607314	2.10966	1.38878	0.858876	1.71737	2.54741	0.673769	1.38882	2.66159	3.13033	3.26726	2.8663	2.02763	1.97092	1.97092	1.38882	0.858854	0.37665	0.505337	1.75808	2.18873	1.5887	2.66143	3.79479	3.72362	3.10313	2.25888	2.71412	2.57502	3.38595	3.98681	3.51287	4.6488	3.54889	3.23666	9.59307	5.36663	6.89152	7.91652	5.71093	3.73493	1.88263	2.4855	5.21817	7.86883	2.14295	1.38878	0.476453	0.476422	2.18873	2.36298	1.79012	1.12988	3.61188	6.20811	6.71125	9.47989	4.54174	10.5151	7.21844	5.79601	10.5398	5.6987	7.26827	1.91994	2.86622	4.28652	1.75815	2.50268	2.53072	0.714612	3.03384	4.17666	0.858854	2.85623	1.8214	3.46833	5.71795	6.28183	5.58917	1.12982	0.907034	5.64406	6.60656	7.11368	12.0275	16.8622	20.1187	18.3081	14.7421	9.04092	9.18495	14.3207	11.8549	5.93209
2.89546	4.84691	5.87467	4.68166	1.85976	0.858769	0.842078	2.35673	3.73449	2.19496	1.85976	2.61293	1.55247	1.55252	2.04823	1.51554	1.35766	1.35771	2.77574	2.12959	3.45166	0.607253	1.85976	1.97072	2.8807	2.34474	1.59745	1.78983	2.28965	3.19242	2.86098	3.53662	7.52271	13.7832	8.67403	12.5405	15.5477	13.6268	12.5628	10.1128	6.05017	4.59045	6.75802	6.53162	5.737	6.4197	7.89446	6.57633	6.67513	7.16373	6.90497	4.03571	1.85212	3.09367	4.21655	4.06689	4.24316	5.01186	8.86787	4.84661	1.35771	0.952746	1.6839	2.33872	2.02742	1.44865	2.71902	2.8609	1.35771	2.04823	2.03438	3.04755	4.36424	5.15277	5.46959	3.5685	6.20762	4.52584	3.87173	3.19255	4.04963	3.31397	1.35769	1.31532	1.28257	1.43876	0.952682	0.694423	0.694423	1.55245	0.694444	1.85974	8.76974	8.38792	5.03995	2.82123	2.39242	4.52569	3.40657	2.86591	2.71902	1.91965	1.68379	1.43876	3.04755	3.53662	4.36424	4.57206	4.20661	3.56842	3.53659	3.35211	0.842078	2.02737	3.10276	2.6982	2.48526	0.336862	3.59977	4.21655	4.20327	3.16144	3.93663	1.28257	1.88248	1.75797	4.36097	2.52486	2.52494	2.71385	5.35558	3.23196	0.858791	0.476374	0.982058	0.982058	0.60729	0.694444	0.60729	0.842132	1.91975	1.82133	0.60729	0.858769	1.66688	2.08245	1.59745	1.35766	1.19087	3.14338	4.88417	6.00844	3.33941	0.753233	0.694444	0.376633	1.73355	1.35769	0.476406	0.982001	0.858769	0.376633	1.31523	1.78983	0.694444	0.476406	1.96342	1.52486	0.842105	0.858769	1.91975	1.82133	1.28257	1.06516	1.22605	1.59751	2.08252	2.08252	1.55252	0.673702	1.96342	3.30546	2.8807	2.35673	1.35766	1.43876	1.31523	1.2825	1.66688	2.42765	3.46798	3.57617	2.48526	3.21456	5.23127	3.72325	9.48901	6.61431	3.83891	7.00103	6.83818	4.28635	3.98663	4.96147	6.87464	7.20621	1.12977	1.07834	0.505286	0.168433	2.24599	1.38869	0.376613	1.17887	2.93891	4.30904	6.2075	8.74795	8.71678	10.0031	5.52311	2.39242	6.99276	2.26478	5.27379	2.50226	2.45088	3.31397	2.41014	2.71914	2.50243	1.55252	2.99604	3.45166	1.01049	3.09352	1.65837	4.17624	6.20967	6.06169	4.88414	1.19087	2.24606	6.67513	5.53834	6.42841	9.43278	11.2185	12.6793	8.52821	7.55224	8.67872	6.42002	13.6924	10.4934	6.97724
2.78552	1.85958	3.09336	3.36456	3.23185	3.23185	3.72288	3.73419	2.3565	0.336829	0.841994	2.33835	1.88232	2.50215	1.50605	1.81325	1.51539	2.5302	2.18835	3.09319	4.24273	1.81325	3.87134	4.44072	5.15246	4.81149	4.75265	2.25843	2.33835	2.50204	3.03332	3.68846	5.9518	10.0887	5.11696	2.10924	10.1744	9.00848	7.21162	8.88106	7.48307	5.18749	7.93727	7.86731	8.84702	9.69771	8.36262	5.41504	5.49964	6.37539	4.68702	3.46786	6.42793	5.21731	5.91169	3.5481	4.13519	5.24661	7.48307	3.99665	2.93873	2.15583	2.56359	2.76018	2.50215	1.1907	2.15569	2.5302	2.86573	3.59964	4.30558	3.68865	3.564	4.3053	5.10843	4.06657	7.93776	10.4346	6.10741	1.0783	3.77908	3.21411	0.858683	0.376595	0.952587	1.68362	1.07823	0.532553	0.952651	2.71358	2.25843	3.54823	9.33113	8.74379	4.06657	1.35757	4.89803	6.99813	6.01515	7.43893	7.49833	7.24812	6.88023	6.30535	6.36477	4.58717	4.37033	5.66281	4.37033	3.26655	2.53022	0.906853	2.71368	3.46781	1.59736	2.97681	2.50201	0.505236	3.7037	5.54276	5.21452	3.46786	5.37613	4.20299	2.99593	2.25843	4.4119	3.38117	2.10936	4.01067	5.35505	3.07033	2.99593	2.62899	1.73347	0.906895	0.60723	0.858705	0.714517	1.69208	2.38042	1.78977	1.7578	1.81334	3.38117	1.69208	2.26456	0.753157	0.841994	5.17402	5.87628	6.04963	3.03324	1.17875	1.66682	1.38855	1.07823	1.3151	2.02016	2.34451	0.98196	0.168416	0.906853	1.97044	0.906895	0.168416	1.07823	1.17875	1.59736	2.18835	2.04798	0.753157	0.168416	1.0783	1.58848	1.73347	1.97053	2.40999	2.82094	2.40997	1.91949	3.10231	1.96323	2.25831	2.66103	3.01003	2.90486	2.12938	2.21409	3.21419	3.83468	3.46767	0.753117	3.53634	6.59926	6.0799	7.28021	6.28724	1.50597	3.76059	7.62471	7.73835	7.07159	6.89035	6.68103	4.38317	1.17875	1.1907	1.35755	3.46783	4.20293	3.21432	3.3138	3.2362	2.24584	2.73944	4.4119	5.69993	7.23471	7.52225	4.06672	3.59556	7.82498	4.4119	6.26285	4.57155	2.9434	2.33835	2.62882	1.68362	0.607192	1.06501	3.38528	3.69227	1.65829	3.04725	0.906853	5.31043	4.75542	4.57161	5.89533	4.63598	3.77928	6.9762	4.78198	5.66281	7.2037	6.94435	13.2773	7.52197	9.46642	10.2981	8.08091	5.40714	2.71352	9.9148
3.6108	2.71331	2.4504	0.906763	0.336795	1.34695	2.36225	1.52455	0.753042	1.2258	1.35747	1.5059	3.81237	2.97671	1.52457	1.65804	1.12954	1.9193	0.532521	4.81077	2.42717	2.86033	3.63803	2.7751	2.52436	2.4849	4.8747	3.31774	2.12917	0.505186	3.02837	4.56505	5.04175	8.26037	8.07968	4.91776	12.8511	16.5089	13.1218	10.2909	2.18818	8.20017	7.76406	6.10641	9.84297	8.07451	2.52428	3.3048	4.64742	5.54994	6.04223	3.77893	4.64742	5.62995	7.24696	1.96303	4.88317	4.66847	7.30227	2.36225	3.10214	2.73935	2.87526	2.52444	2.86534	2.63394	1.35742	2.50193	3.81237	4.54052	5.34439	4.70772	2.34428	3.70333	4.64733	7.40225	6.09751	8.33051	7.55434	4.06953	3.14275	2.02689	0.858597	0.5325	1.19055	1.35739	1.1906	1.82096	2.28933	2.69764	2.54669	3.53191	8.34834	7.59079	2.21383	4.04887	6.38579	7.1951	6.451	7.10022	7.38582	7.5803	6.53073	4.17569	4.03841	3.9217	4.84877	4.94328	2.4504	0.981805	1.43854	2.77519	3.40589	1.66666	1.43847	2.86033	1.58822	1.38841	4.15179	6.01424	5.87077	2.87526	4.77872	4.29532	3.53599	1.90458	3.6919	3.08832	1.38841	5.21662	5.14078	1.58832	3.36423	3.56379	2.35626	1.1906	0.981862	1.06495	1.2142	2.36225	2.1946	2.02702	3.3305	4.66874	3.93601	1.69191	1.85937	2.05476	4.8049	7.7533	4.39881	3.2357	1.96303	2.73922	2.52444	2.9045	0.673567	1.68346	2.94311	1.2258	1.82085	0.336795	0.753042	1.19058	1.38841	1.06495	1.06495	1.28231	1.28231	2.02696	2.73929	2.4849	1.85939	1.07812	1.44836	1.71685	1.17863	1.19063	2.40975	3.30491	1.43854	2.02696	3.54787	4.43687	2.8947	2.40973	2.18818	0.841964	3.46735	4.89772	4.4497	3.03304	2.42717	5.89468	6.05166	6.5221	3.02837	4.62313	4.20577	3.21379	4.06979	5.91147	5.34439	4.33771	3.16081	1.5972	1.2258	1.96303	5.25951	5.31011	3.214	1.21413	0.858597	1.35739	0.84191	2.42731	5.11645	6.20884	6.28703	5.18727	3.96814	5.05006	9.40468	5.76755	7.23173	6.22426	3.3683	2.19458	2.10903	1.17863	1.81315	1.19063	2.05463	3.73375	2.93846	1.55221	3.63803	5.10796	3.09291	1.96303	2.18813	3.0885	4.43684	7.49717	2.71325	3.76022	7.39322	10.2759	15.7116	8.67701	13.6401	11.4838	6.15456	6.0789	5.18428	13.8158
2.87989	3.95708	4.21544	2.45019	0.858526	1.85922	1.43835	0.376526	1.06482	1.28214	2.54648	5.56213	4.3048	3.23548	1.73306	1.38825	0.952476	0.532456	1.85922	4.06575	0.981781	2.71308	2.05446	3.56735	2.77496	2.03381	2.63372	1.31486	0.694227	1.91914	2.57404	3.67249	5.10762	14.4892	12.752	4.37276	11.3416	18.9031	11.4447	5.7866	3.46704	7.81295	4.06583	6.24194	12.9274	13.0719	8.92154	9.05126	8.87819	6.8361	4.66808	1.12945	2.26414	5.01045	6.5723	2.04765	5.55943	4.43651	7.6646	2.25802	3.00948	3.10194	2.48469	1.71671	2.94287	2.94287	1.31495	2.71313	3.38484	4.81061	5.50662	5.62726	3.62238	3.92481	5.41917	8.45913	4.28486	6.26171	9.10965	5.10753	1.68332	1.55201	0.607081	0.981723	0.981723	0.694227	0.858548	1.19048	0.376526	1.35727	2.2579	2.48456	7.50391	6.01377	5.4478	8.61429	8.20143	6.70671	5.41394	3.38466	2.563	2.80018	2.03381	2.86025	3.86699	2.93819	1.19051	2.54644	3.0928	3.45092	3.70326	2.87502	1.02415	2.10885	2.28903	1.58809	0.841867	1.8516	4.99367	6.04853	5.86078	2.71308	2.86512	3.26602	4.20216	3.46314	4.20543	3.04669	1.2822	5.33312	5.48848	2.10897	2.08193	3.03271	2.71303	0.841867	0.607119	0.841867	1.02415	1.35727	1.55201	1.06482	2.18795	3.06984	1.88198	2.33792	1.35735	1.90443	8.20102	6.6753	2.52423	3.92489	3.20041	2.19434	0.75302	2.1553	1.58819	0.841867	2.77487	2.188	1.91914	0.336767	0.84184	0.75298	1.02413	0.336767	0.476271	0.858548	0.858548	1.19048	1.34684	1.55208	2.35607	2.69742	1.71667	0.981723	1.19048	0.376526	0.376526	1.68337	2.739	1.02415	1.6579	5.18386	4.2553	3.46717	3.45092	2.35607	8.04653	5.99542	3.12914	1.06486	5.67896	6.8462	3.31747	5.20558	3.4056	1.71667	3.59875	5.60953	1.55201	0.841867	1.02413	1.21403	0.673511	0.841894	0.981781	3.08807	6.7808	2.86502	3.46704	5.54194	5.34395	5.40647	4.10391	3.08824	3.26602	3.36395	3.12914	2.61773	2.04765	4.70704	7.21571	7.57967	9.03752	6.28637	3.4672	2.66055	1.43842	0.906687	1.06486	0.858548	0.532456	1.69177	1.91923	1.19051	4.06575	5.10753	4.16156	2.69744	1.69177	1.28214	7.33956	6.5723	1.19053	3.56741	5.41937	11.6294	16.5599	14.849	13.7953	8.52581	4.8045	10.7593	9.25428	15.0273
1.73288	1.78914	3.49906	3.70265	2.34374	0.858462	1.65782	2.39166	2.24514	1.02405	3.88107	5.09883	2.71286	4.9847	1.90411	0.532403	1.12934	1.28208	2.66015	2.66015	1.7165	2.73872	1.66635	1.31473	2.0474	1.65774	1.66624	1.02403	2.18773	2.61202	2.18773	3.5471	5.58649	14.4499	9.32261	6.20751	4.65883	9.03788	12.4216	11.3192	1.7573	6.22544	7.92685	9.09122	12.5819	11.8675	3.54723	3.03241	6.99011	8.58902	3.09231	2.50144	1.78926	4.38182	5.26917	1.78926	4.28443	2.42672	7.15513	3.4628	3.21341	3.31714	2.28892	2.19418	3.38432	2.71798	1.65782	3.53525	3.95668	4.97364	4.61339	5.56158	4.6467	4.39801	5.25855	4.28446	7.11075	8.95123	7.23043	3.08776	1.55185	1.42831	0.607021	1.07792	0.694157	0.607021	0.694157	1.12934	1.4481	1.55193	2.5295	3.42992	7.47544	4.08959	4.88246	5.04914	4.03765	2.87956	2.62807	2.85981	3.68739	2.97597	0.476224	0.858462	2.73872	0.376489	3.30431	4.2018	4.80433	4.8826	4.0621	1.88172	1.71654	2.71281	1.75724	0.607021	0.476224	2.44995	5.70791	6.26109	4.9395	2.71281	2.86492	3.59862	3.70278	3.33835	4.81008	1.91904	1.7165	3.92075	4.43603	0.981683	0.532403	3.23072	2.37965	0.752945	0.952381	1.19039	1.19039	0.376489	1.58793	2.02652	2.71798	2.08166	2.15509	1.65774	2.02659	1.38815	8.79144	5.55637	3.77821	5.01019	5.22928	2.61747	1.01011	1.07799	1.91904	1.52427	1.88169	1.02403	1.19034	0.168368	1.06471	1.22553	1.19036	0.673444	0.376469	0.376469	0.841756	0.906597	0.336734	1.02403	1.35717	2.36184	3.3042	0.476192	1.50555	0.2381	0.752905	0.906639	2.57378	2.01959	0.752945	3.93866	2.90397	4.04128	5.46523	7.70525	12.0906	2.99509	2.33769	1.78926	6.78629	6.60547	1.85141	3.56706	5.18632	6.1852	5.9504	5.10711	1.55188	0.376489	1.22553	1.3467	0.906639	0.376489	0.376489	2.57378	6.57181	6.84583	6.38483	4.91677	1.66635	2.57385	2.12878	0.476224	0.168368	0.714267	0.376469	0.505093	1.59684	4.28452	5.76661	5.46523	5.52124	3.8411	2.28892	1.50563	0.85844	1.55185	0.376489	0	0.906639	1.19042	1.35722	1.5243	2.75923	5.22371	6.20732	1.81274	2.75923	1.7165	7.12592	5.95724	3.87036	4.23174	3.77824	7.59884	11.7168	11.5196	7.38449	0.376489	6.07783	7.49584	13.9297	9.50997
3.88074	3.83335	3.8989	2.71249	3.00888	5.17229	4.06865	2.44979	3.06923	3.56679	4.03725	4.21117	1.85123	6.15708	2.57352	1.5518	2.12857	2.85476	4.77737	4.64624	2.39142	2.93749	1.82045	2.50122	2.87932	3.70242	3.75916	3.54696	3.92411	4.51441	4.43588	1.71632	5.1503	12.0708	14.0753	10.5342	4.24138	2.2132	7.69909	11.651	4.50791	3.81105	4.13383	7.79951	13.2129	13.0439	6.47094	4.67942	7.19114	7.80787	2.28869	2.63334	1.91876	3.54675	4.28404	1.81256	2.6332	0.694088	4.77727	4.9845	5.73943	6.27859	5.78551	5.15051	5.37409	4.41039	5.70763	7.09824	6.30073	5.30862	3.73285	5.1722	6.69729	6.23848	2.08152	3.77784	6.38425	4.81259	3.26522	1.78897	1.5054	1.38797	1.01001	1.22546	1.50548	1.75713	1.81264	1.43813	1.21386	1.12922	1.55173	3.90959	6.83665	3.15976	3.70239	4.58534	5.03754	3.10127	2.73845	3.70228	3.36306	2.7744	3.45023	3.5667	3.38417	4.21473	2.98057	2.05418	3.59827	3.73285	3.7327	4.06494	2.1417	1.44786	0.858355	1.1903	1.31468	2.10843	4.58517	6.09569	6.04052	4.2511	1.3146	1.02392	3.45023	6.87763	4.43588	3.03208	2.02631	2.36158	4.61285	3.90979	1.81256	3.03208	1.22541	1.5518	1.66618	1.50548	1.22546	1.12922	0.238076	2.6969	4.36856	1.90392	2.18751	3.70253	3.96702	3.03216	8.76868	4.33622	3.99513	4.50815	6.4255	4.65837	4.43903	3.83341	3.73285	5.21547	4.5701	1.91882	1.78897	0.752829	1.07782	1.21378	0.841672	0.60696	0.53235	0.3367	1.357	1.02392	0.841726	0.841699	0.376431	1.02395	3.56264	2.50109	1.357	0.981585	1.51481	1.31468	2.37951	3.15992	3.57468	3.86987	2.04724	2.02639	2.85969	10.8124	11.0506	4.73003	7.37417	7.99546	9.35872	6.87136	2.05418	1.35708	3.03227	4.38165	4.29411	2.98057	0.981585	0.60696	1.69141	2.08152	2.52373	2.62798	2.05418	1.38802	2.10843	3.14197	1.82045	1.85887	2.42663	1.81264	1.69141	0.673377	0.376451	0.858355	0.69411	1.06465	1.34657	1.12916	2.86453	2.14184	2.3556	0.952286	0.376451	0.168351	1.19022	1.12916	0.606998	0.752829	0.981527	0.906548	1.28195	1.88158	3.03216	4.24112	5.36353	4.38165	3.95629	2.85953	6.33788	2.34351	4.74203	2.79979	8.19294	15.0313	16.276	12.5251	6.97196	1.69144	4.03727	8.98567	12.7495	4.58526
3.40034	2.93723	2.52339	0.952191	3.59383	3.9202	3.19945	1.69124	1.9624	2.65978	3.10096	3.46603	1.34643	6.00497	2.36137	2.02625	1.06454	2.37923	3.77746	5.03704	2.93734	2.85932	2.19376	3.08732	4.21431	4.72962	3.86959	4.13342	3.51061	3.79232	4.58802	3.79232	2.78418	5.363	7.5479	8.19729	8.71957	6.72945	9.80603	11.1551	2.89359	7.67685	9.05294	9.91292	11.6226	9.64919	2.73818	1.02384	4.88131	5.99341	3.44989	2.08131	2.48381	2.78418	4.38095	2.56773	1.44772	2.02611	1.71615	2.05398	2.81959	2.93734	3.84034	5.09801	6.22421	3.9094	6.5706	7.04452	5.77286	3.83303	2.26361	3.81092	6.04937	4.88149	4.21075	4.04728	1.75689	0.168335	1.21366	1.21366	1.28176	1.28176	0.841615	0.841642	1.06454	1.35695	2.1548	2.71756	2.42639	2.50098	2.98027	4.809	6.07894	3.93435	2.57327	3.128	3.00842	3.10096	4.21419	4.77679	4.20091	4.06824	2.86427	2.19374	4.43541	4.75639	2.35536	1.1901	1.73254	2.39103	3.9092	4.00874	2.37917	1.02382	1.31455	1.42812	0.981487	1.28176	2.25722	3.86583	6.38337	6.83803	1.82015	0.376393	6.70672	7.78273	8.27409	4.30655	2.89378	4.10269	4.35868	4.9158	4.43515	2.02611	1.07778	1.44781	1.42812	1.31455	0.841642	0.504992	2.0331	2.19382	6.55551	3.40441	2.39118	3.88045	3.49858	4.89571	8.78972	4.21075	4.10243	1.7162	4.88145	4.11973	3.59791	3.93813	4.58802	4.98683	4.20419	3.10081	2.05385	0.858269	1.38783	1.43792	0.858269	0.336666	0.376413	0.906458	1.55157	1.3569	1.07778	1.21374	1.44781	1.21374	1.73254	3.46603	1.07778	0.168335	1.31447	0.67331	1.28182	2.52348	3.44989	2.93734	2.34338	3.21277	2.89378	7.06777	9.42739	5.95619	8.59068	7.56822	7.73638	5.48711	3.54648	0.238053	2.02611	0.952128	0.841588	0.168335	0.336666	1.96949	3.03186	2.81959	2.48395	2.7383	3.17299	2.7383	2.33736	1.9624	2.02619	1.73264	2.25734	2.1548	1.50533	0.714172	0.694041	1.00991	0.858291	1.00991	1.00991	0.841642	1.12905	0.336666	0.981429	0.532318	0.168335	0.238053	1.07771	0.841588	0.376393	0.714125	1.21366	0.841588	1.0645	2.37923	2.21298	1.65741	3.53454	2.52339	0.694041	5.09781	6.75418	1.59652	2.37917	6.51937	18.0749	21.0822	19.2858	14.1657	9.81037	2.44946	2.71227	7.23079	7.951	12.3824
2.50063	1.96212	1.82	0.376382	4.74094	2.19356	2.79911	1.85853	0.906382	0.693961	1.58749	3.31177	2.34319	6.16505	2.37907	1.35681	1.07762	3.49807	0.752732	4.73204	1.88126	3.1007	2.81935	3.36676	3.99453	4.28342	3.03171	3.46182	3.10076	2.54546	1.55144	3.14129	3.37931	5.21438	8.52743	5.4122	2.50063	9.41345	10.8105	11.1723	3.53427	6.00448	7.70331	7.87379	8.85614	8.71086	7.04201	4.68453	4.52267	3.9944	2.21284	2.56752	2.5006	2.5006	3.83246	2.73795	1.75681	1.81223	0.693961	0.606849	1.59645	0.85822	2.10817	3.86914	6.27707	1.00982	6.44791	5.54737	4.27694	3.56214	2.42619	3.19921	1.55144	7.35002	6.25933	1.8585	0.376362	0.606849	0.714066	0.906341	1.28165	1.22519	0.85822	0.606887	0.752732	0.841572	0.906382	1.51454	1.28171	1.5052	2.36117	5.41712	5.85861	1.91841	3.67109	4.28331	0.752732	1.68278	4.48214	4.25033	2.2445	1.55141	3.5461	1.17808	4.58442	2.86403	3.68638	1.00982	2.15462	5.9086	5.43532	3.04558	0.906341	1.73249	1.19008	0.673254	0.606849	1.65727	2.69116	2.7739	5.85139	7.93284	2.37903	1.02374	8.74201	4.20035	9.76763	4.28326	1.75681	1.71601	2.40851	5.25437	4.80267	1.06441	1.88123	1.9037	1.28171	0.606887	0.532274	0.752732	3.08689	0.714113	7.47889	4.70524	1.85853	2.04682	1.4476	6.33673	7.46406	3.83615	2.39083	2.86392	2.52877	3.86551	2.86411	3.23002	2.03303	0.238033	3.96605	4.28326	2.56752	0.606849	0.952049	1.55141	0.841519	0.376382	0.85822	0.906382	0.906341	1.07762	0.476057	0.50495	0.841545	1.02374	0	2.50063	1.88123	1.06446	1.50512	0.858198	0.376382	1.42791	0.376382	0.238033	1.28165	0.858198	1.8585	4.39677	8.36287	5.17135	7.41198	4.06764	2.26328	1.21356	4.14983	1.65735	2.2445	0	1.35683	2.02608	2.42619	2.69641	2.10805	1.00982	1.35681	0.906341	0.693983	1.12902	0.606887	0.376382	1.4378	0.906341	0.168321	0.606887	0.532274	0.336638	0.376362	0.606849	0.606849	0.606849	0.752692	0.376362	0.376362	0.376362	0.336638	0.336638	0	0.376362	1.12896	1.38772	1.06446	0.752732	1.59639	1.51454	2.026	2.28816	0.376382	1.35683	3.2123	4.72911	4.2505	3.75833	4.58434	2.18711	2.71734	10.0304	19.2461	14.5891	6.25941	13.2505	10.2448	0.693983	6.54456	12.6917	10.9407	10.1611
3.24694	1.43772	2.54525	2.04662	2.78367	3.50984	0.752657	3.03138	2.78381	1.68261	1.12884	4.66883	1.59629	6.3361	2.26305	0.841435	1.81982	3.83208	2.08086	4.96027	1.78858	2.52852	2.08093	3.56563	4.87194	5.46565	5.60721	5.71342	5.214	3.44926	2.52852	2.24428	2.81897	6.10305	12.5052	9.37819	6.23882	5.47818	9.88194	13.4464	7.71151	0.532221	5.67653	7.86238	8.20576	7.72413	6.37797	5.83411	5.03876	3.00787	2.65913	3.36212	2.78367	2.3368	2.25681	2.61102	2.2632	1.38762	1.44755	2.6326	2.33693	3.3664	3.75805	5.00813	7.56647	0.906292	8.39632	7.64664	6.93405	8.29783	6.52062	1.81213	4.2	6.73849	4.66584	1.71588	0.858112	0.841435	0.376325	0.5049	1.35665	1.34619	1.21352	1.44755	1.42786	1.66571	1.96204	2.04666	1.3567	2.37884	3.75805	7.32108	6.8674	3.70137	5.67624	4.06388	2.78381	2.78381	4.36092	4.93763	3.86878	3.39978	2.44901	2.62707	3.93716	2.40827	3.36222	2.6326	4.03947	4.06035	1.31423	2.85888	4.2002	3.56178	1.8507	0.858134	1.3567	3.04523	4.38027	4.36754	5.22723	6.83474	2.4258	2.10784	7.73278	5.47818	8.87357	3.54575	2.04666	2.97962	3.73156	4.0638	4.36092	2.12796	2.52852	1.81993	1.8507	0.906292	0.752657	1.1289	3.30294	1.68261	6.80213	5.11603	1.96913	1.34619	2.10784	6.67212	6.37119	3.60877	1.69094	4.52222	2.56741	3.86876	3.23405	3.57368	3.24709	2.56741	3.87965	5.41135	3.22949	0.906251	0.693892	1.42777	0.906251	0.532199	0.841435	0.168304	0.336605	1.31423	1.38758	0.714042	0.336605	1.18991	0.532221	1.90338	1.07751	0.673187	1.71588	2.10796	1.71588	2.15426	0	1.55129	2.19341	2.78381	1.18993	0.606789	4.39627	5.10539	5.70588	2.77354	2.15426	1.12884	2.52285	1.58742	1.18993	0.841435	0.858112	1.43772	1.81213	0.906292	0.906292	1.58742	1.69096	1.96913	0.336605	0.532199	1.18991	1.06435	1.81205	1.12884	0.336605	0.47601	0.606789	0.376325	0.336605	0.532199	0.752617	0.532199	0.752617	0.532199	0.336605	0.5049	0.336605	0.376345	0.841488	0.906292	1.38758	1.43766	0.673187	0.476042	1.73222	1.59623	0.713994	2.03283	2.28804	1.55129	3.46129	5.24594	4.99149	4.84322	5.88916	4.52245	5.04993	8.59861	18.2111	12.2515	12.4241	13.3915	9.30635	9.11631	11.0762	15.5551	6.04787	12.5775
3.53347	1.96184	2.73747	3.56128	0.752542	3.31535	2.89278	1.2134	2.44886	2.28779	1.81975	3.92244	2.90264	6.38153	1.88079	0.50485	1.59607	2.85348	2.44877	2.567	3.77643	4.50644	4.28263	5.92867	7.38078	7.6298	17.4785	27.3902	25.4369	12.0122	3.86837	3.23373	3.1898	6.41414	16.9508	10.7123	15.1903	6.77733	7.35245	11.2194	6.46816	4.17265	3.8356	8.64908	9.9427	7.94344	6.2581	4.95693	4.56807	3.93677	3.46094	3.26392	2.03252	2.3786	2.61076	2.12775	1.75646	0.906202	0.50485	0.336571	1.17785	1.34605	4.03928	2.61067	6.99284	4.43734	7.06579	6.89078	3.87926	0.752542	4.3184	4.65636	4.47176	4.8943	3.99358	2.21236	1.65694	0.90616	0.606766	0.713971	1.18981	1.73215	2.02567	1.73215	1.12879	2.04646	3.53365	4.14922	4.37998	7.78936	8.88713	7.64606	4.41813	4.98231	6.60864	3.89735	1.918	4.80202	6.72784	5.89085	1.59614	2.89296	5.2696	4.89456	4.53736	3.1898	3.21178	3.33653	5.8669	2.26283	1.88089	2.3607	0.336571	2.71145	1.81964	0.238001	1.38749	3.23361	3.68565	2.71667	3.67036	5.47763	3.40348	2.85852	4.04603	5.89079	5.55371	2.69585	2.34272	3.50949	4.66538	3.46499	3.22917	1.51424	2.08066	0.858049	1.71567	1.35656	1.4474	1.28146	2.57254	2.15419	5.55621	5.13738	2.78339	1.43758	2.40806	5.83354	7.08165	6.04519	4.28263	6.05666	3.93703	5.00779	4.43734	4.27609	4.72834	3.06806	3.54539	5.77088	3.68565	1.18981	0.858049	0.752542	0.752542	0.841351	0.841351	0.237985	0.532167	1.50482	1.42762	0.168287	0.606766	1.17785	0.951923	1.88079	0.981152	0.237985	0.532167	0.858049	1.88079	2.7579	0	1.65694	0.858027	0.858027	1.2814	0.336571	0.752542	0.841404	1.68234	1.96902	3.10009	2.61076	1.35654	0.858049	0.951923	0.50485	1.02353	1.34605	1.22499	0.841404	0.50485	0.532146	1.21332	1.71567	1.73215	0.841404	0.906202	1.81975	1.68239	1.43752	2.2124	3.23373	2.97943	1.71571	1.12879	1.12879	1.02356	0.693845	0.532146	0.475962	0.376287	0.50485	0.841378	0.906202	0.98121	1.12879	1.51424	1.18979	0.50485	0.532167	1.50482	1.31409	0.693845	0.606766	0.606728	1.78828	2.0256	3.56534	4.11857	2.86346	3.21166	3.79114	4.62007	7.37112	15.9669	11.4754	10.8285	8.74029	7.47742	7.97687	13.6704	9.7187	7.21156	20.0718
3.00732	0.857968	1.78813	3.3615	0.951828	2.71122	3.33625	1.91786	2.65877	3.60825	3.21155	0.752508	3.46475	3.3615	1.81957	2.10754	2.04623	0.906083	2.35449	1.06411	2.77302	3.42803	6.38117	7.67426	6.09292	6.25762	23.468	22.6671	28.6237	20.5952	3.23332	3.2638	3.6855	7.0653	18.0875	8.01201	12.3144	8.68466	6.94644	11.5127	6.20399	5.10421	5.78982	6.35934	13.5983	14.0498	6.87417	1.88068	3.34893	5.77527	4.06305	2.49992	2.10754	2.94104	3.21149	2.21216	1.17774	1.6822	2.02543	3.03081	2.85338	3.79089	3.95441	3.59637	5.88801	6.74368	1.69062	5.73662	9.03156	8.98749	6.59362	4.71295	3.91854	4.93667	3.03067	1.7319	2.18644	1.00953	0.841321	0.841321	0.857968	1.12868	1.66538	2.39027	2.94104	3.73099	4.44634	4.95672	6.22876	9.18915	7.18811	4.04589	0.475947	5.30594	5.32959	3.23328	4.47139	2.28748	2.15387	2.36047	5.59852	8.29617	8.09282	5.97044	3.03079	2.0531	3.38241	5.8569	5.48484	0.906114	1.02344	1.68228	2.5	2.21216	0.95178	0.37627	2.18644	3.1404	2.49992	2.26264	3.46065	4.81009	3.68534	0.37627	0.752508	2.87792	0.841321	2.03243	1.50476	3.5649	5.81381	4.56773	2.21216	0.37627	0.752478	0.336541	0.857951	0.981113	0.981113	0.713899	1.59593	0.752508	3.92212	5.57582	3.83507	1.31405	2.33637	3.5451	4.77793	5.26891	3.15841	5.049	2.73726	3.99336	3.49725	2.73726	3.6276	3.68915	3.1894	5.62331	4.77793	1.07737	0.693778	0.237977	0.713864	1.21322	0.857951	0.673058	0.673058	0.98107	1.07731	0.606678	1.22487	1.96165	1.73198	1.02344	0.841281	0.237966	0.693778	1.22487	1.28129	2.4829	1.06411	1.12868	2.24391	1.66538	1.69062	0.693778	0.376255	0.37627	0.532116	2.63208	3.59257	3.1894	0.37627	0.376255	0.376255	0.475947	0.37627	0.673058	1.06414	1.07731	1.07737	0.951828	0.98107	0.713899	1.68228	2.08047	0.98107	0.841321	0.752508	2.12748	5.07946	5.92584	6.18154	3.86439	1.21327	0.981113	1.06414	0.981113	0.841321	0.532116	0.376255	0.906083	1.34593	1.12868	0.981113	1.22487	1.1897	0.504804	0.237966	0.752478	1.75624	1.1897	0.857968	1.12868	1.55103	0.857951	0.693778	1.88063	2.86312	4.21256	5.5331	4.56162	4.25245	9.33511	8.55538	8.99665	9.92024	1.91786	11.3091	9.24824	4.4369	6.23521	19.9579	31.8169
3.18909	0.981031	2.03215	2.85792	0.951749	1.96137	3.46436	3.93252	3.03056	3.09952	1.75607	2.19266	2.99291	1.18957	2.34229	2.87283	3.34861	1.07728	1.85018	1.88044	2.52214	3.03037	5.33953	3.09026	1.88044	6.0554	26.2983	17.5295	27.3381	25.35	2.85799	3.23308	3.09958	7.09398	18.8816	13.3406	12.4381	12.6485	2.93595	11.2854	6.20322	4.31761	5.25237	3.46031	15.9306	16.2859	3.44806	2.21195	2.85799	6.16271	5.04852	3.03045	1.66524	2.14063	3.71169	3.34861	1.22476	2.71617	2.89225	1.1896	2.6265	3.04442	4.77154	8.40714	4.37919	6.31022	3.73059	0.905995	2.49981	6.3698	8.78625	8.98219	7.49131	4.89359	1.59578	1.12859	2.93595	2.73697	0.981031	0.53207	0.841197	0.693696	1.91767	4.61942	6.29061	5.3057	4.56127	4.15866	4.46175	4.89341	1.88054	4.53656	4.84468	7.19695	7.73807	6.0095	2.04608	4.10079	6.47164	5.26864	7.52794	5.88978	3.53292	3.8089	2.93595	5.24455	5.39189	4.30455	3.46442	2.4828	0.752444	0.475876	0.841197	0.905995	0.693718	1.28122	3.59216	3.21115	2.69013	3.54487	2.36027	3.63496	4.47095	1.81931	1.17763	1.68209	2.57207	1.22472	2.34219	4.83291	6.51846	3.46031	0.981031	1.42746	0.841197	0.504758	0.237958	0.53207	0.504758	0.376218	0.905995	0.905995	3.44806	6.67025	4.00689	0.606655	2.63171	3.17133	3.59601	3.46439	1.55092	3.96454	1.69046	2.54454	2.15379	2.03225	4.2088	4.30124	2.14049	4.75387	4.40768	1.07728	0.951749	0.672997	0.475876	1.44705	0.841197	0.376218	0.504758	0.980973	1.07721	0.606617	1.22472	0.33651	0.85787	0.606655	0.376218	0.376238	0.905995	0.841197	0.606617	1.55082	1.73173	0.693696	0.841197	0.53207	0.33651	1.44714	2.18633	1.90297	2.04604	2.49965	2.86283	4.17189	0.981031	1.44714	1.68209	0.951685	1.07728	1.21317	0.606655	1.66513	1.12853	1.12859	0.606655	0.504758	0.606655	1.91765	1.71536	0.752444	0.752404	2.71617	4.75387	3.33592	3.83469	4.80961	0.606617	0.504758	0.606617	0.532049	0.606655	0.606655	0.376238	1.07721	1.18955	0.532049	0.693718	0.672997	0.376218	0	0.237942	0.951685	1.90285	0.752404	0.693718	0.672997	0.905995	0.752444	0.951749	1.31385	2.90205	5.2043	6.87359	6.20341	5.26566	9.21178	3.54483	7.10572	6.81897	9.54291	11.4358	11.0287	0.376218	14.0829	29.2028	32.3542
3.5085	1.73166	2.57182	3.00673	0.532017	0.905904	4.00649	5.21974	1.02324	3.22826	3.83068	2.86265	1.65647	1.75596	3.42739	3.19325	4.37849	1.00934	2.02502	1.71523	2.93557	2.34196	4.30412	4.60969	2.75712	6.0548	27.8524	23.6263	29.1074	29.357	4.3786	3.75653	3.33581	10.7955	22.5635	12.4581	9.99733	14.0373	9.34535	7.18836	8.88876	6.75037	3.36514	6.30726	15.5301	14.4393	2.60994	2.90176	2.54424	5.81266	4.21174	3.39849	2.9928	2.79793	4.22845	4.5205	1.22464	2.78261	3.31018	2.24342	1.68186	0.336476	7.10297	8.61769	1.96129	6.31615	4.73867	2.48241	3.38174	4.64317	5.92712	6.04365	4.98965	2.56643	0.606594	1.28103	2.14042	3.86366	2.21178	1.06394	1.5044	0.237918	3.21075	5.1223	4.67632	5.49425	2.56643	0.531996	0.841167	3.68863	6.41273	7.61682	6.75073	6.20282	3.83799	1.18946	1.91748	2.99261	2.99261	1.55077	6.25634	2.68986	4.2746	5.30484	2.71069	3.46402	3.36083	0.905946	3.57232	4.56081	2.36002	0.857784	0.841113	0.713722	0.16824	2.24342	4.1173	2.52757	2.90176	4.58222	3.80877	4.48012	5.81996	1.43717	0.905904	2.28702	2.44808	2.48241	3.21075	4.15798	5.49392	3.06713	1.55074	1.02327	1.7559	0.857806	0.376201	0.47586	0.857806	0.857806	0.857806	1.35615	3.83799	6.43616	3.44772	0.531996	2.24342	3.66933	3.95356	3.39849	2.61002	3.23264	3.24571	2.65825	2.37799	2.21178	5.81024	6.31615	4.48012	4.41689	2.4994	1.31381	1.18948	0.905904	0.672929	1.43711	0.606557	0.376201	0.532017	1.28103	1.28103	0.504707	0.84114	1.17751	0.237934	0.237934	0.237934	0.336476	0.980875	1.12841	1.18946	1.18946	1.31372	0.841113	0.376181	0.905904	1.38709	1.91755	1.96847	1.38705	2.28702	2.99261	2.71069	4.66407	1.17751	0.693649	1.3561	1.66497	0.752329	0.693649	1.07717	1.85	2.04584	1.55077	1.81144	1.21305	0.980933	0.693627	1.28103	0.857806	1.5507	2.65815	3.69994	5.21184	1.22464	5.02851	2.44808	0.376181	0.841113	0.905904	0.532017	0.606594	0.841167	0.84114	0.951591	0.951591	0.693627	0.237934	0.237918	0.336476	0.532017	0.905904	1.4469	1.2246	0.16824	0.16824	0.752329	0.693627	0.376181	0.16824	1.18948	3.19767	5.25456	8.28259	7.82757	6.18237	2.02505	4.39448	2.62607	5.57508	8.92143	8.08584	2.15344	23.1797	27.8963	19.7923
3.72985	2.01785	2.52164	2.63119	1.43703	0.951559	3.69946	5.69562	0.905814	2.87213	4.74723	4.68182	3.02995	3.0989	1.18936	2.99231	3.96375	1.38696	2.44784	0.980835	2.26196	1.7876	2.19223	4.15756	3.68425	5.33071	26.6998	29.411	21.2395	31.4868	9.04692	6.36833	13.2632	24.1081	26.004	12.0888	9.10289	13.3424	15.5294	8.48406	6.6418	9.04215	1.91739	8.29512	13.8331	12.1365	3.23244	2.52732	2.44792	6.38577	6.05443	4.03774	2.93539	2.33581	4.19798	5.40876	1.44676	2.65785	2.26196	2.01785	3.46387	4.70281	6.74156	7.13536	1.1283	5.7808	6.202	4.0584	4.77653	3.83761	0.951496	1.59553	1.43703	2.10682	0.857721	1.35597	0.857699	2.49915	1.69012	1.88017	3.02995	6.07295	8.40585	9.08327	6.99045	5.5341	3.22794	1.35605	1.06384	2.19228	1.51366	2.40724	4.9891	5.33086	4.83216	3.56007	1.12836	1.8801	1.8801	2.12686	4.6666	1.35605	5.10264	5.35157	2.18579	2.85239	3.23232	1.02316	0.713698	3.7561	2.2868	0.951496	1.07699	0.376143	1.06384	3.50815	4.84357	3.15751	2.52732	4.33292	2.6896	4.44506	3.21052	1.65631	0.237894	3.15735	1.58656	2.49915	3.80814	3.68422	4.06529	2.71052	3.68826	3.6189	2.85743	1.88017	2.26211	1.91739	1.43703	1.22452	1.12836	1.55061	3.71848	5.16804	3.08965	1.44676	1.55059	3.54413	4.06193	2.85743	2.81772	4.39422	4.03417	2.07993	1.38691	3.34795	7.48944	6.66896	2.49918	1.81895	1.02316	1.18939	1.59546	1.06379	0.693558	0.951496	0.336443	0.168223	0.376143	1.35597	1.43697	1.02316	0.841083	0.693558	0.606497	0.69358	0.951559	0.980835	1.1774	1.06379	1.35597	1.52296	1.88014	0.841083	1.356	1.85745	1.02316	0.980778	0.980778	2.10682	2.48216	2.65788	1.06379	3.69578	5.24097	5.50134	3.40236	0.841056	1.42708	1.59553	3.15751	4.0586	3.7563	2.61521	2.40724	3.09896	4.15784	3.68826	1.35605	0.336443	1.22448	2.02482	2.57163	4.60923	3.21052	2.86226	3.46373	1.22452	0.713651	1.07699	0.531943	0.475812	0.376163	0.504657	0.857699	0.980778	0.504657	0.752294	0.69358	0.672862	0.606534	1.06384	1.55054	1.55051	0.531943	0.531964	0.857721	0.336443	1.07706	1.78772	1.18936	1.55051	4.37806	10.3872	9.17281	3.44737	3.42705	6.93668	7.48047	7.22446	2.02484	10.4476	17.4988	26.6431	18.1269	6.4443
2.77196	3.1392	2.69458	3.0666	2.40698	1.44671	2.71019	4.51964	2.24305	0.336412	2.9733	5.98911	5.17865	1.9609	1.43684	2.33547	2.56581	1.43689	2.44762	0.980738	0.980695	2.73608	3.15708	2.63097	2.19209	4.37777	18.3868	31.4593	3.99186	28.2726	22.8116	9.24521	22.4412	20.4623	11.9363	5.63626	10.8039	12.8004	15.8602	14.0116	3.90643	8.3654	3.77462	6.81466	11.2799	10.3864	3.71827	2.61495	2.56592	5.55134	8.35249	6.63518	3.86655	0.840959	3.90628	5.26683	2.28661	2.52143	1.68156	0.376127	1.87998	2.71549	3.15708	5.12137	2.8621	4.5813	7.72846	6.07442	3.75582	2.0246	1.81108	2.73621	2.48206	2.02464	1.85728	1.18927	0.504611	1.12821	1.87998	4.06515	5.26708	7.47977	9.61828	9.90273	5.22441	6.83091	4.23754	2.81745	4.19777	5.57393	5.96818	8.36573	9.34948	8.7617	6.37876	4.89216	3.59517	3.83011	3.83011	3.26251	1.22437	3.26255	4.91211	6.19929	3.83007	3.9529	2.21135	1.2244	3.39783	3.23214	1.22437	0.905737	1.55038	0.237875	1.75557	3.15708	5.35113	2.57138	1.43689	3.15708	4.90061	4.08911	1.51352	1.78745	2.81737	3.04349	0.606474	2.71019	4.6542	4.08911	2.7821	1.2244	4.08577	4.60891	4.2277	3.60688	2.71031	1.68999	1.2244	1.35589	1.31355	1.31355	2.52143	4.09937	2.90121	2.97793	0.752191	2.52707	3.92069	3.39783	3.80802	4.84326	2.7822	2.38924	3.95282	6.06991	6.14741	4.51652	2.56581	1.02307	1.68164	1.59537	1.91713	1.34542	0.752221	0.237875	0.606474	0.693497	0.752191	1.81102	3.21023	3.60688	2.93511	1.02307	0.713591	0.980695	0.905768	1.31355	0.606474	1.07696	2.35958	2.71019	2.12667	1.81102	2.935	0.951464	0.531913	1.18925	1.65616	1.18923	2.97793	2.243	1.02307	0.85764	2.7822	3.77462	4.53524	2.407	4.03033	5.09415	5.03614	3.91722	2.62572	2.19214	2.62572	3.68407	3.69934	4.08924	3.99184	2.56592	1.96808	1.12825	0.531897	3.46341	3.54384	3.90643	2.57138	1.2808	0.504611	1.22437	1.00914	0.531913	0.168207	0.752191	1.02305	0.840979	0.475765	0.980738	2.12674	1.9024	1.02305	0.752221	2.12667	2.28661	0.475741	0.752191	1.51352	2.0247	2.35958	1.07696	2.04545	1.18923	2.35957	10.0508	11.6414	3.71827	9.82816	11.0443	10.0241	6.2197	10.6054	14.1926	12.733	14.6508	13.431	18.6159
2.35337	3.54352	3.98095	4.04391	3.02925	0.531867	1.42682	2.73586	2.90101	2.73593	3.02932	0.168192	3.6989	3.7178	1.96783	2.10644	1.73107	1.17718	1.96783	1.07687	1.44659	2.93472	3.72909	2.6092	2.63085	3.19675	8.68032	25.1136	18.1912	10.9956	26.3138	11.1569	26.0023	11.2788	3.46327	9.26026	1.28067	4.23712	6.39967	10.7473	7.97195	6.16483	1.68981	5.70948	11.8001	10.8522	3.24494	2.97775	1.59523	1.75546	5.10191	7.87128	7.26313	4.33213	4.45986	4.05766	1.90212	2.33524	2.05211	0.606423	1.8798	2.25543	3.31367	5.73876	5.09371	4.37741	7.71343	5.83737	1.68981	2.12655	1.5503	0.693453	1.43671	0.905649	2.05211	1.00905	1.38666	2.28649	5.132	6.74884	5.44159	2.33524	7.14766	3.96303	3.08908	7.06184	3.71032	5.98157	7.62743	8.45005	5.96769	3.6989	2.52684	5.24247	6.27922	7.03861	6.7489	6.27937	4.41574	1.91694	3.8371	3.22756	3.72917	6.21884	3.0293	2.86185	2.02453	1.59523	2.52118	0.752117	0.336381	0.951322	2.05211	0.840876	2.28638	2.79697	5.86597	3.59079	3.9061	2.89133	5.99992	4.66575	2.63071	1.87983	4.25044	2.54357	1.68144	4.2996	4.87723	2.13968	2.37726	2.71002	3.50751	3.23178	3.53158	1.78739	2.05211	1.12809	0.840903	1.0636	0.504565	0.71352	1.51338	3.86619	3.75556	4.47873	2.6574	0.951322	2.6092	2.93486	2.75652	1.51338	1.18912	3.99133	3.91666	4.64164	4.53467	3.32619	2.18539	2.63085	2.73599	2.44739	1.58627	1.0636	0.475725	0.531867	0.376095	0.71352	0.905649	2.26155	5.25038	4.84284	5.22384	3.09825	0.857542	2.07948	3.59088	4.15708	3.52758	1.58627	1.68139	3.57107	2.73581	2.389	3.49541	1.02296	0.857542	0.905649	2.0244	0.672739	2.8171	2.57109	1.55026	1.52268	2.3414	1.81093	2.44739	3.69903	5.5558	3.42642	0.531846	1.96074	2.6255	2.38916	1.87983	2.24286	2.49886	1.07687	2.33538	4.12993	3.08929	2.28652	1.87983	2.40667	0.672739	2.35337	1.81873	0.752157	0.693431	1.85709	1.81093	1.31344	1.28073	2.37726	2.56019	2.15297	2.15297	2.63085	2.3414	1.59523	2.0453	2.42433	2.21115	1.78727	0.857564	1.22425	2.0244	1.52268	2.87173	3.80031	3.68376	2.61473	2.2617	8.97826	9.70299	7.55644	10.4894	5.37685	1.58637	1.55023	12.0018	15.839	10.1878	15.427	25.9802	31.4221
4.21034	4.12952	3.56298	4.37682	3.35955	0.693384	1.22413	1.22413	2.25509	1.5501	1.31322	2.7967	1.75523	4.51881	3.04295	3.19645	3.15662	2.37708	0.857457	0.951227	1.02288	1.58612	3.59428	4.3317	2.73566	2.28627	4.51563	15.2337	26.3936	22.1349	21.1345	12.8345	24.3112	14.1354	8.38396	11.6522	3.38063	6.864	4.89963	9.31212	7.85622	5.85359	4.22684	3.69474	11.7762	10.9684	2.44723	2.85662	1.5039	1.75523	1.35564	5.24986	7.56991	7.00796	4.79854	2.70965	1.68128	2.57084	2.81682	1.35561	0.531793	0.606325	0.693362	2.93454	5.04627	4.5837	5.17744	3.75518	6.0529	5.55033	3.59451	2.2863	2.0451	1.18905	2.19161	0.693384	1.52255	4.58048	6.86424	7.06148	6.58347	3.35966	6.98218	4.43097	1.71453	6.30496	3.83671	7.55364	8.22485	7.61395	6.30721	0.237843	2.69409	2.40646	2.03128	5.26342	4.83954	3.19643	6.63994	6.234	4.58065	4.04362	4.31567	5.51473	2.12626	1.55008	0.168175	0.531814	1.55008	0.840792	0.237827	0.980501	1.85692	2.97745	2.54331	2.78155	5.58262	4.66528	2.70981	4.23696	5.43055	4.27957	2.28618	2.03128	3.91993	1.65592	2.28615	5.70871	3.68318	1.35566	1.87961	2.18523	3.30042	2.68884	3.45865	1.91675	1.28055	1.02288	1.22413	0.980501	0	0.713449	0.504515	2.63045	2.97735	3.54305	2.86146	0.336348	1.71457	1.75529	1.00895	0.237827	1.42668	3.15646	3.62552	4.89107	5.22312	2.7967	2.15276	2.87145	2.07927	3.20953	1.07669	1.06349	0.336348	0.376057	1.07676	1.07676	0.504515	2.38877	6.30487	4.04335	4.19674	3.91628	1.52255	4.41521	7.03583	5.9997	6.82966	2.70965	2.71487	3.87664	2.49848	1.91675	3.50716	1.07676	0.475678	1.85692	2.04506	0.693362	1.59501	2.87132	2.19161	0.606363	2.10635	3.39719	1.59501	2.24263	1.91675	2.40656	5.04627	4.29945	2.70981	1.55018	2.05203	2.70981	2.03128	2.03117	2.40643	2.44723	2.21093	1.44644	2.38892	2.40656	1.35566	2.49858	2.99166	2.52109	3.34713	3.87679	2.86164	2.19174	2.03128	2.35314	0.9056	0.237827	0.504515	1.06354	2.02433	2.4816	1.55018	0.606325	1.18902	0.693384	0.905559	2.04506	2.07927	1.21252	0.531793	1.18902	1.43663	1.42677	1.55018	6.98218	5.78651	7.36089	4.53128	0.475678	2.2863	1.17707	7.45778	18.2279	22.2795	19.4539	23.569	23.8005
2.60868	1.78692	3.63285	4.036	2.85634	3.0288	2.33491	1.75512	3.26149	3.26158	3.35943	3.19614	1.34503	3.23109	2.52076	2.90043	2.55968	2.28604	1.65575	1.52238	0.857372	0.37602	3.34667	5.52939	4.08807	3.72858	4.53393	5.53453	12.3066	20.9563	3.59017	17.5421	16.0589	16.862	8.71027	8.75924	7.88744	10.9738	9.34819	11.5227	9.03	6.94202	2.93428	5.17692	10.0221	8.5256	5.35765	4.20984	3.0288	2.85641	2.38853	6.09782	6.8147	6.16361	4.65282	3.19611	2.24241	2.6938	3.20929	2.65698	2.75598	2.38868	2.19147	1.02275	1.7144	2.25499	1.87945	7.10779	7.23716	6.41825	4.7749	3.04265	1.87938	0.857372	1.35545	0.693293	0.693315	4.40513	6.04269	4.09816	4.31511	5.55463	4.0603	4.31511	2.4062	4.68004	6.4421	5.45823	3.55857	6.05207	8.66452	5.88411	7.03529	7.06089	7.42585	7.39226	7.487	7.5604	8.15664	5.35742	1.87942	2.28607	3.26158	3.02864	1.12787	1.34503	1.35553	1.55002	2.0449	1.84911	0.90551	1.68116	4.35414	5.92428	4.64103	2.03107	3.83615	5.98024	4.03266	1.18888	4.83012	3.53085	2.44699	2.55968	2.93416	0.951196	3.46236	5.23864	2.87598	1.81057	1.59492	3.02872	2.52634	2.4982	5.03443	2.07907	0.336314	0.376	1.18888	1.51308	0.840735	0.53174	0.53174	2.38853	2.85626	3.02861	2.8513	1.59485	1.35553	1.91663	2.40632	2.48136	2.44699	3.24415	5.03443	6.57844	4.72458	1.44621	0.693293	0.475631	2.93413	2.4982	1.00885	1.18888	1.87945	4.9872	6.30466	5.17718	2.40629	2.25487	5.2226	4.43056	1.58596	4.55863	3.44629	3.90512	5.16607	3.19614	7.0585	2.19139	3.30859	3.02861	1.81825	1.44621	2.97227	0.713378	0.751967	1.35545	1.28042	0.53174	0.713378	2.97227	2.4982	0.376	1.54992	1.54995	3.66757	2.81664	4.14609	4.89084	2.93425	1.58596	2.18501	0.857393	0.693293	1.06339	1.44621	1.85672	3.89438	2.48136	3.36353	2.62498	2.0449	0.693315	0.53174	0.376	0.752007	0.840762	1.68105	1.38638	1.50376	1.35553	1.22401	1.4463	3.60586	3.68306	2.79659	2.15254	1.73083	1.81057	2.26125	2.93425	2.40622	1.34503	2.12613	1.54995	0.90551	2.13939	2.81664	2.71472	2.48136	2.05183	1.91666	5.43001	5.54978	5.4069	1.02277	4.22642	6.29357	6.51504	1.22405	18.2426	26.6815	23.8012	31.3779	38.6938
3.69775	2.70916	2.97202	2.7092	3.33387	3.91573	2.9388	1.54987	2.38833	2.4235	1.21229	2.19125	2.35868	3.3083	1.91637	1.58582	1.59472	0.375968	1.91646	2.79631	1.5859	0.840658	1.68091	3.53055	4.65261	3.99034	4.41438	3.82851	4.00423	18.7119	17.4838	16.4235	15.4331	15.6205	13.149	8.07977	7.62341	10.48	9.49627	10.7995	8.28986	5.33627	4.89874	8.26146	5.10027	4.70046	6.25288	4.70034	0.53171	0.713354	5.24889	6.36523	4.70034	4.23592	4.08756	3.18696	1.71421	2.04467	2.7092	2.33469	2.65674	2.25477	2.62996	1.91637	0.857312	0.840638	7.46384	6.89928	5.86447	4.67347	3.82847	2.86093	1.78677	1.07649	0.693249	2.13907	2.28582	2.07889	5.36741	6.20603	3.45816	2.89033	0.375968	2.9339	6.75479	5.46043	6.98714	2.35868	5.10869	9.38083	9.01097	6.14296	5.14414	4.43353	5.33627	6.96337	7.34272	6.21734	4.70044	3.12448	1.28031	1.31298	1.54979	1.0633	1.18879	1.22393	1.06333	0.840678	1.52226	2.24215	1.02268	1.87921	4.31474	4.15241	4.03582	2.87576	1.38626	4.29839	3.24387	3.138	6.74657	2.90011	2.73517	3.12463	2.44675	1.31305	4.66444	4.27876	1.73058	1.38629	2.79631	3.13808	0.751904	4.40481	4.736	0.857296	0.375968	0.168143	0.336284	1.2239	1.18878	0.857312	0.237796	1.52226	3.35902	4.31474	3.83582	2.52047	0.606242	1.54987	2.86107	3.34648	2.65664	5.26218	7.88111	5.89285	2.57035	0.840658	0.840678	1.38629	1.96007	1.4363	1.17684	1.18878	1.96727	4.95559	3.156	4.88449	3.31255	3.15588	4.36321	3.45801	3.53054	5.70795	6.52082	3.3591	2.25468	3.86145	3.91556	1.81818	2.19125	2.05153	2.33458	1.68091	3.09732	0.237796	1.12782	1.84894	1.71421	1.02266	1.18878	2.79618	1.8181	0.840678	1.50355	0.606242	2.861	3.44595	3.83596	2.48111	1.18879	4.43334	3.46219	3.20901	1.44609	1.96007	1.35536	0.840658	3.19143	2.89047	3.02844	1.59476	2.19127	2.33469	2.15233	2.03088	1.87927	1.91646	2.89047	3.54255	2.99107	2.38845	2.5704	2.18485	2.52053	1.96015	2.2422	1.54985	0.713354	0.905391	0	1.31298	2.93867	2.65662	0.504418	1.73066	2.9388	2.73517	2.77097	2.63007	2.65672	2.10593	1.54987	3.06538	2.85613	2.25477	3.80638	7.71669	8.42792	8.34934	6.57787	9.63847	20.2981	23.2112	26.2199	31.5659
6.66325	3.8756	3.23062	3.15573	3.12437	3.18679	2.97662	2.4809	1.22383	1.87901	2.19105	3.00473	1.00867	4.28818	2.97173	1.81015	1.65537	0.950959	2.93363	2.89023	3.0235	1.34478	2.02368	1.58576	1.35523	2.56458	3.33338	3.91874	4.27834	12.5971	26.1547	13.3149	9.57571	12.0555	12.1474	9.22719	5.35668	7.66938	9.29649	10.2597	6.19871	5.26431	9.97423	6.98629	0.857237	1.68075	7.13137	5.1107	1.59456	3.55807	5.42903	4.56377	3.63219	3.30798	4.05956	3.806	1.18864	1.3552	1.68917	1.78671	1.12772	1.42627	3.20862	2.52022	1.5128	2.89005	9.4707	3.6167	6.5369	6.45996	5.00292	2.54255	0.950959	1.35523	1.21225	4.84085	5.45737	4.93274	2.10575	3.0235	3.6052	1.02259	2.28565	3.6246	9.97423	4.90979	5.7315	5.03072	4.76791	4.86384	4.46755	3.34606	2.70895	1.87904	1.5034	1.68075	1.90139	1.91621	2.35247	2.04448	1.22379	1.58567	1.18864	0.531664	1.00867	0.905344	1.66397	1.91631	1.65537	1.78659	0.857237	1.81015	4.15523	2.85078	2.10564	2.7141	1.91628	5.00292	4.54239	2.93371	6.86209	4.15523	2.12574	2.38825	2.02376	1.43616	5.1107	3.91874	1.44594	2.21031	3.71653	2.52038	3.08336	4.62778	3.22612	0.75187	0.606191	0.375951	0.375931	0.475512	1.12772	1.59463	1.22383	1.81024	2.86075	2.65636	4.05956	3.93306	1.17673	0.980282	0.857215	2.37625	4.66098	7.33418	7.62416	3.75398	1.07639	0.504372	0.531664	0.905303	1.21217	1.07639	0.950959	0.693166	1.07639	4.60664	4.74761	5.20035	2.62971	5.24838	5.24048	2.57018	4.29797	2.73482	4.08733	4.67323	3.919	4.88419	4.80325	2.33449	0.606191	1.12766	2.70889	1.07639	2.93838	0.606191	0.375951	1.5034	1.73041	1.00867	2.02368	2.57011	0	1.73051	1.65545	0.713295	1.3552	0.375951	1.43622	1.35528	1.06319	6.56235	4.20903	5.3878	5.10005	5.35668	3.68239	3.19114	1.34478	0.531664	1.59456	0.531643	1.18864	0.237776	0.713295	1.02257	0.857237	0.336253	0.980282	0.606191	0.375951	0.75183	1.02257	0.475544	1.35525	1.28025	0.840555	1.34478	1.06324	0.168128	0.693188	0.693166	2.38809	2.7141	1.66397	1.18869	0.606154	0.531664	1.21217	0.840555	1.07639	0.857237	1.12766	2.19099	0.531664	0.168128	5.92755	10.9383	8.42703	7.93809	11.1081	2.139	7.38123	7.30426	16.5904	29.7461
11.4742	6.03198	3.77246	3.96138	3.46161	3.06486	2.73461	2.24178	2.38801	3.46157	2.85561	3.98944	1.28012	5.21578	3.33305	1.54948	1.22371	2.87521	4.08336	1.95979	3.83139	1.17662	3.26057	2.05125	1.07635	2.26046	2.86037	4.15481	3.69701	3.98944	18.5372	25.0637	15.6275	7.03313	5.48984	10.0451	2.40561	6.92575	5.81543	9.92547	9.24397	9.07719	8.44557	4.05571	1.28012	3.92914	5.9481	3.42469	4.278	3.13739	3.37512	5.00243	4.05916	2.79563	4.63942	4.04181	1.02249	1.68902	1.52197	0.840471	2.04428	2.35224	2.71383	2.49749	1.22366	4.35268	8.86357	3.00444	7.46415	7.55791	3.2258	1.22366	0.751795	1.54959	2.42317	5.88221	6.60402	5.96484	6.19599	3.54191	2.56992	3.39583	4.2253	4.80283	9.32188	2.93333	6.96167	4.88924	4.86639	6.25179	6.9878	6.35335	5.65279	4.19528	2.65612	1.73024	2.28528	2.86037	2.28531	1.68902	1.02249	0.950864	1.00857	0.751795	0.980127	1.35512	3.98957	4.03507	3.61634	1.35512	1.78653	2.21009	2.93809	2.88976	0.840525	3.42469	0.336219	5.13204	4.46711	2.62959	4.88924	5.49736	2.24171	2.10554	1.91609	3.56936	4.46711	3.44509	1.22366	3.30765	2.86045	2.52562	3.46144	5.20514	4.24506	0.905254	0.840525	0.905254	1.06309	0.693119	1.59447	2.0235	1.3551	1.65521	2.28531	2.52565	4.63951	4.77337	0.606131	2.04432	3.20852	4.90939	7.73136	7.96313	5.41554	2.1518	1.17662	0.950927	1.68069	2.19085	1.95968	1.21205	0.606094	0.840525	1.07635	0.980127	1.91611	2.01651	0.713177	6.17542	4.79672	0.840471	3.61634	4.66052	1.12761	3.19524	2.15194	3.26071	5.57071	4.22523	1.4458	0.980127	2.19077	0.475496	1.96688	1.34465	0.168111	1.21205	1.4458	0.751795	2.44621	2.04428	1.91599	1.22366	0.53159	0.336219	1.87882	2.35824	2.85069	3.16878	2.99052	6.66457	4.66052	3.46157	6.15778	6.8679	5.54822	5.05531	1.35512	0.672416	1.71388	0.693119	1.31272	0.606094	0.168111	1.07628	1.00857	3.02787	4.27817	4.08692	2.04432	0.85713	0.336219	1.22366	1.81006	2.85561	2.85069	2.42317	1.31281	0.168111	0.606094	0.375894	2.02342	1.68058	0.375914	0.237737	0.336219	0.336219	0.980127	0.713177	0.840525	1.44589	2.24171	2.44621	1.31281	1.75462	6.88967	13.2342	7.21362	3.26051	9.11905	5.47194	2.93345	7.51211	27.2098	28.8514
14.2055	10.1517	5.60027	6.06838	4.9089	2.87488	2.24149	1.80988	3.34552	3.37901	2.61322	3.42435	2.10522	5.22062	2.70845	3.97865	3.91823	4.51679	3.5888	1.22354	3.56112	1.18848	2.78021	0.75172	1.66364	2.0233	2.85517	3.56112	3.02749	2.93304	8.75562	18.9037	25.7083	19.1146	14.3154	16.0828	10.3695	5.20723	5.45604	10.3781	9.29014	8.8074	11.6204	9.06902	5.94762	5.22062	2.89926	3.39556	5.107	3.04145	2.358	5.96386	5.13153	2.71356	4.1544	3.46107	1.59431	1.38585	1.54933	2.40528	2.40531	1.38585	1.22354	2.71369	4.39099	6.04984	5.54989	2.44605	4.66305	6.71184	8.78882	7.72547	3.87493	2.49738	1.73017	5.23665	8.33345	4.09685	6.1751	6.31768	6.06838	5.35561	6.53584	6.14129	4.80216	3.4936	8.19568	5.40485	1.65512	5.03281	12.0887	14.2105	11.6606	8.51133	5.23944	2.69277	3.08275	3.44475	2.26024	0.905123	0.713153	1.06302	1.06302	1.68052	3.56136	4.80235	3.5888	3.68144	4.05531	2.13858	2.37594	3.29894	3.50561	3.36224	2.89932	4.35551	1.85603	4.3907	4.82828	3.1905	4.0966	5.6913	2.85517	1.68885	2.19063	4.77001	5.20737	4.82828	1.78624	3.46107	2.87493	4.54148	4.51679	4.20819	3.86385	0.531537	0.504272	0.75172	1.54936	0.840414	1.43587	1.87873	3.30749	2.62932	3.56121	4.87456	6.04984	3.89296	2.86008	5.03265	5.66957	7.6663	8.35183	5.53996	2.33994	1.22354	1.3859	1.44575	1.1275	2.19056	2.6238	1.02236	1.18848	1.35501	1.07624	0.980086	0.980086	1.06302	0.905164	5.00184	4.93151	2.0303	2.65586	5.26065	3.37883	2.19069	3.93253	4.37499	5.73536	6.59482	1.22354	2.37588	0.475449	1.18843	0.606071	2.40528	0.840387	0.75168	0.840414	1.44575	1.91583	1.1884	1.87863	1.8484	0.857066	0.168094	2.02322	2.49725	0.237713	0.504272	1.22358	3.91797	4.60573	3.08747	2.35201	3.15494	5.81524	9.50515	6.79403	2.2852	1.68885	1.75445	0.857066	0.606034	1.00847	2.35201	2.93313	3.69676	1.8484	2.62932	6.62673	7.81074	5.57779	3.26039	3.09654	4.09685	6.06838	7.75227	8.54697	6.95741	3.4936	2.33402	11.6099	20.0399	19.1852	9.1529	1.5125	0	0.905123	0.672349	0.336186	0.375856	1.58535	2.01631	1.65512	0.672349	7.85252	12.5376	5.35539	6.69742	3.13708	10.6966	20.9841	16.9394	16.3387	33.546
10.5835	11.6466	3.83085	4.27732	6.37374	3.08249	2.28486	1.52168	2.85499	1.58529	1.12739	1.68027	3.16802	3.79754	2.49714	3.68509	2.93768	3.19461	1.73	3.33244	2.13826	0.856985	0.979947	1.12734	2.01612	1.54928	2.28486	2.84998	2.02305	3.08704	4.40309	9.82475	17.6646	21.4452	19.4099	17.1266	15.4832	1.21189	9.85231	8.49745	6.66366	12.4096	13.9566	10.553	9.46379	5.26021	2.62907	3.66585	5.2068	3.46075	3.52919	6.68002	5.7687	2.56937	2.38742	2.49706	2.10504	1.72992	1.72992	2.85984	1.91564	0.605983	1.02229	2.78008	3.97826	4.22449	1.52166	1.59416	0.531491	5.06831	7.52028	9.05593	5.20417	1.68031	2.1514	5.10927	10.2356	2.04389	3.02262	3.16816	3.32415	4.19454	5.9001	3.75303	1.80964	7.11978	9.85396	7.65123	5.73492	10.329	10.151	12.3784	11.7687	9.85789	6.21474	2.77998	3.93195	3.68111	1.78609	0.905076	1.07613	1.00837	0.751617	2.12505	4.39047	3.80512	1.35484	3.35766	2.70812	1.31255	1.18836	3.25996	3.09625	3.09625	2.04393	4.56248	1.50303	2.76985	2.04389	4.19448	6.06982	6.75224	3.25992	1.22344	1.22347	3.46087	5.87172	7.40336	3.44446	2.76985	2.56397	5.2069	4.83958	4.20791	2.04393	0.336155	0.336155	0.336155	1.50297	0.336155	1.42587	2.04389	2.88937	2.88937	4.0826	4.88263	4.15073	1.21189	5.45559	5.48875	3.86361	5.53946	4.4127	2.18394	0.713047	0.692968	0.751647	0.606011	0.856969	2.33974	2.02305	0.751647	0.840358	0.606011	0.606011	0.840358	0.905076	0.856985	0.856985	3.33244	3.39928	1.02227	2.02305	3.3993	5.7687	3.31128	3.46092	3.49326	6.9145	8.49745	1.59411	2.20966	2.75452	1.72992	0.840317	2.84998	1.07608	0.531507	0.97999	1.27987	0.531507	0.856969	0.237705	1.85584	0.856985	0.237705	1.66339	2.33369	1.31255	1.4456	1.59411	1.91566	3.29863	4.7255	5.3551	7.91821	5.56954	7.86605	8.80015	3.87448	1.35486	1.50297	0.375824	0.237693	1.6549	2.81522	2.19041	1.72992	1.59416	3.68111	7.68704	8.30176	7.07308	3.02732	2.52515	3.52919	4.03428	5.7301	6.86051	8.38555	5.04055	2.33379	21.3359	24.5392	24.3408	17.6046	3.09618	0.840338	0.605983	0.751617	0.751647	1.06292	0.672287	0.672287	1.34439	4.00271	9.91964	10.05	0.237693	5.14203	5.76384	16.5	22.433	21.4063	8.26157	21.2084