0.0693285	0.15433	0.246454	0.328154	0.433201	0.501376	0.639348	0.637463	0.584793	0.565965	0.566373	0.555596	0.477457	0.365777	0.299781	0.267332	0.222838	0.215058	0.245892	0.274345	0.283045	0.326887	0.330058	0.293301	0.267815	0.244323	0.188892	0.17446	0.188259	0.133823	0.113971	0.12701	0.112753	0.130562	0.147939	0.172357	0.191178	0.209505	0.217294	0.196633	0.252976	0.240261	0.18477	0.204392	0.259817	0.295842	0.265595	0.276712	0.313006	0.343999	0.319629	0.303115	0.32204	0.36129	0.3881	0.399097	0.399097	0.406286	0.436875	0.475108	0.496266	0.539695	0.590864	0.622035	0.657736	0.695067	0.74674	0.747989	0.75283	0.761168	0.740925	0.708122	0.705905	0.705891	0.679387	0.662369	0.650794	0.664308	0.638694	0.63028	0.597327	0.547237	0.518929	0.490575	0.46535	0.472407	0.487411	0.460311	0.437985	0.429513	0.399401	0.347238	0.297666	0.281726	0.303399	0.319745	0.26772	0.242049	0.258014	0.244713	0.233583	0.232805	0.208721	0.199551	0.199551	0.217102	0.248026	0.244622	0.231856	0.16364	0.180785	0.233574	0.231537	0.214817	0.156034	0.151069	0.182531	0.160917	0.153447	0.180304	0.185313	0.166449	0.194772	0.222125	0.222708	0.211496	0.203178	0.186798	0.19372	0.219363	0.209716	0.220407	0.250051	0.209438	0.222348	0.26447	0.300612	0.303026	0.303386	0.300785	0.259917	0.245668	0.271715	0.243627	0.220489	0.232208	0.187496	0.168409	0.204008	0.211887	0.145493	0.143817	0.13582	0.161765	0.122156	0.138468	0.170449	0.159995	0.131614	0.138533	0.131126	0.114029	0.114029	0.115401	0.121362	0.132973	0.135035	0.0884199	0.112273	0.112579	0.0760573	0.122656	0.0932725	0.0570148	0.0570148	0.0931571	0.201565	0.218721	0.190395	0.214015	0.258126	0.258126	0.310002	0.305126	0.231412	0.206468	0.238019	0.32468	0.316125	0.365295	0.398833	0.365052	0.376578	0.383507	0.418969	0.439632	0.346628	0.297216	0.320128	0.346015	0.368903	0.318487	0.295385	0.303196	0.30443	0.30116	0.273248	0.240651	0.262987	0.299583	0.305615	0.292977	0.251629	0.228058	0.243982	0.276267	0.263959	0.231209	0.216151	0.203701	0.184604	0.188691	0.154778	0.169846	0.17358	0.135597	0.121366	0.136435	0.175667	0.152349	0.153369	0.193236	0.254047	0.274003	0.258436	0.29835	0.371515	0.424705	0.480929	0.521192	0.542267	0.573379	0.575469	0.524043	0.492758	0.503041	0.487578	0.44451	0.40071	0.356623	0.301662	0.256959	0.228058	0.209663	0.206911	0.227773
0.148755	0.229576	0.307521	0.415663	0.515676	0.590161	0.656283	0.618635	0.587414	0.561265	0.548743	0.530713	0.427831	0.331241	0.286722	0.224404	0.173704	0.197505	0.261557	0.282094	0.269582	0.290624	0.267216	0.229137	0.217245	0.185225	0.142921	0.16596	0.170354	0.106926	0.123944	0.134411	0.115939	0.160936	0.194155	0.192052	0.194155	0.203989	0.204546	0.16433	0.19258	0.203991	0.174591	0.212022	0.291144	0.38407	0.432179	0.441687	0.434691	0.442374	0.467019	0.5289	0.550456	0.553283	0.561202	0.569912	0.569912	0.599929	0.641251	0.633742	0.63692	0.68312	0.72024	0.744234	0.765109	0.780996	0.783218	0.767239	0.788646	0.783006	0.73577	0.707367	0.727731	0.717397	0.679934	0.665992	0.618086	0.567404	0.513096	0.505722	0.490249	0.457154	0.458813	0.437004	0.368198	0.333537	0.337011	0.341954	0.329606	0.293732	0.238176	0.183129	0.178081	0.249459	0.302907	0.299506	0.254295	0.233334	0.2397	0.19824	0.170009	0.171566	0.129711	0.113986	0.113986	0.142479	0.196819	0.219357	0.231935	0.194647	0.204719	0.237125	0.237125	0.224407	0.209013	0.214418	0.217485	0.21336	0.227971	0.227971	0.227971	0.221575	0.242215	0.24082	0.209093	0.193795	0.238314	0.290605	0.266176	0.254875	0.238818	0.229137	0.269607	0.231045	0.230184	0.256857	0.290624	0.30291	0.30081	0.324298	0.30418	0.280504	0.301594	0.281012	0.264526	0.26723	0.209164	0.162447	0.153448	0.179558	0.142479	0.145468	0.15673	0.145468	0.121568	0.16596	0.176574	0.169778	0.168869	0.182461	0.15801	0.113986	0.113986	0.133013	0.183129	0.217485	0.21958	0.150429	0.142479	0.161194	0.129711	0.17216	0.21336	0.227971	0.227971	0.21336	0.234147	0.232404	0.201005	0.229733	0.280639	0.280639	0.333518	0.321191	0.248819	0.235628	0.254864	0.308895	0.29749	0.349073	0.384997	0.356967	0.365774	0.356186	0.364597	0.369834	0.275767	0.259823	0.292338	0.304752	0.322386	0.297009	0.296477	0.301594	0.30291	0.261039	0.185225	0.165866	0.21958	0.226426	0.215614	0.242215	0.233215	0.227971	0.204003	0.189919	0.198453	0.215614	0.21421	0.218243	0.178269	0.173704	0.142479	0.159298	0.211813	0.204003	0.148755	0.133013	0.185225	0.216717	0.251413	0.302248	0.336681	0.333537	0.353208	0.422776	0.470944	0.484381	0.501231	0.514986	0.526603	0.538874	0.489009	0.417002	0.399957	0.388618	0.336586	0.272771	0.228091	0.190094	0.19377	0.211813	0.227971	0.235331	0.267194	0.302791
0.206003	0.274822	0.357309	0.479153	0.550097	0.605836	0.623111	0.597105	0.59493	0.566734	0.538096	0.501219	0.386038	0.319137	0.288906	0.219601	0.194225	0.246943	0.289113	0.278981	0.271731	0.277272	0.24598	0.22955	0.200261	0.159769	0.144109	0.175866	0.147558	0.0989918	0.125312	0.134359	0.128648	0.172349	0.219376	0.21892	0.219376	0.20149	0.195657	0.142582	0.121603	0.163055	0.159567	0.208861	0.284408	0.359999	0.414265	0.439613	0.453932	0.483802	0.519609	0.5783	0.584806	0.588237	0.596664	0.598177	0.605339	0.640503	0.667444	0.658999	0.66475	0.694124	0.716621	0.723204	0.74171	0.762384	0.750075	0.744134	0.762608	0.731386	0.692312	0.681238	0.694197	0.669709	0.635097	0.619313	0.566206	0.525849	0.489815	0.476421	0.474174	0.437859	0.427826	0.392766	0.324856	0.304488	0.297447	0.284854	0.274517	0.243351	0.196108	0.160048	0.188178	0.280712	0.295155	0.267659	0.252411	0.221865	0.22191	0.180376	0.166855	0.171888	0.120768	0.0996695	0.0889408	0.121092	0.163859	0.194189	0.217534	0.190963	0.205405	0.234084	0.237813	0.205005	0.188175	0.210996	0.216972	0.207622	0.210059	0.201115	0.204882	0.212302	0.234811	0.225225	0.199437	0.193241	0.236195	0.270599	0.267038	0.242123	0.24237	0.235534	0.264994	0.230842	0.224061	0.244229	0.264678	0.284439	0.266195	0.296041	0.301923	0.274537	0.280944	0.261896	0.2692	0.273907	0.233012	0.20939	0.152097	0.166435	0.144817	0.13087	0.145846	0.13087	0.119569	0.159239	0.148987	0.156645	0.190993	0.176304	0.141608	0.119477	0.13208	0.148347	0.174482	0.212216	0.248958	0.190336	0.172754	0.191331	0.161526	0.179312	0.222647	0.251015	0.256369	0.240946	0.238209	0.244116	0.219261	0.248774	0.287197	0.29	0.338776	0.314243	0.258617	0.258085	0.264866	0.29463	0.309159	0.381629	0.413292	0.391858	0.384745	0.354042	0.334563	0.334483	0.303606	0.27309	0.27685	0.295	0.297968	0.274342	0.260205	0.257204	0.264551	0.213255	0.151958	0.159878	0.230317	0.20296	0.171961	0.214147	0.209173	0.201115	0.203923	0.199607	0.187334	0.196925	0.205491	0.223992	0.188928	0.179986	0.133426	0.11299	0.151067	0.178458	0.154056	0.129995	0.174912	0.217186	0.258946	0.307167	0.326646	0.332394	0.365943	0.422531	0.45533	0.469285	0.47878	0.489792	0.495768	0.498425	0.44376	0.38801	0.371159	0.33854	0.289653	0.233709	0.195354	0.18173	0.169035	0.179312	0.199399	0.212144	0.256065	0.299219
0.330422	0.379833	0.475812	0.576221	0.602222	0.623454	0.644896	0.62793	0.617341	0.582271	0.530323	0.45886	0.337497	0.31223	0.299115	0.235478	0.236824	0.297146	0.30452	0.288811	0.293506	0.251458	0.221474	0.210205	0.145358	0.121475	0.161326	0.182051	0.0931406	0.0767965	0.0957119	0.134308	0.147009	0.176095	0.231751	0.24096	0.239271	0.199817	0.170883	0.13518	0.130421	0.15789	0.178005	0.264088	0.321949	0.341693	0.37044	0.437484	0.513786	0.612846	0.693088	0.712252	0.690712	0.692786	0.692786	0.683362	0.713112	0.74901	0.740433	0.744401	0.737724	0.71349	0.682777	0.65628	0.681085	0.692562	0.676584	0.677277	0.656069	0.600674	0.597371	0.602858	0.590601	0.550761	0.524085	0.501585	0.460466	0.458216	0.447519	0.436455	0.418388	0.363481	0.335725	0.283282	0.235599	0.211651	0.159176	0.113899	0.113899	0.113899	0.113899	0.127149	0.209004	0.31059	0.26445	0.215007	0.229558	0.194995	0.191537	0.166164	0.177637	0.169648	0.106844	0.0711851	0.0254292	0.0573675	0.114742	0.146573	0.178405	0.166026	0.179422	0.219055	0.233968	0.217476	0.161326	0.170369	0.211651	0.208933	0.16233	0.121475	0.139029	0.189949	0.208854	0.159176	0.145358	0.19224	0.233037	0.214046	0.234999	0.205329	0.221136	0.233327	0.272619	0.249786	0.213307	0.21718	0.21355	0.232227	0.198939	0.228739	0.262945	0.241607	0.244341	0.21718	0.242238	0.248679	0.232227	0.244937	0.182322	0.183781	0.154442	0.113899	0.113899	0.113899	0.108276	0.113179	0.115377	0.147016	0.191003	0.168229	0.127341	0.139029	0.189949	0.20671	0.188016	0.194434	0.264639	0.280439	0.273672	0.296241	0.270282	0.242034	0.273859	0.321949	0.341693	0.341693	0.330596	0.321464	0.31722	0.323949	0.312237	0.324645	0.358053	0.326882	0.297432	0.306164	0.302676	0.324645	0.360738	0.427329	0.439066	0.407747	0.388579	0.352307	0.325095	0.308956	0.29914	0.248679	0.242238	0.248679	0.229482	0.203845	0.172631	0.167868	0.179937	0.15034	0.0955059	0.14237	0.191045	0.108422	0.0450222	0.122801	0.151154	0.121475	0.159176	0.208854	0.189949	0.148229	0.161072	0.205324	0.186494	0.184917	0.127715	0.0254292	0	0.0766661	0.111194	0.139029	0.189949	0.228769	0.26699	0.30256	0.307232	0.330422	0.377362	0.394803	0.396615	0.407065	0.40583	0.407685	0.418861	0.401169	0.346937	0.320787	0.293507	0.23883	0.185083	0.132911	0.110645	0.134308	0.106767	0.113899	0.113899	0.148229	0.218076	0.264268
0.352928	0.422412	0.531672	0.598555	0.606205	0.617555	0.66099	0.617853	0.586827	0.559752	0.493805	0.405279	0.30408	0.320885	0.317087	0.252985	0.254107	0.303852	0.297187	0.285277	0.258431	0.208023	0.209936	0.19357	0.13077	0.119478	0.158632	0.139904	0.105499	0.0867718	0.058014	0.125844	0.169945	0.177841	0.226893	0.253103	0.248807	0.197876	0.138316	0.107985	0.118725	0.139791	0.19666	0.295369	0.329986	0.357996	0.402482	0.462251	0.518905	0.597123	0.670874	0.685989	0.678094	0.687188	0.685785	0.679695	0.710492	0.734664	0.720056	0.714329	0.695228	0.668751	0.635798	0.623681	0.650218	0.652108	0.653055	0.649032	0.616081	0.579437	0.578202	0.558817	0.538403	0.51098	0.492086	0.466905	0.443779	0.443748	0.42764	0.41753	0.392404	0.346934	0.310006	0.244412	0.204726	0.179175	0.136878	0.113855	0.113855	0.115576	0.12459	0.148853	0.234741	0.317449	0.223804	0.183567	0.224814	0.194827	0.179736	0.158255	0.161062	0.127417	0.0917304	0.102623	0.055357	0.0444559	0.106722	0.133862	0.165668	0.164772	0.161697	0.196594	0.204923	0.219861	0.173719	0.147455	0.179175	0.199285	0.184853	0.147572	0.165724	0.206595	0.20179	0.165053	0.159059	0.20266	0.211698	0.20767	0.231469	0.192876	0.19527	0.194671	0.22139	0.226349	0.203946	0.219672	0.200617	0.209859	0.178885	0.203294	0.248544	0.229519	0.242072	0.227672	0.243669	0.225287	0.205717	0.224074	0.163852	0.176933	0.150947	0.0961868	0.0871162	0.0853916	0.0801661	0.0787365	0.121819	0.15174	0.189479	0.180747	0.116376	0.137764	0.181592	0.18185	0.198209	0.192654	0.235841	0.267904	0.257806	0.281189	0.275842	0.241942	0.279065	0.306449	0.314812	0.323709	0.322119	0.315988	0.325516	0.318765	0.307875	0.352349	0.369001	0.341065	0.332843	0.340054	0.332122	0.357178	0.396717	0.44495	0.442579	0.406736	0.393531	0.359658	0.317703	0.273373	0.272573	0.239193	0.253892	0.236253	0.203744	0.18597	0.156612	0.152044	0.152881	0.185237	0.120041	0.131045	0.151673	0.0730446	0.0808672	0.0962079	0.142351	0.116578	0.123997	0.155002	0.166648	0.140884	0.141147	0.186573	0.177703	0.194999	0.156444	0.055357	0.0284639	0.0541931	0.0992045	0.164088	0.212452	0.233033	0.270076	0.308217	0.308781	0.340816	0.395175	0.38356	0.381829	0.408612	0.401595	0.395166	0.402987	0.35371	0.307844	0.283973	0.250961	0.214571	0.164001	0.119089	0.131044	0.132747	0.103859	0.13198	0.140622	0.178661	0.234067	0.268936
0.413536	0.528548	0.62094	0.643522	0.645029	0.651805	0.677698	0.606825	0.570347	0.539205	0.455443	0.379075	0.321895	0.351695	0.342955	0.281659	0.256364	0.269163	0.261149	0.236764	0.159025	0.138923	0.193496	0.157903	0.113812	0.108194	0.100593	0.0453234	0.11469	0.0961437	0.0192841	0.0970167	0.18469	0.192287	0.206476	0.257634	0.238849	0.191783	0.142259	0.102587	0.102587	0.128252	0.248497	0.332291	0.34902	0.412193	0.490712	0.508171	0.514031	0.559007	0.598781	0.612248	0.641588	0.669516	0.664212	0.668948	0.692257	0.692257	0.66364	0.615838	0.576433	0.54525	0.515479	0.52763	0.549478	0.558594	0.583942	0.574129	0.549703	0.525944	0.48992	0.436106	0.421298	0.42009	0.40888	0.405775	0.407374	0.397504	0.381727	0.392846	0.383588	0.32766	0.240453	0.148528	0.113812	0.113812	0.113812	0.113812	0.113812	0.121383	0.162206	0.203739	0.231583	0.279836	0.173648	0.163838	0.204054	0.165184	0.152687	0.127239	0.102099	0.0385682	0.0385682	0.0910904	0.10565	0.0979016	0.115289	0.12151	0.153215	0.156427	0.160949	0.175915	0.181604	0.217014	0.173439	0.117314	0.113812	0.145247	0.19815	0.221237	0.213034	0.217153	0.215001	0.227623	0.227623	0.213034	0.157137	0.173439	0.205167	0.167642	0.142259	0.128467	0.159047	0.170706	0.150327	0.191954	0.167197	0.165184	0.147385	0.153215	0.209566	0.203461	0.22434	0.236605	0.239089	0.199665	0.181373	0.168365	0.121544	0.140825	0.12151	0.060356	0.0127049	0	0	0.0520557	0.117307	0.144515	0.196452	0.16774	0.0969767	0.111108	0.134206	0.109662	0.184942	0.216387	0.22719	0.229391	0.216387	0.246374	0.267287	0.241849	0.267287	0.246374	0.234972	0.27365	0.316961	0.326273	0.332733	0.340748	0.388297	0.449863	0.442265	0.426777	0.426777	0.426777	0.433961	0.473632	0.494485	0.508403	0.488095	0.434964	0.406088	0.344369	0.290467	0.240614	0.242536	0.242054	0.261149	0.224063	0.179285	0.152632	0.136445	0.133446	0.13192	0.199157	0.147506	0.108039	0.114142	0.0881529	0.108265	0.0664812	0.0946204	0.100574	0.0711308	0.0515086	0.113804	0.124535	0.137827	0.175961	0.152333	0.167728	0.140107	0.10565	0.113812	0.113812	0.138923	0.213145	0.240855	0.240602	0.267287	0.296025	0.312328	0.364521	0.398612	0.346672	0.355526	0.399295	0.371537	0.356505	0.336073	0.262011	0.21149	0.159055	0.148528	0.170718	0.148528	0.0979016	0.134206	0.123364	0.138923	0.189804	0.220761	0.221857	0.239334	0.262312
0.446974	0.577752	0.629658	0.644618	0.655945	0.655398	0.664035	0.591451	0.551108	0.50364	0.412456	0.357492	0.314131	0.328509	0.322955	0.271295	0.236571	0.249988	0.2723	0.239076	0.156136	0.155949	0.18826	0.138154	0.106895	0.0870498	0.0573046	0.0237859	0.108146	0.11012	0.0178613	0.0726226	0.194403	0.216715	0.183163	0.249241	0.209234	0.166808	0.130665	0.0862615	0.0932618	0.158441	0.289203	0.352021	0.37107	0.423294	0.48503	0.500705	0.528868	0.581096	0.589099	0.595722	0.624028	0.647101	0.649954	0.648418	0.655762	0.641736	0.615551	0.591124	0.565412	0.528112	0.505955	0.521477	0.531021	0.552048	0.567846	0.53707	0.506474	0.475435	0.43667	0.40034	0.389983	0.388122	0.370195	0.37646	0.368917	0.353752	0.351059	0.364398	0.341565	0.283361	0.217268	0.161926	0.142211	0.142211	0.142211	0.142211	0.142211	0.151357	0.200357	0.221612	0.221443	0.254247	0.181455	0.179019	0.181113	0.139406	0.150412	0.123433	0.0735906	0.0152844	0.0152844	0.0479529	0.0755395	0.0984391	0.120852	0.115939	0.151541	0.154407	0.171398	0.170814	0.177873	0.235057	0.193538	0.140367	0.128471	0.134829	0.168312	0.193766	0.183858	0.192394	0.185531	0.170653	0.170653	0.155543	0.122728	0.164151	0.190785	0.177191	0.132055	0.136393	0.200994	0.172559	0.12628	0.173446	0.150709	0.135831	0.142716	0.127172	0.183697	0.197357	0.223829	0.265827	0.248969	0.199121	0.193683	0.135142	0.113181	0.118522	0.100531	0.0925472	0.0231225	0.00539649	0.00539649	0.0770107	0.115692	0.135555	0.209897	0.153721	0.112901	0.0995571	0.122041	0.116274	0.135248	0.181316	0.211607	0.208451	0.188597	0.216282	0.248461	0.234956	0.264101	0.241123	0.235948	0.28103	0.316257	0.334769	0.36602	0.398183	0.447481	0.48094	0.468738	0.465766	0.467137	0.47235	0.489693	0.515645	0.504238	0.508074	0.48897	0.427428	0.39738	0.332593	0.29406	0.25117	0.238861	0.256361	0.256753	0.212588	0.161573	0.124685	0.125182	0.123878	0.117404	0.193753	0.183846	0.114584	0.100158	0.110685	0.0856728	0.0483701	0.060717	0.0874022	0.104313	0.08121	0.11548	0.138903	0.16433	0.171773	0.129074	0.12998	0.0846032	0.0755395	0.0908913	0.105321	0.159068	0.244358	0.251737	0.254266	0.272544	0.304283	0.34522	0.371612	0.372588	0.327149	0.355257	0.391818	0.347891	0.330795	0.285096	0.220887	0.179038	0.136774	0.153821	0.142211	0.152881	0.11371	0.133077	0.105175	0.149405	0.193826	0.196558	0.192601	0.224129	0.252658
0.498309	0.620891	0.640043	0.673946	0.688198	0.688198	0.693962	0.611401	0.529466	0.459732	0.374737	0.336962	0.283959	0.277099	0.2927	0.244563	0.226422	0.279135	0.311759	0.242076	0.166944	0.177366	0.16939	0.122153	0.0953602	0.0512528	0	0	0.076549	0.127141	0.0572798	0.0829227	0.203523	0.231397	0.188353	0.215106	0.177967	0.164368	0.113717	0.0385386	0.0640772	0.215121	0.322799	0.358337	0.381957	0.418893	0.451541	0.491213	0.567536	0.588782	0.542982	0.543093	0.561209	0.587565	0.607769	0.583888	0.544835	0.488519	0.477296	0.527691	0.53404	0.49148	0.485755	0.492363	0.485835	0.521022	0.501564	0.436996	0.386441	0.346653	0.330396	0.319532	0.308728	0.288193	0.273065	0.279311	0.262114	0.256504	0.260971	0.268991	0.233147	0.195823	0.206903	0.221069	0.22745	0.22745	0.22745	0.22745	0.22745	0.237769	0.267083	0.266583	0.279895	0.2762	0.209298	0.199011	0.163417	0.113006	0.140186	0.109146	0.0385386	0	0	0	0	0.0572798	0.100516	0.132011	0.18271	0.202148	0.205488	0.201877	0.189416	0.233611	0.232676	0.209774	0.175837	0.129752	0.113725	0.113725	0.113725	0.111025	0.076549	0	0	0	0.0568586	0.142146	0.170575	0.181234	0.162072	0.158927	0.201547	0.184548	0.133829	0.1555	0.145519	0.154096	0.158418	0.146791	0.203812	0.209916	0.23004	0.268769	0.247904	0.201025	0.201025	0.154096	0.121417	0.101505	0.102186	0.0969424	0.0317854	0.0237768	0.0237768	0.09607	0.113717	0.103485	0.203525	0.197252	0.154096	0.098151	0.105378	0.126053	0.0697402	0.0879881	0.151108	0.148382	0.113725	0.132709	0.184801	0.214269	0.254292	0.234449	0.237769	0.278069	0.311767	0.385652	0.488749	0.544248	0.560869	0.581854	0.594817	0.589008	0.595917	0.619691	0.62468	0.602404	0.551455	0.552052	0.540212	0.475304	0.449654	0.408568	0.373426	0.322634	0.296371	0.269922	0.233143	0.20501	0.160826	0.130222	0.125537	0.134103	0.108733	0.168236	0.199004	0.113717	0.09607	0.114602	0.0468817	0	0	0.0385386	0.109146	0.118774	0.124439	0.154147	0.184548	0.152217	0.126053	0.117217	0.0385386	0	0.038558	0.0945482	0.203588	0.289093	0.268214	0.276696	0.290856	0.331424	0.376224	0.339096	0.312112	0.300719	0.335213	0.346914	0.295799	0.248667	0.171766	0.122153	0.113725	0.113725	0.111025	0.0568627	0.116797	0.123661	0.125537	0.108111	0.154206	0.171174	0.122153	0.137171	0.201032	0.219182
0.545531	0.646076	0.645758	0.678282	0.665616	0.663464	0.652608	0.546235	0.455318	0.404638	0.336398	0.304208	0.252428	0.251632	0.292919	0.246865	0.244994	0.296529	0.294883	0.197961	0.148449	0.161292	0.127223	0.090822	0.110981	0.0989568	0.0100478	0	0.0317733	0.117173	0.112086	0.106881	0.202534	0.232679	0.197548	0.168116	0.150909	0.17816	0.114559	0.0264475	0.095656	0.268211	0.3516	0.377009	0.414402	0.446926	0.45512	0.483949	0.546101	0.540198	0.515935	0.531356	0.543398	0.569867	0.573739	0.550589	0.519098	0.47651	0.463863	0.47904	0.471852	0.448782	0.450178	0.452149	0.458411	0.49786	0.451369	0.394889	0.353539	0.328709	0.324405	0.309603	0.297303	0.275522	0.278967	0.275063	0.262429	0.260313	0.246473	0.253709	0.224849	0.182011	0.182823	0.193618	0.198943	0.198943	0.198943	0.204414	0.216964	0.23709	0.263899	0.262048	0.26794	0.242364	0.198291	0.190893	0.140617	0.099911	0.137549	0.105714	0.0406799	0.0284205	0.0284205	0.0284205	0.030174	0.0555546	0.101452	0.131346	0.160291	0.197875	0.190688	0.198048	0.202134	0.207159	0.207115	0.194533	0.187711	0.137325	0.113682	0.113682	0.113682	0.0947938	0.0541105	0.0224682	0.010333	0.0126907	0.0663576	0.142906	0.170406	0.195403	0.215004	0.169268	0.178484	0.201135	0.155368	0.146959	0.153681	0.193411	0.162982	0.162165	0.219367	0.205118	0.222306	0.247194	0.239253	0.209274	0.20689	0.192527	0.118588	0.0957763	0.125173	0.0835093	0.0508166	0.0532618	0.0525103	0.110098	0.116203	0.0893351	0.17779	0.237852	0.192527	0.119873	0.1049	0.143859	0.135851	0.0555398	0.113368	0.113195	0.0852615	0.0963525	0.13546	0.184108	0.217684	0.19737	0.214755	0.27384	0.332793	0.42165	0.50962	0.548093	0.557713	0.592316	0.600594	0.589215	0.618062	0.638427	0.621445	0.593789	0.553263	0.558178	0.536758	0.46684	0.443335	0.406459	0.366958	0.320718	0.291535	0.246189	0.217262	0.223982	0.18465	0.151065	0.133663	0.143664	0.103574	0.13953	0.199822	0.118046	0.10556	0.10868	0.0328895	0	0	0.0152727	0.0945901	0.15516	0.136799	0.167774	0.197858	0.125641	0.128338	0.10657	0.0206666	0.032327	0.0888953	0.156037	0.262972	0.322153	0.280794	0.308994	0.314086	0.346824	0.383233	0.323035	0.31253	0.319632	0.325792	0.32822	0.290935	0.222566	0.156957	0.120844	0.113682	0.113682	0.0947938	0.0674579	0.100594	0.13312	0.12866	0.136809	0.173051	0.169328	0.123113	0.153763	0.203387	0.20658
0.590427	0.65662	0.619932	0.631463	0.605565	0.590169	0.542359	0.418231	0.358508	0.338838	0.2758	0.243585	0.223896	0.25352	0.289565	0.253344	0.252897	0.273806	0.24811	0.142045	0.105489	0.0909514	0.0385093	0	0.0764907	0.127045	0.0512138	0	0.0512138	0.127045	0.1283	0.117128	0.20031	0.240408	0.191661	0.157181	0.136237	0.135399	0.127045	0.0508159	0.158881	0.304795	0.368805	0.394345	0.427352	0.443114	0.417297	0.417764	0.445203	0.42958	0.451423	0.482647	0.486197	0.498774	0.473024	0.454546	0.454546	0.454546	0.412499	0.313792	0.277421	0.309987	0.335829	0.353367	0.392247	0.406252	0.346796	0.306633	0.292835	0.303538	0.30639	0.292835	0.292835	0.292835	0.296145	0.283746	0.260244	0.249705	0.22063	0.228613	0.19886	0.132608	0.113639	0.113639	0.113639	0.113639	0.113639	0.138711	0.189515	0.230238	0.254099	0.232327	0.217732	0.213557	0.21111	0.18466	0.132608	0.126858	0.171043	0.141987	0.113639	0.113639	0.113639	0.113639	0.121198	0.161959	0.184662	0.161959	0.130962	0.169835	0.165455	0.169491	0.19886	0.194418	0.165455	0.142486	0.181905	0.149971	0.113639	0.113639	0.113639	0.113639	0.113639	0.0952876	0.0572362	0.0602639	0.128184	0.169261	0.184673	0.216348	0.255068	0.211435	0.225839	0.236725	0.201281	0.206638	0.209368	0.227156	0.178543	0.181902	0.241684	0.225733	0.231696	0.24811	0.254088	0.254339	0.244376	0.219015	0.142045	0.149971	0.181905	0.132608	0.126858	0.130962	0.126858	0.157663	0.197848	0.209614	0.231229	0.279767	0.219015	0.181905	0.165455	0.18844	0.215807	0.174567	0.100199	0.0572362	0	0	0.0512138	0.105371	0.116258	0.105791	0.163676	0.261142	0.353954	0.457218	0.514689	0.543667	0.567043	0.588302	0.595452	0.62587	0.673606	0.663963	0.62533	0.611934	0.601964	0.59131	0.539948	0.485449	0.453876	0.411604	0.386405	0.352045	0.306636	0.273047	0.279798	0.295588	0.26688	0.238909	0.216057	0.18466	0.152989	0.181905	0.231234	0.171043	0.122192	0.0828234	0.0192546	0	0	0	0.085223	0.170446	0.142038	0.181096	0.210445	0.105298	0.0914333	0.11094	0.113639	0.129654	0.177231	0.23589	0.331195	0.354658	0.327009	0.378379	0.369317	0.371969	0.379174	0.328734	0.332226	0.322896	0.319064	0.311446	0.271996	0.201963	0.161959	0.121198	0.113639	0.113639	0.113639	0.101751	0.10243	0.137066	0.199374	0.227276	0.211168	0.158812	0.129654	0.177231	0.210781	0.223896
0.605388	0.648765	0.592599	0.601659	0.591499	0.552341	0.481677	0.379538	0.338773	0.308789	0.248901	0.224974	0.233792	0.256124	0.263059	0.248705	0.253078	0.249933	0.231044	0.138994	0.102117	0.0743949	0.0342227	0.012681	0.0325301	0.121312	0.0947156	0.00763053	0.0977098	0.122868	0.105682	0.117805	0.195177	0.24789	0.182645	0.169975	0.121441	0.0591992	0.115131	0.0768985	0.229591	0.336539	0.399458	0.431105	0.453602	0.463891	0.428528	0.424121	0.438974	0.426732	0.434644	0.439548	0.445632	0.453405	0.41716	0.397578	0.397578	0.397578	0.37394	0.311111	0.271485	0.294681	0.32546	0.347361	0.367898	0.354211	0.328377	0.29792	0.292723	0.307216	0.299952	0.293247	0.295479	0.296392	0.290901	0.284717	0.260824	0.25734	0.227842	0.222283	0.184819	0.124547	0.113595	0.113595	0.113595	0.119113	0.131678	0.164447	0.201556	0.224017	0.249504	0.225598	0.212627	0.220273	0.209308	0.185535	0.152863	0.151769	0.182566	0.155126	0.140301	0.141994	0.141994	0.141994	0.147234	0.177168	0.160043	0.162134	0.125553	0.159185	0.173993	0.159105	0.175513	0.183766	0.150679	0.104434	0.150936	0.135843	0.0851966	0.0851966	0.0851966	0.0851966	0.0818597	0.108516	0.117494	0.108964	0.157798	0.166166	0.18559	0.224989	0.274084	0.24716	0.241971	0.218875	0.206439	0.226103	0.198337	0.20334	0.168273	0.181833	0.253991	0.237181	0.225402	0.239578	0.25009	0.268483	0.237139	0.197557	0.149548	0.169771	0.176938	0.124547	0.13186	0.13741	0.146022	0.161897	0.194759	0.208855	0.265809	0.299463	0.198978	0.182836	0.182836	0.188971	0.199711	0.186985	0.11752	0.0495231	0.0283989	0.0236274	0.0941483	0.112217	0.0896299	0.122469	0.207077	0.288441	0.387935	0.490943	0.514934	0.537919	0.552739	0.557015	0.596055	0.638771	0.648826	0.636263	0.608736	0.604288	0.595307	0.570325	0.524432	0.490481	0.447226	0.410974	0.383958	0.34626	0.309427	0.291023	0.302698	0.307553	0.286454	0.261698	0.245035	0.21377	0.195082	0.211179	0.240577	0.191144	0.1332	0.0914043	0.0624271	0.0567978	0.0567978	0.0502025	0.0988814	0.172731	0.144796	0.193264	0.21894	0.0947156	0.0573802	0.10378	0.138484	0.166888	0.213912	0.281302	0.381491	0.381723	0.365806	0.392627	0.358208	0.356528	0.369697	0.344839	0.335187	0.312989	0.320486	0.289594	0.246385	0.186491	0.178253	0.125216	0.113595	0.113595	0.108334	0.101728	0.0939546	0.108382	0.164342	0.191823	0.186764	0.158754	0.155137	0.194465	0.221622	0.241485
0.587439	0.606316	0.536525	0.533518	0.530565	0.463031	0.390388	0.324754	0.295363	0.268556	0.232328	0.230166	0.237007	0.236119	0.231519	0.236223	0.261568	0.227426	0.198207	0.132903	0.106972	0.113552	0.0976781	0.060218	0.0126759	0.113544	0.113544	0.0384993	0.121266	0.108444	0.10203	0.121266	0.168544	0.234897	0.201949	0.182068	0.105218	0.01924	0.0630901	0.166135	0.311285	0.377922	0.438671	0.45771	0.483484	0.472437	0.412681	0.407262	0.403447	0.369352	0.338908	0.314031	0.331532	0.319605	0.254003	0.227103	0.227103	0.227103	0.254003	0.295339	0.269459	0.26454	0.306296	0.298406	0.276326	0.273959	0.29695	0.289019	0.292612	0.304751	0.292612	0.292612	0.303307	0.305743	0.305743	0.306156	0.303307	0.3064	0.271733	0.224171	0.158692	0.113552	0.113552	0.113552	0.113552	0.138606	0.189371	0.208641	0.193842	0.201005	0.239982	0.230062	0.212548	0.216657	0.21451	0.227103	0.227103	0.215893	0.217566	0.213395	0.220257	0.227103	0.227103	0.227103	0.220732	0.1678	0.0952151	0.112834	0.107947	0.14295	0.183222	0.161829	0.146561	0.16539	0.12425	0.0513908	0.117039	0.0936207	0	0	0	0	0.0253517	0.117039	0.157062	0.159013	0.178179	0.189107	0.225667	0.261282	0.307518	0.271206	0.239619	0.213591	0.223726	0.240871	0.181208	0.175513	0.160581	0.181764	0.266467	0.248895	0.234761	0.240064	0.229315	0.249455	0.223295	0.19084	0.17868	0.193054	0.157543	0.113552	0.138138	0.160834	0.193204	0.220732	0.220257	0.209568	0.292143	0.298796	0.188297	0.182432	0.216657	0.21706	0.193054	0.193054	0.177096	0.129555	0.113552	0.0976781	0.139526	0.133625	0.10036	0.137512	0.239453	0.294323	0.396345	0.478681	0.463191	0.489753	0.498239	0.508761	0.568493	0.597339	0.582746	0.582349	0.572155	0.583108	0.574791	0.55557	0.532179	0.505154	0.467298	0.431686	0.375801	0.340653	0.340653	0.354197	0.372569	0.361478	0.345641	0.335815	0.340653	0.340653	0.328351	0.311938	0.308258	0.258433	0.227103	0.227103	0.227103	0.227103	0.227103	0.203226	0.190954	0.204698	0.181764	0.223551	0.249765	0.177096	0.135297	0.161836	0.217125	0.267067	0.314393	0.382137	0.464134	0.443414	0.4016	0.378885	0.328748	0.341374	0.381781	0.379412	0.358514	0.314193	0.299104	0.256273	0.197698	0.149448	0.181767	0.136962	0.113552	0.113552	0.0976781	0.096755	0.0678886	0.05561	0.0891698	0.0952151	0.148189	0.203226	0.215893	0.228867	0.256114	0.272649
0.600474	0.602827	0.531528	0.511269	0.513436	0.430852	0.370671	0.318731	0.269915	0.252857	0.227851	0.22945	0.231044	0.223643	0.224421	0.237838	0.278011	0.203838	0.161241	0.12852	0.084177	0.0851315	0.0982141	0.100887	0.0317249	0.115216	0.113501	0.0647019	0.111493	0.0928812	0.112764	0.116339	0.130012	0.208344	0.233272	0.19182	0.0882704	0.0374965	0.104078	0.231082	0.318786	0.393857	0.461183	0.470956	0.51768	0.478801	0.405058	0.415361	0.396357	0.354253	0.32867	0.321128	0.338843	0.282776	0.226201	0.22169	0.227016	0.227016	0.243426	0.282702	0.286255	0.280629	0.301788	0.278084	0.267959	0.291378	0.316066	0.300469	0.29369	0.305357	0.2925	0.2925	0.29749	0.287132	0.288475	0.289003	0.293282	0.28177	0.251964	0.211336	0.16455	0.141886	0.141886	0.141886	0.141886	0.165219	0.196472	0.187261	0.181683	0.214883	0.243825	0.210947	0.18934	0.210804	0.209526	0.204102	0.216633	0.214893	0.212465	0.210541	0.196109	0.198639	0.198639	0.198639	0.186161	0.143647	0.118007	0.0936594	0.0944732	0.108056	0.169974	0.192409	0.166615	0.188719	0.138188	0.0805341	0.11883	0.0765623	0.0249622	0.0283772	0.0283772	0.0283772	0.0655886	0.127154	0.169629	0.194438	0.19039	0.223465	0.24685	0.261182	0.302288	0.255346	0.226645	0.216435	0.218154	0.215664	0.138262	0.140074	0.143673	0.16489	0.261154	0.231424	0.209005	0.194328	0.17167	0.212935	0.224083	0.194225	0.165256	0.139863	0.0891989	0.071579	0.115207	0.142944	0.138952	0.154875	0.146045	0.186481	0.304104	0.269436	0.161083	0.133175	0.173837	0.199253	0.165406	0.165493	0.160282	0.110788	0.0834462	0.0956304	0.143902	0.140375	0.150769	0.16869	0.279779	0.325592	0.433047	0.502578	0.484955	0.536843	0.543608	0.526546	0.554997	0.580121	0.566284	0.542898	0.528458	0.544962	0.530211	0.509182	0.481351	0.452513	0.425102	0.401456	0.362429	0.340522	0.340522	0.357027	0.372426	0.357049	0.351947	0.340474	0.340522	0.342229	0.340976	0.335818	0.324139	0.277314	0.255393	0.255393	0.255393	0.250059	0.237621	0.227708	0.241099	0.219718	0.195966	0.222509	0.238695	0.200011	0.164145	0.206473	0.245295	0.290424	0.347946	0.416066	0.481309	0.446351	0.391234	0.373132	0.345636	0.352345	0.380153	0.356911	0.309755	0.264239	0.250152	0.206828	0.139826	0.115539	0.158296	0.135216	0.0924981	0.0851315	0.0982141	0.113517	0.0719551	0.0636659	0.123531	0.142944	0.183187	0.222353	0.222488	0.256808	0.292891	0.303193
0.613605	0.587804	0.51495	0.496377	0.48089	0.374876	0.333571	0.279326	0.209404	0.229356	0.226498	0.242359	0.253711	0.233117	0.226333	0.23988	0.266307	0.181625	0.122988	0.0826971	0.0192253	0	0.0571489	0.114304	0.0700526	0.124155	0.113457	0.0571489	0.108484	0.115409	0.141019	0.11695	0.11695	0.190811	0.22424	0.216055	0.142587	0.175435	0.237728	0.289297	0.349038	0.454054	0.505014	0.517647	0.571549	0.49743	0.40362	0.408872	0.369033	0.332305	0.323559	0.320914	0.291001	0.185007	0.161712	0.208138	0.22693	0.22693	0.22693	0.253808	0.306169	0.309514	0.274725	0.266863	0.303075	0.322716	0.329304	0.307002	0.301408	0.306165	0.292388	0.292388	0.26075	0.22999	0.240121	0.252374	0.244666	0.2174	0.213231	0.220089	0.22693	0.22693	0.22693	0.22693	0.22693	0.212385	0.171374	0.14039	0.174554	0.221178	0.215478	0.14284	0.1385	0.192907	0.157422	0.1385	0.189226	0.220089	0.212385	0.171374	0.121874	0.113465	0.113465	0.113465	0.0951423	0.107709	0.100287	0.100267	0.0709141	0.0513515	0.141822	0.19855	0.180819	0.199056	0.153795	0.114298	0.126851	0.10563	0.101596	0.113465	0.113465	0.113465	0.149742	0.181628	0.183344	0.209437	0.202841	0.260212	0.269328	0.261082	0.28148	0.231342	0.212737	0.200088	0.178738	0.13968	0.0508939	0.0979267	0.105138	0.131518	0.234151	0.192899	0.203432	0.204542	0.185784	0.221988	0.247682	0.221988	0.183771	0.181628	0.133801	0.0709141	0.0891586	0.11695	0.0448002	0.060172	0.0986609	0.171267	0.284321	0.212732	0.11695	0.0709109	0.11695	0.138883	0.11434	0.105138	0.11695	0.0790019	0.0126662	0.0979267	0.156941	0.160201	0.191622	0.209778	0.312779	0.369497	0.453159	0.518972	0.497008	0.542816	0.553827	0.508383	0.516239	0.510434	0.467206	0.423673	0.409715	0.425477	0.405515	0.381885	0.343098	0.3117	0.30796	0.326921	0.340393	0.340393	0.340393	0.360391	0.372284	0.364642	0.372284	0.350546	0.340393	0.347642	0.385297	0.423853	0.403404	0.356315	0.340393	0.340393	0.340393	0.320724	0.272817	0.26482	0.303361	0.27375	0.244666	0.249324	0.259847	0.253711	0.248232	0.292388	0.292388	0.347428	0.425717	0.483755	0.509256	0.45273	0.395105	0.394065	0.380564	0.369581	0.350288	0.263766	0.171374	0.150361	0.146022	0.0630419	0	0.0192253	0.0826971	0.114937	0.0511357	0	0.0571489	0.100287	0.107864	0.121013	0.183082	0.218578	0.240117	0.241109	0.253808	0.348851	0.391649	0.404285
0.620042	0.570146	0.50522	0.491032	0.444793	0.336273	0.320864	0.268442	0.200738	0.24312	0.213942	0.215946	0.228605	0.196506	0.199361	0.216808	0.230335	0.176391	0.104665	0.0640317	0.0341705	0.0224169	0.0324805	0.0977784	0.101113	0.131436	0.113925	0.0300746	0.0809675	0.115953	0.154417	0.117931	0.119321	0.175732	0.173319	0.200812	0.148138	0.204341	0.262422	0.298971	0.394515	0.501708	0.509054	0.528046	0.570675	0.471944	0.382757	0.389339	0.349181	0.326775	0.316788	0.298857	0.238312	0.164364	0.181389	0.198526	0.198488	0.198488	0.203947	0.232397	0.278853	0.287494	0.266939	0.281919	0.307655	0.307249	0.317648	0.310377	0.299073	0.282782	0.273393	0.26804	0.231764	0.222664	0.242454	0.246267	0.220413	0.205809	0.20965	0.195959	0.198488	0.198488	0.198488	0.198488	0.198488	0.183298	0.14701	0.144023	0.188911	0.218699	0.194229	0.133464	0.151952	0.187257	0.142397	0.155474	0.204341	0.211929	0.193301	0.152633	0.133854	0.133002	0.124116	0.108392	0.120714	0.118814	0.0679862	0.0830534	0.0955829	0.0762843	0.140621	0.193162	0.193162	0.200564	0.173877	0.147163	0.139136	0.136276	0.124061	0.134875	0.141778	0.141778	0.173959	0.176991	0.158081	0.202326	0.215457	0.287868	0.275948	0.244241	0.247086	0.210052	0.197894	0.166889	0.131637	0.0764709	0.0381692	0.108161	0.0908748	0.119821	0.203963	0.156191	0.194314	0.216453	0.215714	0.242432	0.271211	0.258537	0.221424	0.241017	0.226263	0.173522	0.140934	0.152968	0.110352	0.141174	0.159246	0.188077	0.259204	0.168484	0.115834	0.134998	0.140163	0.115866	0.112078	0.095394	0.115339	0.100765	0.0511177	0.125637	0.182754	0.18862	0.218013	0.245999	0.336345	0.414614	0.460632	0.536869	0.509814	0.53823	0.578374	0.530458	0.524237	0.464875	0.415891	0.404932	0.39581	0.396918	0.378529	0.342614	0.305474	0.290427	0.301921	0.31447	0.33325	0.340263	0.343969	0.369181	0.371307	0.359144	0.365667	0.353605	0.361599	0.372911	0.399331	0.410884	0.383102	0.350911	0.340263	0.340263	0.336597	0.32318	0.289297	0.276695	0.313183	0.288429	0.264604	0.256112	0.255138	0.263172	0.262979	0.295416	0.302473	0.380538	0.440797	0.476781	0.480517	0.430011	0.381953	0.382514	0.362702	0.341638	0.310586	0.234672	0.173226	0.159729	0.119585	0.0736377	0.0235914	0.0201937	0.0401978	0.115587	0.0905267	0	0.0229658	0.0684044	0.104362	0.129436	0.208181	0.25825	0.272911	0.271877	0.306127	0.389236	0.404979	0.419349
0.635125	0.564498	0.494352	0.466325	0.408119	0.318509	0.303288	0.258252	0.192739	0.214025	0.160336	0.14172	0.160336	0.12676	0.160336	0.165946	0.173609	0.180683	0.11014	0.113379	0.113379	0.09507	0.0510968	0.0850284	0.113371	0.111728	0.121081	0.0384406	0.0789418	0.116861	0.11727	0.121081	0.129371	0.155027	0.134562	0.17698	0.192106	0.251477	0.314668	0.353955	0.465793	0.544446	0.522617	0.531833	0.530621	0.446418	0.38758	0.371993	0.335542	0.303288	0.263608	0.234936	0.172988	0.161586	0.19276	0.144694	0.113379	0.113379	0.138395	0.189082	0.219921	0.234079	0.269048	0.305277	0.30569	0.293194	0.299209	0.301298	0.259324	0.228518	0.217235	0.193547	0.187158	0.215642	0.232005	0.20857	0.177576	0.188908	0.169591	0.121781	0.113379	0.113379	0.113379	0.113379	0.113379	0.113379	0.113379	0.149628	0.206166	0.20889	0.168874	0.130663	0.165077	0.169447	0.140283	0.176826	0.216729	0.186408	0.161589	0.135091	0.175302	0.191646	0.161589	0.106279	0.126754	0.121048	0.069528	0.0950004	0.114218	0.108131	0.140289	0.167724	0.198399	0.209006	0.21678	0.196652	0.185662	0.18149	0.174168	0.202917	0.226757	0.226757	0.210685	0.15845	0.153737	0.212576	0.22321	0.280046	0.2446	0.206884	0.205794	0.179256	0.155027	0.0991997	0.0907437	0.105248	0.110789	0.141717	0.120654	0.141717	0.188382	0.193277	0.232005	0.259738	0.295469	0.334795	0.38655	0.42634	0.433695	0.440019	0.44798	0.42634	0.366419	0.345114	0.330854	0.325032	0.319323	0.331761	0.338054	0.258531	0.229815	0.267692	0.264619	0.235631	0.197396	0.188908	0.204392	0.169591	0.160589	0.216483	0.263061	0.273542	0.290781	0.31081	0.390002	0.469633	0.488653	0.564182	0.513607	0.514988	0.555128	0.489803	0.477732	0.399153	0.339331	0.356879	0.341996	0.33189	0.288741	0.232437	0.214183	0.2433	0.26627	0.276789	0.314675	0.340134	0.35496	0.385523	0.366012	0.341287	0.345114	0.370433	0.427285	0.446779	0.417056	0.365257	0.340134	0.340134	0.340134	0.340134	0.326673	0.319323	0.313671	0.302815	0.318509	0.311162	0.306927	0.303161	0.279159	0.292168	0.299753	0.305277	0.337616	0.389895	0.423351	0.445989	0.430597	0.397065	0.356318	0.3462	0.307788	0.26949	0.253519	0.228522	0.219921	0.163319	0.0975293	0.106279	0.0975293	0.0601263	0.0322487	0.116861	0.0934781	0	0.0253131	0.0708602	0.101518	0.15845	0.270753	0.313552	0.343064	0.372543	0.416018	0.445435	0.430762	0.453693
0.54086	0.476346	0.412018	0.39321	0.350564	0.268805	0.241455	0.220033	0.151926	0.163907	0.141663	0.120206	0.141663	0.102157	0.141663	0.122281	0.134498	0.214081	0.119492	0.0850018	0.0850018	0.111994	0.094499	0.0849957	0.113328	0.074245	0.117687	0.0709274	0.103125	0.115355	0.0552	0.117687	0.139133	0.128229	0.093455	0.111161	0.14346	0.225186	0.30201	0.310568	0.432997	0.495603	0.471536	0.473212	0.44886	0.417867	0.352364	0.285674	0.275997	0.241455	0.20058	0.199746	0.159932	0.176753	0.162697	0.102109	0.0850018	0.0850018	0.122284	0.165887	0.166212	0.176882	0.219465	0.240833	0.238833	0.229934	0.236455	0.261214	0.201929	0.187229	0.169719	0.144235	0.164567	0.171183	0.186355	0.159459	0.1444	0.162988	0.120066	0.0905454	0.0850018	0.0850018	0.0850018	0.0850018	0.0850018	0.0850018	0.0850018	0.140337	0.197494	0.169909	0.125691	0.0998716	0.147931	0.135647	0.113284	0.155085	0.203984	0.141142	0.148902	0.10351	0.157045	0.14524	0.148902	0.134205	0.121035	0.10228	0.139603	0.128364	0.0979205	0.114508	0.124378	0.130164	0.198323	0.221337	0.264017	0.221836	0.185904	0.155153	0.15539	0.174945	0.170003	0.170003	0.150263	0.108356	0.140789	0.195112	0.197295	0.248569	0.215767	0.203043	0.202489	0.175224	0.128087	0.0495817	0.0477704	0.075252	0.10498	0.12989	0.106474	0.130167	0.122721	0.143852	0.185919	0.193209	0.228222	0.253553	0.288203	0.315638	0.329964	0.338566	0.348698	0.361289	0.302338	0.269248	0.250724	0.243207	0.252852	0.260031	0.251771	0.1899	0.178435	0.246035	0.222107	0.174441	0.139613	0.162988	0.170587	0.120066	0.148193	0.190347	0.240206	0.246771	0.254338	0.276998	0.372898	0.454767	0.461818	0.54105	0.467724	0.463562	0.509866	0.448018	0.462418	0.419363	0.343938	0.370348	0.349297	0.331131	0.249263	0.197954	0.182364	0.19261	0.213356	0.233431	0.251235	0.255004	0.269474	0.298333	0.273847	0.257216	0.269248	0.306467	0.331786	0.334663	0.308719	0.271335	0.255004	0.255004	0.255004	0.255004	0.248843	0.252852	0.265537	0.281032	0.268805	0.255751	0.245761	0.256657	0.222552	0.213845	0.22353	0.240833	0.292306	0.31341	0.381864	0.409915	0.360695	0.333201	0.280579	0.270413	0.23733	0.204568	0.204314	0.172348	0.166212	0.143949	0.0977678	0.070932	0.0977678	0.0974864	0.0690567	0.115355	0.0682842	0	0.0471437	0.101533	0.0876679	0.160587	0.277056	0.282349	0.330894	0.338503	0.342547	0.355736	0.348711	0.385301
0.581104	0.481051	0.40053	0.382603	0.352743	0.270546	0.250534	0.230525	0.167858	0.181351	0.161462	0.141612	0.160214	0.117206	0.110601	0.06717	0.10644	0.202749	0.130174	0.113293	0.113293	0.120161	0.117201	0.104541	0.0986179	0.0424818	0.0986179	0.104541	0.125464	0.116772	0.0412856	0.0949934	0.155447	0.141609	0.10785	0.120581	0.175168	0.311865	0.390646	0.413588	0.510768	0.552988	0.541539	0.531072	0.470725	0.433466	0.361725	0.283222	0.281089	0.251135	0.23226	0.24053	0.221204	0.220294	0.161462	0.113293	0.128238	0.172282	0.206436	0.177441	0.139115	0.170232	0.206434	0.204236	0.233767	0.240742	0.245484	0.250334	0.192613	0.192613	0.177441	0.193395	0.238019	0.228784	0.20276	0.148863	0.151531	0.170522	0.122233	0.113293	0.113293	0.113293	0.113293	0.113293	0.113293	0.113293	0.113293	0.160214	0.194422	0.150533	0.123861	0.143374	0.192613	0.148863	0.126663	0.160214	0.165142	0.0539251	0.110601	0.0944692	0.102116	0.04478	0.113285	0.128229	0.116772	0.100131	0.169927	0.141606	0.0923157	0.114166	0.114166	0.130554	0.219831	0.255284	0.291068	0.241977	0.209081	0.160214	0.160214	0.160214	0.113293	0.113293	0.14442	0.200274	0.253325	0.283222	0.263413	0.281086	0.251132	0.192609	0.16665	0.150196	0.110601	0.108315	0.113293	0.113293	0.148863	0.20276	0.242198	0.295698	0.328472	0.356575	0.405518	0.450609	0.49158	0.525015	0.584906	0.653863	0.678912	0.652787	0.614822	0.62733	0.623485	0.636851	0.666919	0.666919	0.653018	0.647235	0.639051	0.641166	0.656922	0.65455	0.608265	0.573919	0.566445	0.561109	0.549918	0.546353	0.563782	0.578787	0.582154	0.573477	0.573477	0.583871	0.626683	0.644657	0.6221	0.632086	0.531543	0.515453	0.536698	0.456664	0.466757	0.434381	0.353871	0.367627	0.333298	0.316638	0.223899	0.184635	0.180241	0.174879	0.20251	0.221204	0.214064	0.206438	0.233557	0.253325	0.242198	0.264557	0.30124	0.310902	0.278946	0.284642	0.326021	0.339874	0.347027	0.354035	0.347027	0.326021	0.305703	0.30124	0.314428	0.330439	0.303061	0.308473	0.298731	0.29654	0.278946	0.241162	0.256475	0.323548	0.349754	0.345716	0.401029	0.405006	0.351035	0.330591	0.269622	0.228344	0.174879	0.163008	0.171403	0.122233	0.104545	0.133593	0.111955	0.0895651	0.116772	0.113285	0.0722053	0.102116	0.10785	0.128238	0.171113	0.223908	0.25114	0.323236	0.401657	0.405015	0.442401	0.444663	0.427773	0.449823	0.494015	0.513129
0.543831	0.427958	0.36256	0.360894	0.341641	0.252035	0.250438	0.212336	0.161713	0.181282	0.145744	0.141558	0.160153	0.111913	0.0762325	0.0300287	0.0922803	0.147785	0.104505	0.113249	0.113249	0.0895307	0.104501	0.117156	0.0608851	0.0141552	0.0608851	0.117156	0.139053	0.116727	0.0539018	0.0510397	0.143313	0.141555	0.100099	0.122186	0.212336	0.350473	0.410506	0.450533	0.510572	0.552776	0.55196	0.520579	0.431452	0.390495	0.3509	0.283114	0.263312	0.2421	0.232171	0.231089	0.221119	0.20119	0.145744	0.113249	0.134296	0.189921	0.201444	0.15827	0.143319	0.186997	0.199442	0.204158	0.26044	0.24065	0.237927	0.222249	0.192539	0.192539	0.177373	0.213982	0.245389	0.228696	0.186194	0.136149	0.160466	0.170457	0.120535	0.113249	0.113249	0.113249	0.113249	0.113249	0.113249	0.113249	0.113249	0.160153	0.182655	0.150476	0.131656	0.162946	0.192539	0.136149	0.126615	0.160153	0.120115	0.0500495	0.0762325	0.0922868	0.0633074	0.0721776	0.113241	0.100092	0.116727	0.12818	0.169861	0.141551	0.106399	0.114123	0.114123	0.158259	0.247209	0.282039	0.277564	0.241884	0.234311	0.160153	0.160153	0.160153	0.113249	0.113249	0.165084	0.215617	0.253228	0.283114	0.247626	0.260247	0.240436	0.133546	0.0985801	0.108266	0.0762325	0.106407	0.113249	0.113249	0.136149	0.186194	0.234538	0.284533	0.325896	0.354183	0.397376	0.446415	0.486474	0.519056	0.580556	0.651156	0.680715	0.66711	0.62236	0.622279	0.6197	0.631869	0.66546	0.66546	0.650616	0.646987	0.636607	0.64466	0.65667	0.644115	0.602737	0.573349	0.566228	0.556591	0.549708	0.547243	0.563566	0.582361	0.573608	0.573257	0.573257	0.583647	0.619044	0.618717	0.603551	0.580622	0.49056	0.493	0.500559	0.408299	0.427591	0.407557	0.340459	0.340311	0.305566	0.316516	0.25083	0.209001	0.201188	0.182659	0.211152	0.221119	0.222249	0.21492	0.233467	0.253228	0.246208	0.273396	0.307054	0.29761	0.278839	0.295585	0.328346	0.339744	0.347471	0.3539	0.347471	0.328346	0.313355	0.307054	0.331676	0.340468	0.286632	0.301123	0.314307	0.288896	0.278839	0.244371	0.26859	0.335585	0.335585	0.345584	0.380358	0.382456	0.361586	0.330464	0.262743	0.206115	0.156679	0.171337	0.162946	0.120535	0.130124	0.133542	0.094433	0.120115	0.172205	0.113241	0.0447629	0.0633074	0.100099	0.134296	0.184569	0.241062	0.284702	0.337666	0.410875	0.422299	0.442231	0.46217	0.43458	0.46369	0.52222	0.500277
0.478811	0.37665	0.349488	0.36076	0.320181	0.243452	0.240971	0.174745	0.158208	0.18259	0.134245	0.111869	0.0949209	0.0223729	0	0	0.0671188	0.110516	0.108232	0.113206	0.113206	0.113206	0.111869	0.0949209	0.0223729	0	0.0282996	0.113198	0.128132	0.116682	0.0721502	0.0300173	0.120897	0.0860699	0.0510203	0.133495	0.270338	0.383487	0.422133	0.422133	0.457304	0.512231	0.49057	0.437617	0.340339	0.340779	0.340779	0.302829	0.291375	0.281768	0.269416	0.237837	0.222165	0.184499	0.134245	0.120489	0.158208	0.18259	0.134245	0.128141	0.170982	0.194279	0.186926	0.213901	0.240345	0.161339	0.150086	0.150419	0.160404	0.180103	0.174745	0.200365	0.190109	0.143263	0.113206	0.14431	0.174745	0.0906067	0.0100058	0	0	0	0	0	0	0.0100058	0.0510203	0.16288	0.171269	0.140437	0.130075	0.160404	0.160092	0.113206	0.145689	0.181213	0.134245	0.113206	0.113206	0.106366	0.0728444	0.113198	0.125368	0.104461	0.117112	0.147729	0.183675	0.143257	0.120897	0.111865	0.116682	0.172139	0.226395	0.278177	0.264149	0.234433	0.233577	0.136088	0.120897	0.111865	0.0632834	0.108232	0.170392	0.170392	0.180382	0.230998	0.202355	0.220126	0.18121	0.0500305	0.0316417	0.114085	0.15821	0.20628	0.248545	0.298508	0.332615	0.339615	0.339615	0.339615	0.369002	0.425458	0.481947	0.538459	0.581713	0.622611	0.668809	0.679796	0.706441	0.775666	0.808213	0.832614	0.858481	0.843367	0.806666	0.813893	0.846919	0.832856	0.818797	0.828458	0.825068	0.828458	0.809638	0.792394	0.792394	0.78688	0.786433	0.787896	0.792456	0.779786	0.763178	0.767036	0.753342	0.756324	0.785916	0.778751	0.737217	0.694136	0.629715	0.61222	0.583416	0.526412	0.531801	0.460365	0.380738	0.355302	0.347322	0.368984	0.283001	0.223732	0.223732	0.201114	0.211072	0.220354	0.211072	0.158208	0.158208	0.202355	0.199367	0.215997	0.222165	0.184499	0.171272	0.170392	0.16773	0.200121	0.220361	0.212261	0.202607	0.183958	0.192466	0.210358	0.262632	0.27872	0.184494	0.167723	0.202596	0.170098	0.18259	0.161652	0.191161	0.280337	0.306119	0.35531	0.381399	0.370208	0.351479	0.280337	0.213901	0.211078	0.220361	0.202605	0.148749	0.0894968	0.126561	0.123762	0.0510203	0.0985427	0.184494	0.181213	0.134245	0.113206	0.120489	0.158208	0.242008	0.31275	0.32407	0.332606	0.400349	0.420235	0.440701	0.460692	0.437628	0.459173	0.46297	0.393165
0.436664	0.358543	0.335329	0.34241	0.282898	0.243359	0.223652	0.156559	0.172662	0.174678	0.128091	0.094361	0.0510007	0.0100019	0	0	0.0300058	0.0761744	0.106326	0.113163	0.113163	0.113163	0.094361	0.0510007	0.0100019	0	0.0282887	0.113155	0.100016	0.116638	0.100016	0.0670931	0.12085	0.0316282	0.0948846	0.192388	0.31406	0.4178	0.444145	0.400569	0.468796	0.524006	0.466979	0.425863	0.33006	0.340648	0.340648	0.320684	0.291264	0.275193	0.262542	0.219364	0.213819	0.170917	0.128091	0.122093	0.172662	0.174678	0.128091	0.134194	0.184429	0.186854	0.194204	0.22208	0.210991	0.145633	0.140384	0.150361	0.171204	0.201034	0.18252	0.191087	0.180313	0.136043	0.113163	0.164958	0.156559	0.090572	0.0223644	0	0	0	0	0	0	0.0223644	0.0948846	0.199282	0.160342	0.130025	0.140383	0.171204	0.160031	0.113163	0.161277	0.181144	0.128091	0.113163	0.113163	0.108191	0.123715	0.169732	0.138947	0.117067	0.104421	0.147672	0.197262	0.130022	0.12085	0.0985049	0.116638	0.172073	0.169732	0.264048	0.278071	0.248433	0.247626	0.178073	0.12085	0.0985049	0.101999	0.123719	0.170327	0.170327	0.190036	0.241911	0.210991	0.201037	0.14145	0.0922118	0.0761705	0.0990175	0.177238	0.214756	0.255594	0.308935	0.333089	0.339485	0.339485	0.339485	0.377439	0.432756	0.488361	0.544166	0.580113	0.624938	0.672134	0.679535	0.701909	0.762886	0.804678	0.824327	0.854415	0.846595	0.807349	0.815791	0.848247	0.828926	0.820192	0.82814	0.824752	0.82814	0.807349	0.79209	0.79209	0.785815	0.786132	0.788863	0.790383	0.774338	0.762886	0.763344	0.749592	0.756034	0.785615	0.767064	0.707862	0.673686	0.611092	0.582512	0.549278	0.52621	0.504966	0.398197	0.340651	0.32146	0.359086	0.368842	0.240045	0.201034	0.247429	0.220041	0.202278	0.230043	0.202278	0.147681	0.172662	0.210991	0.206198	0.215915	0.213819	0.170917	0.162821	0.170327	0.191087	0.215453	0.219366	0.21218	0.210283	0.196509	0.192392	0.23199	0.275181	0.278613	0.208842	0.180308	0.177231	0.143208	0.174678	0.167666	0.200288	0.335467	0.340651	0.363525	0.372225	0.341385	0.330211	0.250847	0.22208	0.22477	0.219366	0.186052	0.136045	0.120023	0.126513	0.111823	0.0948846	0.0608387	0.12168	0.181144	0.145633	0.113163	0.122093	0.172662	0.290741	0.34021	0.315815	0.341385	0.410558	0.440529	0.460079	0.460515	0.462792	0.458997	0.43746	0.393014
0.386196	0.384642	0.348796	0.288566	0.223567	0.210912	0.172596	0.1565	0.155215	0.060817	0	0	0	0	0.00999814	0.0509814	0.120811	0.185982	0.219283	0.226239	0.226239	0.21257	0.17202	0.128043	0.11312	0.11312	0.10815	0.14033	0.129976	0.120393	0.117022	0.104382	0.0984676	0.0316162	0.158081	0.240365	0.328866	0.408441	0.404878	0.34921	0.442618	0.484551	0.411004	0.376348	0.292686	0.313941	0.304075	0.272891	0.230174	0.20612	0.174612	0.158087	0.18245	0.134143	0.11312	0.143155	0.19232	0.148636	0.120398	0.158087	0.18245	0.174612	0.202201	0.210912	0.18245	0.143155	0.16276	0.200961	0.210912	0.220184	0.181075	0.181075	0.181075	0.134143	0.11312	0.119978	0.053843	0.110432	0.0948526	0.0509814	0.00999814	0.00999814	0.0509814	0.0943252	0.11312	0.116601	0.15997	0.218358	0.150304	0.13036	0.150304	0.143149	0.107681	0.0632351	0.121631	0.0894235	0	0	0	0.0538403	0.165494	0.192312	0.147616	0.148629	0.139974	0.171139	0.183808	0.120805	0.120805	0.0948486	0.120805	0.134506	0.134135	0.250544	0.28225	0.278868	0.29608	0.260141	0.212094	0.171142	0.160281	0.131503	0.138894	0.134506	0.135985	0.170256	0.143147	0.121631	0.107686	0.129976	0.15294	0.167602	0.247343	0.259956	0.277263	0.291498	0.294061	0.325524	0.339356	0.353778	0.384642	0.393505	0.41586	0.43409	0.460898	0.518559	0.543683	0.553072	0.573044	0.613887	0.690513	0.735851	0.733947	0.747975	0.806051	0.860328	0.846274	0.842724	0.861953	0.855844	0.860328	0.838503	0.79914	0.79179	0.79179	0.79964	0.813824	0.810379	0.818173	0.835816	0.837966	0.837428	0.837428	0.82474	0.800945	0.747167	0.706465	0.703698	0.666273	0.653778	0.629555	0.594691	0.531498	0.460894	0.449362	0.427121	0.430959	0.400043	0.310428	0.325673	0.343592	0.286305	0.252939	0.243267	0.164896	0.134143	0.181075	0.15997	0.141393	0.161213	0.15997	0.12647	0.141396	0.15997	0.141393	0.0894235	0.0399926	0.08061	0.129976	0.143149	0.139254	0.20244	0.252332	0.260709	0.205867	0.178847	0.145572	0.101963	0.119978	0.134143	0.250752	0.356856	0.323816	0.300606	0.300606	0.279946	0.270686	0.220186	0.210912	0.16276	0.11312	0.11312	0.11312	0.16276	0.19232	0.17717	0.19232	0.143155	0.122047	0.17717	0.214675	0.226239	0.252348	0.319476	0.382026	0.360485	0.325517	0.39197	0.450019	0.450018	0.46088	0.459905	0.430378	0.381108	0.352211	0.304082
0.398272	0.384494	0.334033	0.252252	0.208691	0.202124	0.158027	0.174545	0.134464	0.080576	0	0	0	0	0.0223473	0.0948123	0.170196	0.202373	0.220109	0.226152	0.226152	0.216216	0.189632	0.134091	0.113077	0.113077	0.106245	0.129926	0.140276	0.0921443	0.104342	0.116978	0.0607923	0.0859714	0.210112	0.265548	0.354468	0.421287	0.404723	0.373406	0.442449	0.471409	0.410847	0.363787	0.303959	0.313821	0.292574	0.261572	0.250055	0.199139	0.15644	0.17253	0.174545	0.127994	0.113077	0.162697	0.192246	0.135942	0.122	0.17253	0.174545	0.182381	0.210831	0.202124	0.174545	0.138849	0.171076	0.219874	0.202124	0.20988	0.181006	0.181006	0.181006	0.127994	0.113077	0.0893943	0.0499733	0.0761163	0.110391	0.0948123	0.0223473	0.0223473	0.0948123	0.111741	0.113077	0.116556	0.159909	0.206034	0.150246	0.13031	0.150246	0.109937	0.0824138	0.101921	0.099943	0.0399773	0	0	0	0.0942831	0.192238	0.16543	0.14756	0.18777	0.161152	0.16022	0.133338	0.120758	0.120758	0.0948123	0.120758	0.0639926	0.107639	0.223472	0.243371	0.254801	0.284262	0.249856	0.230086	0.200134	0.171073	0.167531	0.180169	0.176811	0.121992	0.113949	0.129923	0.099943	0.0999465	0.104346	0.177096	0.230734	0.26291	0.271878	0.282156	0.291387	0.303971	0.327846	0.339226	0.355895	0.384494	0.397899	0.425202	0.438047	0.471435	0.524489	0.546773	0.555743	0.572476	0.608422	0.679752	0.733666	0.735569	0.743672	0.808712	0.861623	0.842401	0.84595	0.859999	0.855516	0.861623	0.834361	0.798584	0.791487	0.791487	0.800083	0.813513	0.810069	0.819567	0.837645	0.835496	0.837107	0.837107	0.814922	0.782473	0.733117	0.701939	0.693132	0.661505	0.643674	0.612914	0.569759	0.506663	0.455924	0.438388	0.408305	0.396006	0.370326	0.325392	0.332229	0.319976	0.271878	0.252842	0.215288	0.144144	0.145522	0.181006	0.126422	0.141339	0.184283	0.159909	0.126422	0.141342	0.159909	0.101924	0.0399773	0.0893893	0.100442	0.140276	0.15515	0.16543	0.202362	0.238392	0.26061	0.205788	0.178778	0.121585	0.101924	0.119932	0.134091	0.280016	0.333569	0.335211	0.300491	0.300491	0.279839	0.240071	0.229868	0.202124	0.1431	0.113077	0.113077	0.113077	0.1431	0.192246	0.177103	0.192246	0.162697	0.120352	0.158029	0.206044	0.226152	0.263863	0.339367	0.364758	0.342149	0.342149	0.419873	0.449847	0.429864	0.471417	0.480131	0.402881	0.371942	0.343461	0.281446
0.259751	0.213575	0.205966	0.226067	0.214511	0.177035	0.120719	0.110348	0.0509425	0.120712	0.0299715	0	0.0299715	0.0760875	0.139155	0.211932	0.229998	0.172465	0.121954	0.113034	0.113034	0.134041	0.18956	0.216134	0.199817	0.14409	0.120306	0.162635	0.171011	0.121954	0.111699	0.0947761	0.0223401	0.145461	0.241423	0.304331	0.385882	0.430385	0.413957	0.395211	0.432814	0.443405	0.398854	0.357	0.286078	0.252735	0.232365	0.219102	0.215196	0.129876	0.12988	0.180937	0.145467	0.113034	0.13589	0.192173	0.162635	0.113034	0.134041	0.180937	0.145467	0.159848	0.171008	0.130259	0.120301	0.107604	0.159848	0.174473	0.133288	0.148516	0.116933	0.120712	0.094247	0	0	0	0	0	0.0670163	0.110348	0.108067	0.116512	0.159848	0.141288	0.113034	0.143046	0.192173	0.210037	0.170132	0.152827	0.170132	0.12988	0.107604	0.141285	0.121541	0.113034	0.0893604	0.0499507	0.0947803	0.180107	0.223391	0.180934	0.180934	0.227813	0.180934	0.159848	0.141288	0.119886	0.0893551	0.0670163	0.110348	0.108067	0.141288	0.221822	0.249962	0.291271	0.331045	0.317505	0.319855	0.329538	0.307768	0.291271	0.289895	0.292468	0.278308	0.26808	0.278308	0.250368	0.226067	0.252156	0.337024	0.36311	0.319855	0.30336	0.300552	0.304347	0.295191	0.291278	0.31861	0.327721	0.330751	0.350812	0.376076	0.395229	0.415902	0.429131	0.45146	0.471257	0.509424	0.565857	0.593407	0.605477	0.641415	0.671443	0.671367	0.65967	0.65793	0.673593	0.677361	0.687524	0.687524	0.678172	0.678172	0.678172	0.678172	0.680522	0.687524	0.699326	0.73989	0.762016	0.765349	0.764761	0.728745	0.706566	0.702598	0.684102	0.653054	0.621095	0.580823	0.55409	0.54574	0.527514	0.500426	0.496019	0.483281	0.447353	0.436165	0.433754	0.417217	0.376608	0.30842	0.259758	0.252746	0.233023	0.226067	0.214511	0.177035	0.121954	0.159848	0.184212	0.121538	0.099905	0.109895	0.0947761	0.0223388	0.039962	0.126368	0.0537991	0.113905	0.134403	0.162627	0.198298	0.220009	0.243889	0.210742	0.165367	0.111699	0.134041	0.174481	0.202296	0.301205	0.322178	0.32526	0.302362	0.310345	0.289895	0.264515	0.252941	0.177035	0.156381	0.199817	0.199817	0.14409	0.116512	0.159848	0.141288	0.161093	0.18956	0.212408	0.233238	0.269937	0.326195	0.379777	0.417217	0.417217	0.426795	0.433754	0.441389	0.429584	0.409726	0.442399	0.407522	0.290409	0.271399	0.231725	0.170132
0.240512	0.221742	0.214429	0.22598	0.205888	0.157909	0.11387	0.0760584	0.0509231	0.120666	0.0669909	0	0.0669909	0.110306	0.170068	0.229911	0.211851	0.157907	0.12026	0.112991	0.112991	0.127896	0.171823	0.212327	0.215125	0.164707	0.121907	0.170946	0.162573	0.12026	0.0942173	0.0509231	0.0805129	0.170648	0.241332	0.357281	0.411745	0.430222	0.426614	0.407487	0.420019	0.417279	0.398702	0.369495	0.262705	0.203686	0.219019	0.232277	0.215114	0.140169	0.151127	0.180868	0.133989	0.112991	0.148466	0.1921	0.142991	0.112991	0.145411	0.180868	0.133989	0.159787	0.160098	0.110307	0.131353	0.121495	0.159787	0.140169	0.133237	0.135831	0.104262	0.120666	0.0537787	0	0	0	0	0	0.0299601	0.0760584	0.106164	0.116468	0.159787	0.141234	0.112991	0.162573	0.1921	0.19001	0.170068	0.152769	0.170068	0.125137	0.0998704	0.141232	0.139814	0.112991	0.11984	0.148458	0.152765	0.189747	0.200728	0.180865	0.180865	0.227727	0.180865	0.159787	0.141234	0.0893263	0.0399468	0.0299601	0.0760584	0.106164	0.141234	0.189747	0.215586	0.274227	0.313589	0.317384	0.312796	0.329412	0.331973	0.309747	0.289785	0.268903	0.278202	0.267977	0.278202	0.259659	0.22598	0.263662	0.353082	0.354633	0.312796	0.303244	0.306353	0.304231	0.290308	0.299274	0.324075	0.325152	0.330624	0.356879	0.382767	0.414298	0.420987	0.434051	0.461772	0.482372	0.515457	0.571254	0.59318	0.603596	0.636174	0.670889	0.667535	0.659418	0.658587	0.673336	0.679161	0.687261	0.687261	0.677913	0.677913	0.677913	0.677913	0.680262	0.687261	0.703608	0.748451	0.761725	0.767398	0.759234	0.721038	0.706295	0.695482	0.680039	0.642645	0.608202	0.572298	0.545168	0.545532	0.518156	0.49583	0.500235	0.476445	0.437716	0.424879	0.426633	0.417058	0.361878	0.291681	0.250272	0.25265	0.232934	0.22598	0.205888	0.157909	0.12026	0.159787	0.161029	0.099867	0.121492	0.100366	0.0509231	0.00998671	0.0893212	0.12632	0.0299601	0.113862	0.120251	0.148458	0.198223	0.205873	0.216037	0.224415	0.139095	0.0942173	0.127896	0.163799	0.202219	0.312149	0.322055	0.302247	0.325136	0.32097	0.289785	0.272585	0.230565	0.157909	0.174413	0.215125	0.215125	0.164707	0.116468	0.159787	0.141234	0.145411	0.171823	0.216052	0.234003	0.281411	0.335714	0.384331	0.417058	0.417058	0.433588	0.426633	0.407378	0.419554	0.409571	0.409933	0.361726	0.279803	0.249865	0.209957	0.170068
0.172009	0.170408	0.120035	0.0847106	0.0749941	0.0476067	0.015174	0	0.0282349	0.112939	0.101752	0.0568909	0.120034	0.148692	0.170408	0.194443	0.147865	0.117871	0.12854	0.159053	0.169421	0.159053	0.12854	0.0872492	0.129721	0.126569	0.0825758	0.105871	0.0706845	0.0223617	0.0568909	0.0795267	0.126569	0.187967	0.264584	0.391793	0.415202	0.415202	0.428755	0.409601	0.390431	0.3824	0.375005	0.328467	0.207517	0.182991	0.231358	0.24724	0.224354	0.169776	0.177577	0.185717	0.163612	0.169421	0.16835	0.148392	0.0929336	0.0847106	0.0974329	0.0971524	0.0514256	0.12062	0.100689	0.0705424	0.110869	0.0936279	0.117284	0.0904158	0.117284	0.111075	0.0939789	0.104439	0.030205	0.0308953	0.0373773	0.0223617	0.015174	0.0476067	0.0749941	0.0749941	0.0543806	0.065912	0.144011	0.119794	0.0957299	0.154622	0.154622	0.154622	0.154622	0.142923	0.147367	0.0929336	0.0847106	0.111611	0.0941753	0.0223617	0.137212	0.200803	0.171037	0.147743	0.160739	0.183252	0.176641	0.209871	0.157289	0.105871	0.0706845	0	0	0	0.007587	0.0382953	0.0977273	0.135013	0.113177	0.17494	0.232126	0.248186	0.250485	0.289086	0.332971	0.348778	0.340376	0.307263	0.310359	0.304734	0.310359	0.330649	0.338839	0.357164	0.377902	0.334423	0.300134	0.292885	0.298011	0.287934	0.264678	0.240423	0.225206	0.233913	0.25735	0.265023	0.297101	0.324249	0.287809	0.287809	0.283001	0.225527	0.186139	0.186139	0.147961	0.177051	0.22323	0.248823	0.272908	0.297311	0.287127	0.307263	0.314239	0.317266	0.290197	0.25413	0.25413	0.264784	0.296958	0.328614	0.347002	0.371329	0.408886	0.393931	0.390067	0.390737	0.416066	0.439679	0.436286	0.439232	0.417646	0.41288	0.392756	0.3795	0.379576	0.354452	0.364249	0.378827	0.349265	0.343512	0.360067	0.346724	0.287177	0.211521	0.213113	0.239974	0.23106	0.185867	0.169421	0.169421	0.169421	0.169421	0.174346	0.140117	0.0873675	0.129721	0.099964	0.0847106	0.0847106	0.111611	0.0941753	0.0469822	0.107159	0.12082	0.147743	0.194501	0.201022	0.215032	0.230467	0.174346	0.169421	0.169421	0.18047	0.222681	0.323233	0.32442	0.295191	0.325928	0.305411	0.252755	0.232125	0.187154	0.169421	0.174346	0.140117	0.139781	0.16214	0.112732	0.148392	0.16835	0.185867	0.213113	0.252703	0.273512	0.334953	0.36723	0.400026	0.414818	0.389028	0.376371	0.341846	0.309622	0.32133	0.307629	0.300244	0.265532	0.198503	0.154243	0.130885	0.102772
0.21413	0.204836	0.142245	0.107675	0.0898442	0.0716177	0.0363117	0.0475885	0.0837013	0.141124	0.151344	0.135047	0.180155	0.18616	0.189617	0.20418	0.162078	0.136329	0.136019	0.165245	0.20573	0.20623	0.1615	0.106846	0.127307	0.0993445	0.0316132	0.0417894	0.096005	0.180772	0.23981	0.282602	0.326174	0.381856	0.459269	0.544043	0.556421	0.556421	0.584218	0.561411	0.505905	0.476819	0.441239	0.366236	0.304644	0.313674	0.318831	0.312615	0.300035	0.28184	0.28478	0.266815	0.245219	0.26354	0.247882	0.173095	0.120414	0.112904	0.0971207	0.0822275	0.105055	0.121029	0.062396	0.0815671	0.112847	0.12165	0.136608	0.119988	0.12652	0.118598	0.11525	0.0919153	0.0676581	0.0955759	0.0978886	0.0973367	0.111906	0.167448	0.191143	0.186777	0.167496	0.200956	0.255488	0.221043	0.226738	0.27842	0.281088	0.287793	0.290422	0.279758	0.245692	0.194195	0.156959	0.100505	0.0508828	0.0639094	0.167828	0.185148	0.171012	0.152517	0.18278	0.214072	0.179736	0.180678	0.131527	0.0743513	0.0270127	0.0475885	0.0749655	0.0846782	0.0998177	0.154764	0.186807	0.226686	0.24243	0.332024	0.431288	0.48842	0.510922	0.547987	0.599165	0.655324	0.717748	0.749722	0.749632	0.763014	0.799584	0.847778	0.87494	0.858688	0.819228	0.768759	0.722694	0.695472	0.683783	0.645282	0.599686	0.557797	0.549582	0.573583	0.574712	0.55285	0.556798	0.541469	0.508836	0.488767	0.424291	0.350836	0.333557	0.313479	0.282259	0.325045	0.416627	0.487214	0.546891	0.56904	0.575676	0.580896	0.576591	0.57568	0.537948	0.508056	0.518892	0.556225	0.617135	0.668665	0.708373	0.754159	0.782099	0.784741	0.794287	0.808077	0.834818	0.835896	0.796867	0.757485	0.741353	0.74308	0.729853	0.722253	0.722069	0.72964	0.759721	0.764362	0.730563	0.729854	0.734344	0.673948	0.576358	0.51951	0.540901	0.567318	0.537948	0.494385	0.479832	0.479832	0.479832	0.479832	0.453588	0.39742	0.353473	0.330523	0.297728	0.282259	0.282259	0.257537	0.202067	0.184654	0.222287	0.240763	0.248668	0.27493	0.315188	0.358312	0.388273	0.403852	0.400557	0.416865	0.470227	0.525255	0.576882	0.580916	0.555522	0.544921	0.519322	0.462814	0.432623	0.405267	0.395159	0.346413	0.247882	0.230706	0.274897	0.24113	0.243627	0.305545	0.388259	0.479991	0.552434	0.622615	0.702321	0.742121	0.785287	0.79241	0.758229	0.710355	0.659433	0.606179	0.531131	0.463432	0.400024	0.302404	0.193197	0.110758	0.0799973	0.108859
0.207849	0.153224	0.0494656	0.0276358	0.0883837	0.0905997	0.0585649	0.0903292	0.117244	0.159604	0.147572	0.119799	0.1387	0.108398	0.12921	0.153481	0.114201	0.0660675	0.0378798	0.0903003	0.0759674	0.096769	0.123792	0.106457	0.1337	0.105618	0.0795343	0.102701	0.163385	0.232833	0.252613	0.271312	0.333357	0.401205	0.45243	0.517843	0.52023	0.52023	0.545224	0.482653	0.411443	0.396862	0.364722	0.314364	0.302058	0.282201	0.242198	0.249467	0.246702	0.224464	0.192959	0.136561	0.108698	0.118232	0.111659	0.0752796	0.0299562	0.0282154	0.0234747	0.0676471	0.119007	0.0696796	0.0158899	0.0769663	0.140232	0.148199	0.137955	0.118746	0.0942193	0.113289	0.103119	0.0692935	0.0966457	0.0948695	0.0764017	0.100619	0.14219	0.176115	0.148638	0.147189	0.145272	0.20808	0.222186	0.162764	0.181474	0.225393	0.22162	0.236721	0.233872	0.206957	0.16417	0.132899	0.110181	0.0453421	0.00997528	0.0978444	0.157968	0.153204	0.178036	0.142023	0.176343	0.194245	0.159491	0.127919	0.10359	0.0813771	0.0200939	0.0903292	0.104767	0.112861	0.129424	0.17342	0.151522	0.185132	0.19818	0.25272	0.313714	0.36625	0.367628	0.37743	0.418315	0.462935	0.534703	0.585979	0.579084	0.592205	0.641061	0.670122	0.677138	0.650305	0.625265	0.612758	0.57204	0.549832	0.529216	0.470835	0.430499	0.420571	0.43594	0.43228	0.419209	0.425114	0.420914	0.37643	0.347598	0.305525	0.232636	0.212059	0.233872	0.193262	0.16252	0.201425	0.273082	0.309594	0.358432	0.363859	0.368687	0.357754	0.351534	0.343538	0.317498	0.310366	0.326415	0.367134	0.407258	0.434456	0.484299	0.53082	0.533491	0.528524	0.537542	0.545912	0.537869	0.508412	0.458153	0.418019	0.416315	0.430964	0.43967	0.455558	0.488205	0.515858	0.545197	0.525318	0.482214	0.488283	0.49457	0.454416	0.418329	0.407957	0.422301	0.419698	0.408895	0.398409	0.395009	0.395009	0.395009	0.395009	0.38802	0.373915	0.363146	0.333937	0.281153	0.253937	0.253937	0.246984	0.232883	0.229133	0.241621	0.254229	0.254245	0.254049	0.287066	0.323399	0.340167	0.326764	0.289751	0.31828	0.378225	0.414759	0.469469	0.478541	0.449959	0.444747	0.427163	0.363298	0.334844	0.302298	0.282152	0.254914	0.187423	0.154302	0.20065	0.183937	0.15168	0.191065	0.277058	0.353665	0.404052	0.464085	0.503923	0.505455	0.527863	0.523389	0.509631	0.48391	0.458637	0.432766	0.390707	0.359043	0.296425	0.185967	0.0954355	0.0395021	0.0318847	0.12491
0.201117	0.137043	0.0228428	0.038885	0.112863	0.0915064	0.0775906	0.105578	0.100026	0.127677	0.083634	0.0877331	0.113688	0.0565065	0.0981073	0.141842	0.159082	0.17031	0.183183	0.225834	0.254229	0.265902	0.271431	0.244066	0.24721	0.24929	0.255019	0.269797	0.300956	0.337417	0.34388	0.370374	0.431306	0.473803	0.504656	0.563307	0.563191	0.548435	0.554538	0.483832	0.42265	0.396849	0.344368	0.304327	0.282261	0.236933	0.216991	0.236425	0.22387	0.203375	0.159561	0.108282	0.124532	0.119973	0.100213	0.0976166	0.0846138	0.0846138	0.0846138	0.0976166	0.108218	0.0651895	0.069367	0.0981558	0.168522	0.171949	0.145094	0.123859	0.102239	0.145811	0.126927	0.100029	0.137644	0.114285	0.100423	0.118004	0.166133	0.171311	0.122355	0.131548	0.147947	0.207929	0.17916	0.150374	0.192684	0.207751	0.191807	0.195061	0.178398	0.140286	0.111139	0.108326	0.126885	0.0729755	0.0214339	0.113499	0.145897	0.143515	0.183441	0.141012	0.16067	0.172906	0.166437	0.127834	0.13592	0.170296	0.159635	0.163973	0.140312	0.156281	0.185921	0.182858	0.144253	0.182651	0.221034	0.234099	0.232794	0.266712	0.301646	0.311855	0.324771	0.337835	0.363139	0.405082	0.44439	0.461754	0.474139	0.479467	0.484856	0.505074	0.524159	0.495076	0.459669	0.46515	0.454891	0.433554	0.424757	0.419928	0.405082	0.362853	0.333875	0.319989	0.279662	0.221142	0.182325	0.0998489	0.0524586	0.106291	0.1186	0.0777493	0.106875	0.182687	0.238512	0.224569	0.225044	0.226317	0.245089	0.236208	0.254536	0.252264	0.241946	0.27918	0.313752	0.338571	0.35419	0.358733	0.376669	0.388549	0.380319	0.379889	0.35648	0.322563	0.3035	0.27292	0.259928	0.279214	0.300616	0.297041	0.295159	0.327083	0.356123	0.362541	0.367212	0.305243	0.291328	0.342584	0.354183	0.342138	0.338452	0.331222	0.323757	0.314334	0.328182	0.338452	0.338452	0.338452	0.360226	0.402466	0.423062	0.417737	0.391763	0.347305	0.317377	0.310248	0.310248	0.299994	0.269057	0.236596	0.242063	0.271922	0.2827	0.275496	0.285926	0.306832	0.31351	0.325199	0.359322	0.398682	0.415643	0.429322	0.474505	0.467716	0.40962	0.378474	0.347661	0.287986	0.278656	0.249573	0.205574	0.20557	0.195316	0.148153	0.172568	0.199417	0.197432	0.210806	0.261571	0.291857	0.331367	0.366394	0.375473	0.383713	0.393694	0.359352	0.34388	0.342668	0.322097	0.278277	0.244753	0.227605	0.17318	0.118546	0.0785566	0.0390664	0.10732	0.17496
0.155055	0.12814	0.0568014	0.064704	0.116238	0.0896861	0.101169	0.0880647	0.107702	0.120437	0.0382359	0.0845755	0.112767	0.0392607	0.0598061	0.118394	0.174368	0.21248	0.22555	0.257243	0.312999	0.333431	0.327163	0.292326	0.288667	0.306149	0.309804	0.320409	0.343276	0.381583	0.382431	0.421502	0.483816	0.504327	0.531935	0.582437	0.588834	0.55519	0.553409	0.492228	0.430008	0.39132	0.324525	0.294918	0.257064	0.22181	0.226876	0.22453	0.205627	0.203298	0.159482	0.116246	0.156332	0.123986	0.124488	0.0970098	0.112775	0.112775	0.112775	0.0970098	0.0777187	0.0947675	0.105713	0.126085	0.166569	0.170089	0.138571	0.126079	0.133846	0.167975	0.140965	0.112561	0.149846	0.129134	0.112775	0.1316	0.179949	0.161017	0.120277	0.128669	0.158957	0.203956	0.161017	0.168688	0.203304	0.203614	0.191734	0.176376	0.169744	0.125895	0.107208	0.124488	0.14462	0.101169	0.0710434	0.116238	0.143198	0.143751	0.162995	0.140959	0.134371	0.155438	0.145559	0.109553	0.137657	0.188075	0.204671	0.174368	0.151827	0.183258	0.205252	0.174368	0.148384	0.183801	0.241279	0.240885	0.22555	0.248743	0.295157	0.319711	0.317623	0.324933	0.338322	0.368946	0.425009	0.451092	0.451092	0.451092	0.458485	0.498388	0.523221	0.481146	0.451972	0.464973	0.458952	0.451092	0.451092	0.444167	0.410985	0.360876	0.331438	0.299038	0.238497	0.170471	0.105894	0.0382359	0.0382167	0.108235	0.08223	0.0882527	0.144411	0.197349	0.233155	0.220191	0.216615	0.224585	0.246858	0.230738	0.252168	0.252168	0.252265	0.304307	0.33947	0.35662	0.366511	0.366511	0.362616	0.367459	0.371327	0.36759	0.325027	0.275315	0.26321	0.240885	0.242265	0.280151	0.302404	0.288426	0.291632	0.332316	0.340534	0.344461	0.328393	0.264356	0.273054	0.345315	0.34672	0.338322	0.338322	0.324933	0.306087	0.309804	0.326105	0.338322	0.338322	0.338322	0.37323	0.428733	0.451092	0.444399	0.414835	0.363312	0.338322	0.338322	0.338322	0.326105	0.290612	0.242265	0.242004	0.275746	0.288052	0.293319	0.290842	0.305945	0.319891	0.332223	0.406218	0.440319	0.445772	0.458307	0.490439	0.47813	0.401196	0.361466	0.323152	0.277557	0.277672	0.244729	0.209563	0.203304	0.200191	0.170331	0.159734	0.201836	0.22555	0.228488	0.270784	0.304569	0.344016	0.366715	0.376642	0.383235	0.37917	0.339039	0.329993	0.333105	0.299038	0.248743	0.21875	0.188075	0.137657	0.112775	0.110097	0.140959	0.171208	0.204193
0.126918	0.112573	0.0642592	0.0809626	0.112962	0.0851172	0.11574	0.0911313	0.119523	0.0969674	0.00757255	0.0615741	0.127251	0.161536	0.184888	0.227759	0.280556	0.306648	0.310011	0.332953	0.384107	0.425002	0.43958	0.435474	0.449727	0.439581	0.415603	0.434426	0.464795	0.480291	0.480012	0.514275	0.540558	0.546944	0.570059	0.591933	0.582024	0.535896	0.533409	0.475409	0.420077	0.384201	0.33612	0.321919	0.283264	0.264189	0.269253	0.245616	0.231038	0.229218	0.16965	0.139326	0.183811	0.140915	0.167054	0.118858	0.112732	0.112732	0.0982258	0.0704577	0.0783229	0.116618	0.110054	0.120847	0.174245	0.196899	0.189717	0.188936	0.199852	0.214256	0.192754	0.182949	0.186143	0.143467	0.118208	0.151328	0.181825	0.139332	0.125438	0.159349	0.194142	0.191778	0.15996	0.186943	0.186943	0.185481	0.168481	0.12673	0.111398	0.0429207	0.0382223	0.107164	0.143703	0.124193	0.110725	0.115543	0.138865	0.135017	0.158384	0.161385	0.159311	0.196099	0.192994	0.188688	0.202706	0.215151	0.236818	0.265853	0.278144	0.267899	0.233908	0.211771	0.206306	0.227662	0.268646	0.24726	0.225464	0.23088	0.248486	0.290903	0.321214	0.33455	0.338193	0.345311	0.364688	0.398781	0.435425	0.45092	0.447756	0.456445	0.459851	0.452781	0.46296	0.485053	0.467262	0.445598	0.419608	0.380727	0.356018	0.34359	0.315965	0.250362	0.161431	0.0800605	0.0273041	0.00757255	0.042902	0.10308	0.0748796	0.108116	0.163965	0.167274	0.204964	0.217505	0.23525	0.266646	0.304023	0.311941	0.346265	0.356351	0.368764	0.40175	0.421082	0.444078	0.462534	0.452578	0.409956	0.390573	0.368783	0.3133	0.260012	0.231856	0.237599	0.227881	0.224478	0.2493	0.258499	0.242337	0.26943	0.308226	0.281049	0.278958	0.258661	0.220825	0.252766	0.296115	0.255881	0.243173	0.253646	0.250009	0.263053	0.285708	0.282445	0.307076	0.332882	0.354327	0.391341	0.385733	0.366375	0.370642	0.396902	0.417158	0.422739	0.422739	0.402158	0.371544	0.360511	0.325804	0.298526	0.308775	0.312108	0.320819	0.313295	0.3044	0.328778	0.375333	0.41381	0.418724	0.429026	0.443919	0.457943	0.429328	0.360995	0.330198	0.300398	0.279673	0.239737	0.166062	0.176563	0.203226	0.187241	0.179084	0.139387	0.134055	0.140915	0.150843	0.217957	0.263002	0.290472	0.302191	0.316831	0.319461	0.317078	0.283539	0.274171	0.262128	0.238187	0.23088	0.218449	0.183731	0.12096	0.0587076	0.121873	0.221669	0.223904	0.226299
0.125983	0.106972	0.0382067	0.084511	0.112681	0.084511	0.130618	0.133624	0.114151	0.0507859	0	0.0473724	0.143651	0.2114	0.233097	0.276746	0.321284	0.338064	0.338064	0.363035	0.414518	0.460008	0.478295	0.487538	0.505716	0.475174	0.450966	0.481807	0.505716	0.505657	0.523076	0.544077	0.553083	0.569986	0.577923	0.578318	0.559679	0.524643	0.515069	0.457948	0.418085	0.374743	0.340003	0.324779	0.287832	0.275535	0.277313	0.250648	0.238478	0.226964	0.159612	0.154349	0.191587	0.148965	0.180385	0.1315	0.112689	0.112689	0.105633	0.0658253	0.0945637	0.104907	0.120311	0.142367	0.19458	0.216862	0.224785	0.215011	0.214843	0.236596	0.215913	0.209346	0.187932	0.137552	0.12104	0.167846	0.17575	0.12857	0.1315	0.183118	0.205096	0.174235	0.165423	0.191587	0.17575	0.180385	0.148718	0.0969358	0.0597604	0.0125795	0.0125795	0.0821673	0.13261	0.139435	0.120345	0.120345	0.133133	0.117374	0.162221	0.1652	0.17336	0.214843	0.211773	0.218583	0.225378	0.225378	0.252072	0.304075	0.319345	0.284872	0.240369	0.225378	0.225378	0.247638	0.27746	0.244542	0.225378	0.225378	0.232654	0.27095	0.31853	0.338064	0.338064	0.338064	0.345563	0.386786	0.432837	0.450748	0.443828	0.439983	0.441621	0.44406	0.469097	0.491995	0.46747	0.44406	0.414518	0.363035	0.338064	0.338064	0.317794	0.263009	0.181829	0.10102	0.0190938	0	0.0251591	0.0879975	0.101091	0.11615	0.18796	0.211746	0.230583	0.246093	0.266507	0.3102	0.348741	0.360655	0.382139	0.395408	0.412258	0.435522	0.452703	0.476007	0.497813	0.476623	0.41886	0.387172	0.346465	0.269537	0.23946	0.218674	0.225233	0.228416	0.218674	0.23946	0.23877	0.227128	0.274851	0.299464	0.249947	0.244292	0.23904	0.218938	0.258069	0.266063	0.227128	0.214252	0.225378	0.225378	0.256469	0.27746	0.270766	0.304075	0.331497	0.363035	0.396662	0.36417	0.338064	0.345264	0.382661	0.430798	0.450748	0.450748	0.428405	0.391251	0.383177	0.361916	0.323054	0.31738	0.321358	0.329742	0.321061	0.309567	0.324061	0.395711	0.412521	0.414129	0.420065	0.442766	0.437726	0.398544	0.348467	0.31276	0.290621	0.280661	0.218583	0.147063	0.147063	0.203148	0.19564	0.180385	0.141863	0.112689	0.112689	0.125989	0.203143	0.251965	0.277447	0.296525	0.321016	0.329101	0.314302	0.26577	0.250648	0.23946	0.219055	0.225378	0.219055	0.196195	0.154269	0.109603	0.169619	0.250691	0.266116	0.258955
0.118781	0.0758227	0.00756677	0.070496	0.113453	0.0969567	0.128753	0.161594	0.15441	0.162082	0.168969	0.194075	0.226461	0.247001	0.300396	0.347336	0.371384	0.413224	0.465417	0.491624	0.491972	0.494889	0.505033	0.511596	0.522365	0.528898	0.543475	0.56252	0.557256	0.554476	0.569684	0.570233	0.582604	0.584471	0.547862	0.543317	0.548273	0.518843	0.482678	0.423929	0.400065	0.371734	0.368871	0.361037	0.323328	0.302022	0.297879	0.273045	0.267307	0.256194	0.21308	0.199314	0.180148	0.139085	0.186001	0.190701	0.166652	0.129381	0.138418	0.138763	0.144203	0.142023	0.179818	0.201761	0.25134	0.272335	0.276876	0.265899	0.269856	0.289224	0.262812	0.235065	0.214987	0.202552	0.194619	0.19345	0.15441	0.116365	0.13478	0.173537	0.148425	0.132938	0.163501	0.175906	0.136195	0.127797	0.102389	0.0939302	0.0895697	0.0577205	0.0246916	0.0520157	0.112555	0.146734	0.125902	0.139571	0.149886	0.122927	0.17051	0.198671	0.224295	0.272428	0.296717	0.30809	0.309775	0.31517	0.341781	0.357893	0.338843	0.32365	0.313172	0.309775	0.309775	0.30469	0.279824	0.235794	0.225292	0.225292	0.226988	0.235816	0.24816	0.253453	0.253453	0.269684	0.305388	0.323888	0.298827	0.30347	0.344043	0.352361	0.321184	0.309293	0.343838	0.333557	0.275063	0.236417	0.241232	0.240644	0.192966	0.13498	0.145928	0.190238	0.179195	0.140078	0.0573977	0.0151335	0.00477901	0.0652246	0.114762	0.119671	0.209226	0.271971	0.295416	0.328352	0.366665	0.408234	0.419224	0.411373	0.431521	0.480073	0.511005	0.536674	0.542299	0.537597	0.525273	0.475224	0.441933	0.437175	0.396015	0.322823	0.279824	0.237044	0.216233	0.204271	0.191401	0.213775	0.211452	0.215737	0.256089	0.254685	0.211262	0.232274	0.23907	0.20579	0.21432	0.199182	0.17509	0.147272	0.151586	0.183984	0.22027	0.206084	0.196467	0.23204	0.25231	0.29779	0.316947	0.310611	0.35006	0.403454	0.432893	0.434821	0.408601	0.376659	0.374261	0.365355	0.363165	0.360187	0.328118	0.312408	0.297288	0.309551	0.317241	0.324842	0.348941	0.379827	0.380914	0.384733	0.37558	0.382721	0.356633	0.327503	0.277852	0.246513	0.232811	0.200803	0.175965	0.158994	0.109186	0.140801	0.15615	0.149304	0.124362	0.0536175	0.0281616	0.0701869	0.173369	0.240792	0.266836	0.276452	0.305078	0.303132	0.261974	0.177111	0.164542	0.169273	0.119084	0.0906405	0.0679017	0.115144	0.160743	0.169278	0.219177	0.276771	0.282927	0.239363
0.106891	0.0381776	0	0.0381776	0.106891	0.112929	0.0995247	0.154463	0.206557	0.225206	0.225206	0.240518	0.251784	0.271837	0.337357	0.369456	0.397386	0.448982	0.511565	0.532013	0.512623	0.50533	0.516239	0.51906	0.530011	0.552728	0.574146	0.587783	0.574146	0.569406	0.580237	0.582894	0.593315	0.575285	0.525429	0.528027	0.546562	0.500335	0.449074	0.401969	0.394348	0.381002	0.381847	0.371242	0.332295	0.305621	0.300773	0.277134	0.277248	0.263953	0.232477	0.206557	0.160483	0.134166	0.174102	0.207704	0.196045	0.143704	0.137447	0.162202	0.151176	0.167718	0.207813	0.219858	0.291859	0.304105	0.292881	0.293164	0.290167	0.30137	0.277248	0.240186	0.225206	0.225206	0.218417	0.187788	0.137447	0.112603	0.140693	0.169485	0.125703	0.120948	0.168288	0.163947	0.110254	0.0872165	0.107181	0.105552	0.107045	0.0995247	0.0567147	0.0251399	0.0879304	0.13886	0.114752	0.141925	0.159239	0.125703	0.160483	0.206557	0.240186	0.284655	0.324437	0.337806	0.337806	0.3453	0.373179	0.371242	0.345001	0.337806	0.337806	0.337806	0.337806	0.318287	0.270744	0.232477	0.225206	0.225206	0.225206	0.225206	0.225206	0.225206	0.225206	0.25188	0.29964	0.294707	0.248364	0.262948	0.317552	0.318287	0.270744	0.272638	0.306101	0.270744	0.215311	0.180907	0.172614	0.201526	0.175769	0.10851	0.14873	0.179446	0.148629	0.13836	0.094623	0.0381584	0	0.0743652	0.132028	0.134996	0.238681	0.31936	0.352984	0.397787	0.438078	0.452659	0.439709	0.437568	0.476875	0.523048	0.549597	0.576511	0.569406	0.555673	0.526728	0.472588	0.450404	0.453401	0.410358	0.346256	0.284655	0.240186	0.206557	0.185681	0.191955	0.200154	0.202993	0.21862	0.23413	0.232799	0.213841	0.236416	0.231958	0.187547	0.184392	0.180245	0.159239	0.125892	0.131399	0.182978	0.19879	0.172976	0.179675	0.224613	0.247209	0.279724	0.290167	0.29964	0.367292	0.428079	0.450404	0.437769	0.400339	0.353608	0.356076	0.356076	0.356076	0.36858	0.329491	0.318767	0.292871	0.294707	0.319224	0.322319	0.363508	0.371387	0.373179	0.371242	0.357653	0.348061	0.325739	0.300773	0.248364	0.225206	0.206557	0.164963	0.164143	0.168288	0.127016	0.125887	0.127102	0.140748	0.138555	0.0757938	0	0.0743652	0.169478	0.261613	0.275512	0.250172	0.292664	0.291986	0.271163	0.196557	0.163429	0.159236	0.0847223	0.0820688	0.0464192	0.112595	0.168893	0.204844	0.273275	0.304616	0.265538	0.191433
0.0790491	0.0274584	0.0444931	0.0533992	0.0997969	0.111872	0.085653	0.133427	0.163581	0.16884	0.17225	0.204245	0.235227	0.270121	0.31052	0.308974	0.344375	0.357524	0.358284	0.362634	0.371342	0.381221	0.371324	0.355941	0.366729	0.371901	0.378186	0.402894	0.391559	0.399641	0.426135	0.431823	0.422838	0.399458	0.375206	0.398277	0.407922	0.343751	0.316729	0.301671	0.311201	0.296589	0.263879	0.229861	0.216705	0.233388	0.231584	0.195766	0.182972	0.153367	0.135988	0.142208	0.11587	0.0932971	0.0990219	0.114192	0.152549	0.136341	0.117638	0.142673	0.153049	0.18901	0.207059	0.209159	0.28539	0.265309	0.231556	0.221668	0.193824	0.206774	0.165802	0.115986	0.11256	0.11256	0.110885	0.10239	0.089926	0.0844203	0.104687	0.111793	0.0622953	0.0776828	0.133273	0.119623	0.0795534	0.0743445	0.106592	0.0762652	0.0377635	0.0994628	0.0856549	0.056684	0.0849487	0.123705	0.0874773	0.103205	0.116928	0.0865036	0.0950927	0.121597	0.158508	0.182764	0.193357	0.211518	0.239603	0.256316	0.281109	0.272296	0.254953	0.242802	0.218257	0.200385	0.19698	0.191708	0.17939	0.163581	0.141402	0.119802	0.11256	0.11256	0.11256	0.11256	0.11256	0.147043	0.173108	0.13558	0.125554	0.170295	0.171743	0.135459	0.123173	0.142019	0.129553	0.067062	0.0919678	0.121127	0.0782035	0.105508	0.156811	0.135235	0.1728	0.163715	0.117474	0.119955	0.105912	0.0702933	0.078377	0.1343	0.177453	0.18472	0.279742	0.377231	0.41842	0.45809	0.473722	0.448619	0.432812	0.439542	0.464513	0.456553	0.446627	0.450181	0.422089	0.414331	0.403237	0.378202	0.352028	0.32988	0.285144	0.265866	0.224948	0.186594	0.163581	0.161515	0.183984	0.1727	0.180769	0.194218	0.191943	0.199678	0.188106	0.185127	0.157035	0.11555	0.129001	0.146951	0.118311	0.0802081	0.0896878	0.125424	0.105133	0.115209	0.164525	0.208349	0.206689	0.190289	0.194109	0.200185	0.2392	0.223213	0.214693	0.23333	0.256338	0.245721	0.257746	0.256222	0.247321	0.278739	0.231966	0.2366	0.212443	0.190883	0.230792	0.232425	0.247651	0.219187	0.219475	0.211613	0.201078	0.188011	0.181526	0.159196	0.111561	0.11256	0.107347	0.0829107	0.109984	0.120768	0.139012	0.121435	0.100193	0.117837	0.125377	0.0917191	0	0.0728392	0.163636	0.27587	0.278057	0.232082	0.283752	0.282829	0.28555	0.227969	0.175945	0.15319	0.0769586	0.113517	0.0722144	0.104482	0.162685	0.221985	0.288211	0.295538	0.223355	0.143033
0.0474235	0.0628957	0.10142	0.100805	0.117272	0.104351	0.140202	0.204783	0.225034	0.225034	0.232475	0.277037	0.327337	0.377575	0.415312	0.418352	0.453508	0.454431	0.447169	0.457799	0.485576	0.495162	0.457903	0.436675	0.444753	0.444753	0.458117	0.48066	0.484963	0.501527	0.518618	0.516109	0.491016	0.466409	0.454431	0.452826	0.419557	0.368538	0.354965	0.341553	0.346176	0.345833	0.30194	0.259338	0.273084	0.31052	0.286862	0.23582	0.191299	0.15148	0.164621	0.182841	0.164621	0.120342	0.112517	0.120342	0.164018	0.176497	0.171104	0.208313	0.232475	0.264247	0.264474	0.265365	0.308448	0.283609	0.26378	0.231014	0.216467	0.216467	0.15148	0.112517	0.112517	0.112517	0.112517	0.112517	0.112517	0.112517	0.100805	0.0703203	0.0783681	0.104351	0.134554	0.134554	0.106382	0.106382	0.0900555	0.0474235	0.0154729	0.0703203	0.100805	0.106382	0.119339	0.125423	0.109844	0.110319	0.0900555	0.106382	0.112517	0.15148	0.204783	0.225034	0.225034	0.259338	0.314492	0.338719	0.355805	0.347936	0.337549	0.31929	0.273084	0.232475	0.225034	0.225034	0.225034	0.212836	0.177904	0.12967	0.112517	0.112517	0.112517	0.112517	0.112517	0.155046	0.169356	0.120342	0.12967	0.180111	0.152129	0.112517	0.112517	0.10142	0.0628957	0	0.0474235	0.101417	0.0856064	0.113385	0.141338	0.143422	0.197393	0.141338	0.104802	0.120161	0.094398	0.106456	0.164621	0.226781	0.253548	0.267477	0.338706	0.468133	0.523199	0.564738	0.577126	0.55795	0.573869	0.580229	0.593358	0.591524	0.58101	0.571594	0.546156	0.536468	0.536571	0.521139	0.481486	0.42287	0.369979	0.347936	0.314492	0.259338	0.225034	0.222101	0.239095	0.227011	0.226577	0.22835	0.216467	0.209079	0.189213	0.171673	0.132679	0.116799	0.116799	0.136071	0.104802	0.0943435	0.109844	0.109844	0.109844	0.144095	0.214075	0.238676	0.22362	0.220051	0.214683	0.228037	0.244738	0.214683	0.208313	0.240747	0.286862	0.31052	0.316059	0.31477	0.302853	0.306436	0.27664	0.279058	0.251592	0.232475	0.273084	0.302728	0.286862	0.23582	0.226577	0.226577	0.204783	0.164621	0.144095	0.14064	0.102392	0.112517	0.112517	0.10142	0.143422	0.141338	0.173959	0.157239	0.149504	0.159118	0.119339	0.0628957	0	0.0474235	0.151472	0.27791	0.282148	0.245613	0.287537	0.283028	0.305548	0.266047	0.233995	0.228037	0.190414	0.164621	0.115845	0.0900555	0.143974	0.225457	0.252974	0.274875	0.220637	0.163445
0.0569183	0.125646	0.139257	0.129183	0.155563	0.151958	0.203014	0.232719	0.224948	0.239421	0.28152	0.34642	0.388691	0.411166	0.420788	0.419709	0.447589	0.440715	0.432669	0.434137	0.461095	0.472915	0.447894	0.425984	0.415426	0.411126	0.425299	0.443712	0.456158	0.464722	0.483092	0.480059	0.452552	0.439798	0.430225	0.423034	0.396531	0.368992	0.341509	0.311282	0.315246	0.313308	0.254585	0.228868	0.240243	0.246933	0.240656	0.22884	0.204624	0.18214	0.188622	0.168712	0.188622	0.167096	0.148571	0.127312	0.144659	0.174591	0.173903	0.189382	0.199894	0.248531	0.254849	0.26023	0.2931	0.273179	0.253747	0.211221	0.21974	0.212128	0.173856	0.168712	0.161835	0.141294	0.119711	0.112475	0.112475	0.112475	0.102349	0.0783173	0.115841	0.130068	0.119691	0.116233	0.0739613	0.0899971	0.0899971	0.06777	0.059707	0.0708227	0.0708227	0.0643291	0.111143	0.114986	0.126567	0.119706	0.119785	0.15835	0.168712	0.193155	0.213545	0.21453	0.232084	0.271526	0.302573	0.31532	0.328825	0.300818	0.281185	0.288275	0.291331	0.262701	0.235875	0.224948	0.218032	0.204705	0.198078	0.171497	0.148571	0.123622	0.112475	0.112475	0.112475	0.139257	0.129718	0.0822871	0.12421	0.169291	0.135216	0.112475	0.112475	0.0994144	0.06777	0.0381168	0.0302209	0.0677953	0.108851	0.143996	0.132458	0.147696	0.205813	0.108872	0.092732	0.100116	0.094539	0.17607	0.253046	0.297306	0.327326	0.376415	0.448011	0.572835	0.598101	0.617956	0.611341	0.58239	0.594216	0.564664	0.569329	0.566461	0.53173	0.511568	0.495121	0.485391	0.466297	0.432752	0.415357	0.370003	0.345004	0.327457	0.317621	0.297773	0.281185	0.275313	0.271002	0.239912	0.23667	0.243954	0.218597	0.206972	0.195662	0.164921	0.119405	0.126879	0.115411	0.11963	0.100899	0.130657	0.135205	0.100554	0.120937	0.157726	0.211238	0.202755	0.19048	0.210653	0.184785	0.19907	0.203991	0.185223	0.174727	0.182771	0.224948	0.274579	0.302842	0.307969	0.318971	0.313022	0.279619	0.27063	0.239004	0.200962	0.191594	0.179989	0.14779	0.116595	0.120103	0.116233	0.0600778	0.0502236	0.0784641	0.0994072	0.0421749	0	0.00994109	0.102346	0.173892	0.16029	0.187561	0.16029	0.14233	0.144741	0.101381	0.0716886	0.0562374	0.06777	0.146433	0.273468	0.275886	0.251865	0.27794	0.251253	0.271875	0.22707	0.18912	0.179014	0.109315	0.0783173	0.0428069	0.0113865	0.12157	0.207051	0.219239	0.283308	0.302836	0.306986
0.104271	0.173769	0.154927	0.140096	0.191153	0.218271	0.2514	0.2514	0.224863	0.25914	0.34223	0.415235	0.439944	0.427421	0.415625	0.427801	0.440196	0.428115	0.417656	0.409249	0.442563	0.45355	0.442906	0.411417	0.382302	0.378406	0.389718	0.414995	0.4276	0.429427	0.453163	0.441067	0.416141	0.415235	0.403123	0.402433	0.3904	0.364531	0.314249	0.277181	0.284481	0.263189	0.216302	0.204627	0.191153	0.189349	0.204627	0.224863	0.224863	0.218271	0.191153	0.154594	0.191153	0.212601	0.191153	0.140096	0.129571	0.1671	0.170973	0.163562	0.176122	0.241787	0.252031	0.251749	0.288351	0.259133	0.223838	0.209298	0.219163	0.216302	0.208154	0.224863	0.212674	0.177769	0.129571	0.112432	0.112432	0.112432	0.112432	0.112432	0.129567	0.140533	0.104649	0.0702666	0.0628476	0.0899868	0.106301	0.112432	0.112432	0.100728	0.0702666	0.0309221	0.0702666	0.110193	0.132578	0.113419	0.177769	0.212674	0.224863	0.215464	0.21452	0.208154	0.240564	0.276826	0.28925	0.296482	0.296482	0.249578	0.224863	0.249578	0.296482	0.296482	0.249578	0.224863	0.212674	0.201219	0.201219	0.208041	0.191153	0.140096	0.112432	0.112432	0.112432	0.101342	0.0783082	0.0702666	0.134451	0.158996	0.125701	0.112432	0.112432	0.112432	0.106301	0.0899868	0.0473873	0.0430177	0.126391	0.183621	0.167279	0.179798	0.18269	0.0730898	0.0989015	0.0473873	0.169226	0.264045	0.339531	0.364769	0.414995	0.50377	0.579786	0.658542	0.641222	0.656133	0.635961	0.597543	0.597543	0.545729	0.545729	0.531877	0.477787	0.454084	0.446828	0.434405	0.388802	0.347671	0.344684	0.323863	0.315818	0.307094	0.315818	0.323863	0.337292	0.330552	0.300437	0.249578	0.252001	0.264045	0.218175	0.21452	0.21452	0.164496	0.113419	0.125327	0.124885	0.0943259	0.110235	0.173082	0.149389	0.100492	0.10976	0.166759	0.19359	0.177758	0.18269	0.204505	0.164424	0.164856	0.171542	0.164424	0.140536	0.129571	0.177769	0.232332	0.289725	0.302335	0.315814	0.331674	0.29878	0.259133	0.226609	0.177769	0.125701	0.0794984	0.0314238	0	0.0473873	0.0899868	0.102161	0.0899868	0.078811	0.0794984	0.102314	0.112432	0.129571	0.179973	0.17997	0.157119	0.173826	0.14123	0.140529	0.170961	0.119247	0.112432	0.112432	0.112432	0.158996	0.276812	0.276812	0.271408	0.289708	0.243635	0.244185	0.19359	0.147987	0.157119	0.0628476	0	0.0628476	0.0647251	0.132578	0.173769	0.239133	0.34223	0.42985	0.463772
0.155047	0.179405	0.145598	0.126648	0.168583	0.210855	0.237029	0.232401	0.221832	0.28044	0.349374	0.380729	0.399941	0.39585	0.401255	0.4201	0.402906	0.398955	0.386789	0.371498	0.393288	0.371498	0.369604	0.369604	0.350562	0.352845	0.378988	0.408439	0.403844	0.402143	0.422216	0.409053	0.401991	0.399131	0.377897	0.364257	0.330067	0.30328	0.2666	0.244792	0.25425	0.233727	0.214836	0.17823	0.156243	0.186368	0.185576	0.168583	0.168583	0.165246	0.148458	0.133743	0.148458	0.166969	0.188479	0.180144	0.175748	0.193603	0.197086	0.18688	0.187026	0.223762	0.224584	0.223104	0.263478	0.228969	0.204926	0.218538	0.198522	0.193574	0.172898	0.155172	0.138361	0.140482	0.114609	0.0782577	0.074385	0.0993387	0.112389	0.112389	0.118253	0.144981	0.111061	0.0782577	0.0895504	0.101301	0.0599172	0.0561946	0.0561946	0.0847907	0.101301	0.0642801	0.0730665	0.114899	0.130653	0.110168	0.177048	0.17117	0.168583	0.175528	0.212356	0.211414	0.223235	0.251304	0.261551	0.238126	0.206939	0.179578	0.168583	0.179578	0.206939	0.238126	0.233573	0.214366	0.197535	0.202479	0.195672	0.180528	0.183167	0.147283	0.092668	0.0775485	0.092668	0.096553	0.0974418	0.139069	0.174111	0.169162	0.129139	0.123528	0.148458	0.15154	0.131149	0.140482	0.125235	0.085902	0.153132	0.221085	0.183417	0.159411	0.119611	0.0546806	0.114533	0.149732	0.32348	0.358694	0.413984	0.450917	0.537108	0.628519	0.660287	0.686347	0.656814	0.670568	0.630727	0.577164	0.561778	0.500873	0.500231	0.482619	0.418178	0.377538	0.356246	0.332202	0.298899	0.286701	0.282145	0.295348	0.302611	0.293502	0.310975	0.324988	0.337164	0.333809	0.316684	0.291843	0.28649	0.282896	0.261133	0.268914	0.263436	0.23619	0.221369	0.211414	0.211085	0.189604	0.201509	0.223761	0.160174	0.126538	0.144637	0.195064	0.198642	0.194876	0.217056	0.220685	0.174258	0.164182	0.189778	0.183632	0.142228	0.138361	0.183167	0.182001	0.226449	0.271939	0.271939	0.303205	0.304627	0.248337	0.200242	0.164402	0.131538	0.106462	0.0526648	0.0250927	0.0561946	0.092668	0.111663	0.140482	0.138681	0.141187	0.161712	0.168583	0.186531	0.220209	0.191476	0.17426	0.190387	0.169161	0.179902	0.226514	0.158936	0.112389	0.109069	0.092668	0.143187	0.268377	0.259974	0.281301	0.311905	0.260706	0.242626	0.193622	0.141835	0.168125	0.129516	0.117384	0.182192	0.189887	0.250925	0.318285	0.393898	0.474392	0.56503	0.642781
0.179833	0.179833	0.140429	0.120158	0.16437	0.207995	0.215299	0.214356	0.228799	0.301514	0.342827	0.342827	0.370738	0.378113	0.390177	0.393446	0.366191	0.378113	0.353283	0.330989	0.326837	0.289503	0.300207	0.330299	0.318803	0.32663	0.379583	0.391349	0.378113	0.377271	0.390177	0.38942	0.39119	0.378117	0.353283	0.315577	0.264788	0.251208	0.228627	0.213897	0.219715	0.223279	0.204895	0.139989	0.129472	0.179836	0.151897	0.112346	0.112346	0.112346	0.112346	0.112346	0.112346	0.120158	0.16437	0.207995	0.224691	0.224691	0.224691	0.212512	0.177633	0.188925	0.210638	0.20876	0.228598	0.213342	0.204895	0.209139	0.169097	0.164299	0.144258	0.101265	0.0941996	0.0794378	0.10457	0.070213	0.0550544	0.101265	0.112346	0.112346	0.113541	0.149275	0.126426	0.112346	0.100651	0.070213	0.0154493	0	0	0.0473512	0.0899181	0.106219	0.102236	0.125232	0.119157	0.125605	0.169097	0.126677	0.112346	0.150627	0.219355	0.21368	0.204471	0.226435	0.228001	0.16437	0.120158	0.112346	0.112346	0.112346	0.120158	0.16437	0.207995	0.207995	0.188407	0.188956	0.201065	0.163196	0.169097	0.158875	0.0899181	0.0421297	0.0899181	0.106219	0.150627	0.191003	0.194385	0.179836	0.129472	0.139989	0.191007	0.194268	0.163196	0.16437	0.201324	0.165878	0.197958	0.255692	0.18617	0.151763	0.119157	0.106219	0.162082	0.301514	0.438704	0.442273	0.491003	0.552423	0.667123	0.743087	0.7286	0.716604	0.680184	0.665847	0.607725	0.54318	0.511778	0.452948	0.457191	0.438704	0.351827	0.289503	0.263802	0.231605	0.218008	0.226435	0.218008	0.255511	0.289503	0.279975	0.300207	0.330299	0.337034	0.337034	0.337034	0.337034	0.314013	0.302495	0.314013	0.323616	0.315577	0.318803	0.337034	0.318803	0.304293	0.309919	0.309919	0.251809	0.16437	0.163196	0.201065	0.216137	0.213342	0.219352	0.242054	0.226329	0.173636	0.174045	0.219352	0.194019	0.138308	0.151897	0.179836	0.129472	0.151249	0.230319	0.253052	0.272655	0.288445	0.25002	0.19499	0.17295	0.158678	0.126295	0.070282	0.070213	0.100651	0.112346	0.120158	0.16437	0.207995	0.224691	0.224691	0.224691	0.242035	0.263843	0.231605	0.213897	0.244719	0.253161	0.26496	0.258935	0.163768	0.112346	0.106219	0.0899181	0.182964	0.313992	0.29755	0.33378	0.370726	0.319603	0.305059	0.287749	0.263802	0.251838	0.226435	0.242198	0.301479	0.320083	0.408254	0.514316	0.57027	0.6288	0.715888	0.831179
0.179765	0.179765	0.140375	0.126928	0.17738	0.187273	0.193403	0.230152	0.253111	0.29395	0.329953	0.341111	0.368462	0.360763	0.359351	0.348702	0.332107	0.339809	0.287629	0.279923	0.284044	0.256138	0.253688	0.262301	0.278485	0.31879	0.379309	0.369169	0.366525	0.35794	0.355725	0.356457	0.343698	0.335542	0.317603	0.274369	0.235958	0.219724	0.184152	0.18249	0.2109	0.228354	0.181199	0.127118	0.144439	0.180356	0.138255	0.112303	0.112303	0.112303	0.112303	0.119528	0.141079	0.157822	0.163582	0.165751	0.168454	0.168454	0.168454	0.161588	0.141079	0.158815	0.202696	0.179494	0.16492	0.180579	0.158983	0.142504	0.110974	0.108762	0.0954874	0.0842214	0.0915095	0.0313893	0.0859033	0.101224	0.084726	0.101224	0.0561516	0.0561516	0.0663646	0.125552	0.0952367	0.0561516	0.0467172	0.0250735	0.00476446	0	0	0.0150874	0.0380587	0.0528899	0.0701877	0.116056	0.107377	0.1221	0.134536	0.0941677	0.102193	0.144518	0.190927	0.158887	0.141	0.16938	0.148965	0.0781979	0.059616	0.0715793	0.0992628	0.112303	0.115721	0.133817	0.158146	0.178094	0.187121	0.155548	0.175694	0.158887	0.14885	0.159705	0.129053	0.0772732	0.138963	0.131049	0.201572	0.235168	0.237678	0.237296	0.230449	0.271281	0.290887	0.287835	0.288574	0.254828	0.26204	0.255055	0.269602	0.310323	0.243437	0.213526	0.211421	0.228284	0.295405	0.437063	0.517505	0.534738	0.582679	0.631144	0.708096	0.729416	0.682918	0.668693	0.629948	0.591416	0.539727	0.493567	0.471918	0.42781	0.426835	0.392394	0.290641	0.244231	0.224249	0.182221	0.184357	0.21322	0.216235	0.235145	0.263235	0.259746	0.288055	0.326539	0.336906	0.336906	0.351224	0.379278	0.379278	0.373121	0.377975	0.374344	0.364439	0.342828	0.336906	0.326412	0.328572	0.341699	0.32474	0.285197	0.245782	0.262484	0.280226	0.268553	0.270692	0.261112	0.25847	0.228751	0.189678	0.208681	0.238698	0.195363	0.164749	0.184217	0.17135	0.119528	0.115759	0.169032	0.235283	0.244921	0.247923	0.241706	0.207116	0.1955	0.187613	0.145846	0.0982287	0.106903	0.0997896	0.0925972	0.112303	0.133817	0.158146	0.183031	0.211035	0.224605	0.228893	0.239135	0.219267	0.211421	0.244192	0.239049	0.210562	0.173789	0.0909863	0.0565544	0.0553977	0.14793	0.288049	0.408474	0.390905	0.429286	0.464049	0.417338	0.424515	0.423523	0.395706	0.378517	0.370863	0.384074	0.410667	0.435232	0.498187	0.566011	0.628454	0.710515	0.810464	0.920415
0.179696	0.179696	0.140322	0.138203	0.179699	0.163643	0.188263	0.252968	0.264759	0.280642	0.327579	0.348547	0.348547	0.337934	0.334377	0.303561	0.294583	0.287912	0.226263	0.238548	0.251017	0.215319	0.201171	0.201916	0.245066	0.314299	0.36282	0.359394	0.354153	0.327283	0.317439	0.319635	0.301874	0.301485	0.279593	0.240197	0.21235	0.177498	0.139713	0.163643	0.219548	0.219188	0.150513	0.120067	0.163643	0.177234	0.129373	0.11226	0.11226	0.11226	0.11226	0.129373	0.177498	0.196455	0.177498	0.129373	0.11226	0.11226	0.11226	0.11226	0.11226	0.12937	0.167024	0.143094	0.126198	0.168378	0.140315	0.112252	0.0841891	0.0627518	0.101188	0.101188	0.0627518	0	0.047315	0.0898496	0.088047	0.0627518	0	0	0.0429521	0.113126	0.0702283	0	0	0	0	0	0	0	0	0	0.0313759	0.0793772	0.102158	0.100574	0.0854106	0.0854106	0.100574	0.114901	0.151125	0.119886	0.101185	0.117004	0.0627518	0	0	0.0627518	0.101188	0.11226	0.11226	0.11226	0.11226	0.138203	0.179699	0.138238	0.149162	0.164119	0.132376	0.140319	0.149162	0.115852	0.168969	0.163072	0.258738	0.290194	0.289283	0.30125	0.344158	0.398262	0.378366	0.374264	0.408625	0.36077	0.326381	0.331168	0.334024	0.373516	0.352698	0.31737	0.323963	0.351931	0.440395	0.554939	0.593689	0.630647	0.666615	0.691725	0.721783	0.696649	0.640561	0.627585	0.577358	0.51546	0.47148	0.452602	0.442038	0.398862	0.382226	0.332627	0.238548	0.207723	0.177498	0.129373	0.139882	0.190862	0.217938	0.221593	0.238548	0.235281	0.286206	0.323963	0.336778	0.336778	0.369134	0.424694	0.449033	0.443073	0.435678	0.430023	0.41079	0.360326	0.336778	0.336778	0.357626	0.368331	0.344069	0.336778	0.336778	0.354992	0.354992	0.337084	0.339943	0.302265	0.265057	0.230486	0.215972	0.244178	0.233831	0.205085	0.201916	0.201916	0.151134	0.11226	0.101188	0.146494	0.213652	0.228416	0.215853	0.231414	0.215853	0.200901	0.189176	0.173561	0.154225	0.119886	0.09463	0.0898496	0.106139	0.11226	0.11226	0.151134	0.204315	0.22452	0.207837	0.214193	0.215136	0.21235	0.230144	0.208601	0.140322	0.0941821	0.0280651	0.0275018	0.156879	0.320417	0.42676	0.517459	0.511003	0.546141	0.57175	0.531377	0.568245	0.565111	0.52758	0.521454	0.521454	0.513969	0.521422	0.545809	0.581628	0.62355	0.694256	0.800976	0.911754	1.01179
0.198434	0.193209	0.157757	0.165289	0.186148	0.174473	0.215115	0.248782	0.241261	0.273673	0.327631	0.322694	0.287677	0.293062	0.298234	0.260178	0.263825	0.252914	0.218021	0.23755	0.237114	0.211756	0.208722	0.217601	0.24761	0.293646	0.322299	0.327452	0.29821	0.277033	0.290302	0.288716	0.265395	0.249287	0.208411	0.197225	0.207514	0.19688	0.177525	0.19986	0.234137	0.191657	0.135109	0.137452	0.181838	0.160221	0.119437	0.112217	0.112217	0.112217	0.115633	0.144329	0.179363	0.148231	0.155207	0.119847	0.112217	0.102115	0.0781381	0.0595704	0.0635107	0.0991836	0.12718	0.106091	0.116066	0.162667	0.140245	0.117646	0.0868001	0.0715247	0.0991869	0.0914459	0.0420815	0.00991837	0.0213198	0.0280524	0.0182664	0.0288491	0.00476082	0	0.0458706	0.103125	0.071018	0.0150759	0	0	0	0	0	0	0	0	0.00991837	0.0313653	0.0495935	0.0466815	0.040509	0.0991802	0.0851121	0.0543541	0.10543	0.102113	0.110887	0.0956571	0.0443575	0.0561087	0.0561087	0.101146	0.103549	0.0313653	0.00991837	0.00991837	0.026891	0.0547508	0.118168	0.102186	0.122681	0.169992	0.130454	0.129818	0.166533	0.177253	0.22833	0.259971	0.359814	0.378835	0.374398	0.401377	0.440074	0.440358	0.430318	0.441627	0.466761	0.454744	0.437854	0.451997	0.451695	0.471621	0.472151	0.440036	0.455928	0.505708	0.598503	0.670225	0.690224	0.729349	0.741932	0.754705	0.743245	0.690182	0.636719	0.600437	0.537881	0.497885	0.479889	0.463089	0.434527	0.372228	0.343291	0.293156	0.211669	0.186808	0.187353	0.175479	0.179303	0.204156	0.221093	0.244174	0.299886	0.326434	0.360018	0.376203	0.389403	0.392755	0.418462	0.44578	0.448861	0.438439	0.418462	0.392031	0.37226	0.354763	0.364972	0.385806	0.393683	0.370648	0.340032	0.336649	0.347472	0.375143	0.366033	0.353339	0.361783	0.322408	0.284425	0.262215	0.260865	0.271132	0.240271	0.222605	0.192713	0.158171	0.127021	0.102115	0.124695	0.168499	0.208748	0.233202	0.215208	0.234021	0.228227	0.199099	0.1788	0.188669	0.194259	0.108801	0.0868916	0.101146	0.0598257	0.0466815	0.0250544	0.102108	0.111256	0.0781381	0.106473	0.158693	0.144408	0.105437	0.120661	0.0914396	0.0597007	0.0905981	0.150473	0.224007	0.383644	0.53102	0.573705	0.641055	0.645715	0.678557	0.711663	0.68889	0.718911	0.683778	0.640866	0.636871	0.637707	0.625796	0.623725	0.638677	0.656501	0.67851	0.729542	0.827665	0.90742	0.973248
0.215807	0.204583	0.175959	0.188917	0.188625	0.188625	0.233281	0.233281	0.21938	0.283162	0.313073	0.273987	0.234086	0.24871	0.273294	0.24357	0.233281	0.222939	0.21938	0.229968	0.227343	0.217676	0.217676	0.22609	0.252775	0.266661	0.277606	0.280422	0.249639	0.252666	0.273243	0.244346	0.222939	0.193723	0.139606	0.16412	0.207678	0.224349	0.217772	0.225887	0.23031	0.162947	0.129154	0.162947	0.188917	0.139775	0.112175	0.112175	0.112175	0.112175	0.119975	0.163518	0.163807	0.113046	0.125041	0.10208	0.112175	0.100498	0.0701059	0.0154257	0.031352	0.0940558	0.0940558	0.0560832	0.115619	0.146382	0.140833	0.132275	0.100498	0.112175	0.112175	0.10208	0.0793166	0.031352	0.0472789	0.089781	0.0888602	0.0701059	0.0154257	0	0.031352	0.0853454	0.101108	0.0472789	0	0	0	0	0	0	0	0	0	0	0	0	0.0154257	0.100648	0.100648	0.0308514	0.0701059	0.113046	0.168839	0.154573	0.112175	0.112175	0.112175	0.151018	0.200759	0.177362	0.129274	0.10208	0.0759889	0.0644534	0.109983	0.0578095	0.088676	0.151531	0.118975	0.126297	0.180315	0.239602	0.301931	0.364214	0.45736	0.4644	0.467738	0.505548	0.517038	0.479922	0.488755	0.511969	0.527043	0.534435	0.545392	0.567818	0.583152	0.59421	0.59421	0.56713	0.591561	0.664032	0.743508	0.777617	0.789937	0.815733	0.815412	0.815383	0.752863	0.677145	0.627042	0.565214	0.505548	0.503742	0.502841	0.464157	0.416175	0.339133	0.305502	0.255363	0.175719	0.175719	0.207678	0.224349	0.224349	0.224349	0.224349	0.267885	0.364563	0.420648	0.425186	0.428977	0.441893	0.44869	0.462497	0.462497	0.44869	0.435573	0.396591	0.351662	0.336521	0.351662	0.396591	0.435573	0.42437	0.368852	0.336521	0.336521	0.360051	0.39485	0.374017	0.374143	0.384388	0.351662	0.318317	0.30383	0.30102	0.288448	0.263441	0.226735	0.16412	0.119975	0.112175	0.100498	0.132275	0.172185	0.21356	0.239589	0.235032	0.243627	0.241194	0.197729	0.183201	0.183758	0.177352	0.129271	0.139775	0.190716	0.217772	0.207678	0.16412	0.173371	0.164048	0.089781	0.0846857	0.119795	0.0729227	0	0.0505554	0.140218	0.203818	0.240014	0.339892	0.453046	0.618357	0.712305	0.719447	0.774189	0.781771	0.819035	0.868027	0.854225	0.854225	0.800365	0.756555	0.751532	0.756482	0.73941	0.724607	0.728165	0.725288	0.72049	0.765903	0.85284	0.890541	0.928738
0.15826	0.153738	0.136705	0.163342	0.153029	0.164218	0.209918	0.196444	0.193986	0.279119	0.268485	0.223157	0.206362	0.222355	0.268804	0.242934	0.193648	0.191641	0.202211	0.193208	0.190683	0.155971	0.144246	0.182008	0.215776	0.20814	0.221824	0.232292	0.22903	0.250753	0.237989	0.183291	0.186139	0.153437	0.10409	0.148993	0.150602	0.140165	0.142393	0.167916	0.171127	0.109238	0.0973455	0.14631	0.140238	0.0953485	0.0840991	0.0840991	0.0840991	0.0840991	0.0890061	0.131808	0.097508	0.108619	0.102973	0.0681749	0.061623	0.0873081	0.0997353	0.0227897	0.0458356	0.0983787	0.0595208	0.0306722	0.11861	0.127594	0.128377	0.126222	0.074215	0.0840991	0.0789527	0.0819768	0.102453	0.0556834	0.0654528	0.0886581	0.0502958	0.0917543	0.0227897	0	0.0101921	0.0464608	0.104577	0.0685815	0	0	0	0	0	0.0023786	0.00336397	0.0023786	0	0.00991082	0.0221619	0.0280331	0.0265024	0.0922568	0.105618	0.0423371	0.0507512	0.0780788	0.1436	0.148738	0.105357	0.0913765	0.0840991	0.0991116	0.136409	0.155832	0.120862	0.102208	0.0996178	0.0648568	0.0868245	0.0157974	0.0621065	0.119914	0.0897916	0.105404	0.155571	0.228683	0.301343	0.357501	0.426554	0.415115	0.404524	0.423353	0.418942	0.386951	0.39831	0.404082	0.433553	0.445358	0.460081	0.472294	0.482217	0.492642	0.496365	0.474787	0.491154	0.544352	0.598882	0.627606	0.638839	0.644409	0.635474	0.617245	0.535333	0.500107	0.473762	0.402356	0.361764	0.37404	0.356571	0.324877	0.308859	0.256672	0.245113	0.201196	0.141819	0.170326	0.174195	0.168198	0.168198	0.168198	0.171595	0.216092	0.263676	0.291176	0.312727	0.326621	0.328768	0.336393	0.34575	0.332425	0.308361	0.301434	0.282447	0.27004	0.275054	0.287625	0.308388	0.308359	0.294678	0.266681	0.259399	0.27341	0.293456	0.302277	0.272862	0.281256	0.279595	0.257769	0.241878	0.236822	0.229883	0.220374	0.21109	0.167867	0.127846	0.0979032	0.0857976	0.104371	0.132224	0.162745	0.210436	0.235583	0.251677	0.248258	0.245581	0.199948	0.193926	0.177364	0.149976	0.138045	0.151193	0.176045	0.192896	0.203051	0.200965	0.217102	0.213389	0.17063	0.179818	0.146798	0.110937	0.115545	0.152792	0.22446	0.250665	0.296315	0.395467	0.476732	0.610585	0.659747	0.657235	0.707126	0.699795	0.736383	0.766685	0.704408	0.683045	0.635247	0.595723	0.590761	0.577735	0.557062	0.557995	0.563287	0.558651	0.564971	0.631914	0.698801	0.696758	0.726774
0.140105	0.140105	0.156315	0.205683	0.19924	0.202532	0.237768	0.230899	0.241699	0.307003	0.275938	0.250063	0.235711	0.233077	0.288489	0.264347	0.223164	0.231264	0.223219	0.220461	0.206865	0.143048	0.145874	0.214611	0.223219	0.220461	0.225496	0.224058	0.258669	0.285006	0.245491	0.202375	0.206865	0.155513	0.135197	0.179425	0.141108	0.112089	0.13682	0.186759	0.167662	0.120396	0.125129	0.168711	0.140051	0.112089	0.112089	0.112089	0.112089	0.112089	0.106556	0.0990703	0.0446372	0.0816941	0.104913	0.0816968	0.0380033	0.094688	0.112954	0.0189921	0.0379842	0.0897113	0.104051	0.105594	0.148934	0.148934	0.148934	0.146247	0.112089	0.112089	0.0964196	0.0955085	0.102188	0.101633	0.050123	0.0622772	0.0909641	0.0816941	0.0189921	0	0.0125125	0.069203	0.112918	0.0564558	0	0	0	0	0	0.0125125	0.0140112	0.0125125	0	0.0505155	0.0939883	0.112089	0.0939883	0.106403	0.0990703	0.106556	0.112089	0.112089	0.156647	0.208288	0.200608	0.14628	0.112089	0.112089	0.130799	0.182143	0.197882	0.172186	0.163393	0.0983482	0.0505155	0	0.0379842	0.0897113	0.112893	0.192655	0.281264	0.380881	0.470973	0.513527	0.567755	0.583917	0.58788	0.593756	0.585099	0.575236	0.585269	0.590511	0.638057	0.678025	0.697578	0.711231	0.716115	0.713979	0.730959	0.753167	0.756422	0.777624	0.786383	0.791698	0.780204	0.723572	0.684181	0.645123	0.577669	0.577669	0.525687	0.429216	0.393118	0.391738	0.354357	0.338587	0.340043	0.325172	0.317312	0.261747	0.225922	0.250634	0.239419	0.224177	0.224177	0.224177	0.239089	0.275982	0.297753	0.328416	0.38311	0.414178	0.43148	0.448348	0.426124	0.370959	0.336264	0.336264	0.343426	0.380623	0.428504	0.43577	0.398511	0.351994	0.336264	0.336264	0.366702	0.422423	0.430533	0.384727	0.338112	0.33125	0.329086	0.329422	0.336264	0.319573	0.275272	0.263241	0.263241	0.231856	0.205613	0.159751	0.119545	0.141108	0.179425	0.204376	0.238022	0.255258	0.26764	0.237591	0.231911	0.228537	0.23025	0.244735	0.261747	0.308561	0.336264	0.336264	0.336264	0.361102	0.412311	0.460014	0.463353	0.435013	0.461956	0.475748	0.456968	0.462823	0.513834	0.562459	0.597754	0.679344	0.765537	0.824781	0.912247	0.928031	0.937133	0.977373	0.965038	1.01228	1.00641	0.931447	0.908294	0.874153	0.861085	0.843476	0.779858	0.750565	0.751992	0.735609	0.727459	0.745378	0.791081	0.80876	0.77022	0.754073
0.151489	0.159007	0.196426	0.230808	0.195028	0.187836	0.230208	0.225001	0.229767	0.275866	0.248052	0.240223	0.21589	0.215538	0.285339	0.265175	0.239335	0.227786	0.196549	0.218095	0.186839	0.133319	0.170958	0.227886	0.210081	0.230167	0.218217	0.212734	0.272372	0.278337	0.223949	0.192974	0.18123	0.13186	0.138358	0.169066	0.12651	0.112047	0.137681	0.172168	0.138648	0.1159	0.123078	0.150944	0.109354	0.084035	0.0913068	0.105277	0.112047	0.112047	0.101402	0.0642901	0.0242942	0.0373396	0.0671442	0.0957013	0.0701046	0.108453	0.106508	0.00752648	0.015053	0.0512511	0.0947391	0.107833	0.148878	0.148637	0.153376	0.153382	0.126526	0.112283	0.111989	0.117888	0.077022	0.0755914	0.0775917	0.0594195	0.0638726	0.0453916	0.026067	0.0263846	0.0379898	0.0995872	0.0939484	0.0221833	0	0	0	0.00752648	0.0189859	0.037591	0.0352947	0.0379898	0.031862	0.107036	0.128845	0.106857	0.121449	0.117505	0.0830928	0.103472	0.0980112	0.087461	0.107124	0.148554	0.175489	0.151493	0.112047	0.112047	0.121329	0.146129	0.179228	0.165045	0.150583	0.121309	0.030088	0.0204654	0.0507205	0.108631	0.180728	0.281431	0.357386	0.448967	0.528199	0.545168	0.599204	0.611078	0.584877	0.581308	0.577141	0.568913	0.568913	0.570534	0.603936	0.642997	0.664408	0.687228	0.707958	0.716507	0.730292	0.753451	0.756557	0.777993	0.777043	0.788824	0.768465	0.700236	0.673478	0.632812	0.568809	0.54892	0.470272	0.401368	0.387308	0.379874	0.347844	0.34459	0.339727	0.325286	0.295537	0.245999	0.227717	0.25355	0.240322	0.224092	0.224092	0.227479	0.253923	0.293508	0.324629	0.353026	0.37758	0.409606	0.415799	0.420168	0.399712	0.357762	0.336136	0.336136	0.340427	0.367169	0.38696	0.381662	0.354062	0.332668	0.332515	0.336136	0.360083	0.387375	0.376798	0.344003	0.322334	0.323319	0.320657	0.316092	0.330857	0.320834	0.284533	0.272094	0.248195	0.205052	0.196118	0.180545	0.130237	0.123293	0.160846	0.210459	0.249965	0.271055	0.274654	0.217962	0.20442	0.232972	0.229072	0.256386	0.282737	0.33323	0.369395	0.394031	0.413225	0.436136	0.471412	0.509222	0.524448	0.493007	0.509705	0.5389	0.535957	0.54656	0.600708	0.644897	0.688837	0.775115	0.848563	0.893879	0.959739	0.960996	0.976867	0.99642	0.966938	1.012	0.967385	0.902063	0.878327	0.836401	0.817618	0.786115	0.739196	0.728613	0.730745	0.717793	0.715404	0.732654	0.759366	0.759839	0.716797	0.686581
0.190422	0.226401	0.245754	0.230075	0.167392	0.163399	0.206248	0.18458	0.181531	0.214458	0.204374	0.204374	0.200444	0.216693	0.269867	0.269949	0.240861	0.193396	0.158391	0.189404	0.148821	0.132819	0.202221	0.225324	0.214448	0.235157	0.218687	0.230723	0.247467	0.22617	0.201803	0.15078	0.132073	0.108804	0.116656	0.139998	0.109444	0.112004	0.10499	0.119579	0.0973964	0.105513	0.103971	0.0896429	0.0379553	0	0.050477	0.0939167	0.112004	0.112004	0.0963461	0.0593969	0.012503	0.025006	0.077187	0.107087	0.106322	0.125217	0.0753903	0	0	0.050477	0.0939167	0.11179	0.148821	0.144486	0.169166	0.202641	0.173175	0.119817	0.121789	0.132073	0.0816318	0.0830559	0.112832	0.0564128	0	0.0379743	0.0816345	0.105513	0.106475	0.0989947	0.0564128	0	0	0	0	0.0379743	0.0816345	0.101924	0.0980032	0.106475	0.127788	0.179288	0.155263	0.0963461	0.132073	0.121403	0.112004	0.100287	0.0700006	0.025006	0	0	0.0753903	0.109344	0.112004	0.112004	0.105513	0.0816345	0.112832	0.115029	0.121789	0.137623	0.0923441	0.0939885	0.176813	0.278954	0.38305	0.471365	0.510541	0.583472	0.6373	0.626087	0.656387	0.621344	0.552379	0.548837	0.554648	0.543662	0.517283	0.505881	0.518047	0.543662	0.56851	0.618561	0.671554	0.721428	0.752593	0.758053	0.760695	0.76917	0.771434	0.792947	0.759069	0.7118	0.686366	0.621955	0.535853	0.452702	0.360826	0.353382	0.380846	0.369772	0.35418	0.364004	0.353625	0.309909	0.250539	0.224007	0.23417	0.26304	0.242459	0.224007	0.224007	0.238907	0.29666	0.348497	0.375662	0.375662	0.35418	0.375662	0.35418	0.336008	0.336008	0.336008	0.336008	0.336008	0.32948	0.302225	0.250539	0.224007	0.238907	0.283139	0.32271	0.336008	0.315861	0.261547	0.224007	0.238907	0.283139	0.309883	0.284587	0.279445	0.316592	0.336008	0.336008	0.298108	0.197996	0.127788	0.142939	0.190932	0.167803	0.1117	0.135637	0.20647	0.231135	0.24449	0.25686	0.238411	0.252778	0.280394	0.302225	0.34698	0.371152	0.408398	0.474751	0.571762	0.645363	0.671992	0.665074	0.667455	0.686558	0.667455	0.68105	0.731342	0.770762	0.793755	0.833736	0.879398	0.94592	1.0289	1.06731	1.06476	1.06957	1.06281	1.06597	1.03297	0.968938	0.952099	0.879547	0.827265	0.78521	0.730806	0.679099	0.623771	0.623007	0.66245	0.67722	0.677508	0.676939	0.681277	0.669938	0.636769	0.58629	0.552205
0.195809	0.245028	0.231081	0.20431	0.164827	0.174785	0.190462	0.16101	0.172728	0.196625	0.208396	0.208208	0.24797	0.248472	0.249111	0.271571	0.230291	0.165626	0.150997	0.179163	0.151134	0.152432	0.198161	0.203059	0.217834	0.217439	0.212914	0.232362	0.203125	0.188305	0.217222	0.127973	0.123703	0.118043	0.0806186	0.119538	0.0966932	0.0788324	0.0720953	0.104946	0.113491	0.0830295	0.0743394	0.0543724	0.0333184	0.0263645	0.0938768	0.109301	0.083971	0.083971	0.0965821	0.0963039	0.0246202	0.0516992	0.104906	0.0825176	0.115123	0.119881	0.0420252	0.0232875	0.0279903	0.0938768	0.109301	0.0946742	0.136358	0.125297	0.14371	0.175004	0.169504	0.136352	0.131509	0.128979	0.126079	0.143981	0.0987143	0.034519	0.0232875	0.0737302	0.104791	0.0830295	0.0865312	0.078494	0.0463927	0.0279903	0.0232875	0.0124986	0.00531044	0.0739955	0.107984	0.0916374	0.0961539	0.108384	0.138379	0.179498	0.131352	0.106744	0.127973	0.0912353	0.0806364	0.0769378	0.0946328	0.0563912	0.0461577	0.0476016	0.0197914	0.0408018	0.0559807	0.0559807	0.0563942	0.0917921	0.0933528	0.0779158	0.114631	0.1433	0.179374	0.193021	0.269149	0.356296	0.437001	0.513613	0.549626	0.626882	0.653949	0.625849	0.643704	0.593348	0.539969	0.54266	0.529354	0.513021	0.497164	0.500663	0.498654	0.51738	0.531949	0.575609	0.625324	0.671044	0.707673	0.71982	0.728039	0.735914	0.745979	0.752679	0.712613	0.677442	0.635303	0.567364	0.488423	0.410433	0.351903	0.34791	0.359578	0.344029	0.340269	0.348266	0.3296	0.281938	0.240108	0.223922	0.23477	0.259905	0.237293	0.223922	0.223922	0.245167	0.317946	0.354366	0.366765	0.361138	0.337099	0.35505	0.328624	0.307891	0.307891	0.307891	0.307891	0.307891	0.302619	0.277059	0.240108	0.223922	0.23498	0.266067	0.28443	0.300975	0.287665	0.245812	0.223922	0.2389	0.281299	0.288448	0.262567	0.265946	0.281187	0.292545	0.294198	0.258543	0.194928	0.135246	0.125492	0.158224	0.1861	0.156784	0.157823	0.212445	0.205585	0.199267	0.206384	0.215214	0.254131	0.281999	0.32219	0.374291	0.415564	0.464863	0.526865	0.595293	0.638472	0.661419	0.6667	0.679609	0.709834	0.698122	0.705222	0.742279	0.78033	0.814501	0.863685	0.912901	0.971066	1.0329	1.05504	1.05238	1.04803	1.04376	1.02338	0.979803	0.930431	0.891934	0.839306	0.779338	0.722646	0.679878	0.631938	0.601686	0.60093	0.630671	0.640545	0.633825	0.624564	0.624713	0.604604	0.576714	0.542374	0.510134
0.213694	0.229899	0.210117	0.190276	0.175288	0.190276	0.159504	0.13632	0.175615	0.206809	0.225565	0.225565	0.275548	0.275034	0.240677	0.237812	0.200816	0.131972	0.131972	0.1817	0.161111	0.15827	0.166699	0.158267	0.200075	0.195742	0.200586	0.218517	0.191474	0.195849	0.188094	0.0753326	0.11191	0.11191	0.0189631	0.0875819	0.10624	0.0379453	0.0124934	0.0965913	0.103704	0.0189631	0	0.0379453	0.0815723	0.105433	0.10926	0.0753326	0	0	0.0839326	0.11191	0.0389623	0.081605	0.107412	0.0625606	0.115355	0.103704	0.0593515	0.0962726	0.111918	0.10926	0.0753326	0.0379262	0.0895744	0.103892	0.105433	0.114054	0.131972	0.131972	0.144452	0.127166	0.151698	0.178354	0.0945434	0.0593515	0.0962726	0.10491	0.0815694	0.0189631	0.0504384	0.093845	0.111918	0.111918	0.0962726	0.0593515	0.0318331	0.100562	0.107412	0.077128	0.0962726	0.119363	0.159794	0.178582	0.0981984	0.10624	0.112746	0.0690973	0.0442367	0.10785	0.152371	0.159504	0.186646	0.19149	0.146057	0.111918	0.111918	0.111918	0.106394	0.11121	0.11337	0.126243	0.195608	0.269464	0.346355	0.372493	0.434568	0.485342	0.532691	0.606369	0.645787	0.69161	0.668288	0.625609	0.61851	0.55517	0.514971	0.492863	0.441663	0.426821	0.453096	0.479525	0.440681	0.4386	0.441023	0.462998	0.508454	0.546688	0.574611	0.602539	0.62962	0.65151	0.657277	0.6419	0.605444	0.582879	0.532699	0.45973	0.38414	0.343199	0.335752	0.319086	0.294111	0.288632	0.301344	0.301991	0.267823	0.231503	0.223836	0.223836	0.230724	0.250252	0.230724	0.223836	0.223836	0.26001	0.337404	0.34961	0.339525	0.315874	0.288402	0.291662	0.252184	0.223836	0.223836	0.223836	0.223836	0.223836	0.223836	0.223836	0.223836	0.223836	0.212787	0.181865	0.171924	0.200302	0.223836	0.223836	0.223836	0.230724	0.250252	0.230724	0.217556	0.194853	0.164291	0.163959	0.169218	0.161165	0.179151	0.1477	0.10021	0.10785	0.181616	0.179448	0.158905	0.190268	0.20017	0.193248	0.194348	0.223195	0.274853	0.336389	0.407862	0.471559	0.553064	0.613232	0.632786	0.622805	0.606985	0.630913	0.67152	0.716863	0.779883	0.791332	0.783381	0.783381	0.812439	0.87639	0.941556	0.984377	0.99992	1.00871	1.01954	1.0362	1.01651	0.962274	0.905551	0.87582	0.852997	0.798132	0.724497	0.632248	0.566367	0.53419	0.504397	0.527205	0.532728	0.529567	0.533008	0.508454	0.474795	0.466251	0.463338	0.477186	0.457804	0.435239
0.216264	0.21119	0.222297	0.190589	0.177499	0.185522	0.132611	0.131005	0.188694	0.223191	0.233789	0.232348	0.276668	0.289522	0.233038	0.196945	0.193239	0.140193	0.142188	0.207278	0.171356	0.15821	0.165895	0.160758	0.214934	0.217546	0.204108	0.204677	0.180515	0.165342	0.113632	0.0296645	0.105109	0.112738	0.0174032	0.0504192	0.110093	0.076614	0.0281676	0.0997193	0.0841689	0.0221112	0.0189569	0.0742775	0.104866	0.0817922	0.0663336	0.0272913	0.012489	0.0232696	0.0817873	0.105385	0.055634	0.108253	0.100225	0.0702938	0.119476	0.0990055	0.0972752	0.096801	0.0839067	0.0663336	0.0296645	0.01503	0.047155	0.0742825	0.079433	0.115776	0.118785	0.124434	0.163421	0.135979	0.161179	0.188811	0.110553	0.0988577	0.104151	0.0888025	0.0621697	0.0337045	0.0938052	0.109217	0.0839067	0.0806203	0.0920373	0.0921853	0.0709734	0.114815	0.102591	0.117133	0.117956	0.125655	0.170698	0.150132	0.113615	0.117968	0.106496	0.104422	0.103847	0.156464	0.188079	0.224771	0.236217	0.240355	0.225922	0.195782	0.195782	0.195782	0.190542	0.172977	0.179032	0.202381	0.267085	0.350966	0.405415	0.420588	0.480972	0.522651	0.569812	0.64024	0.656846	0.680172	0.655743	0.623877	0.591262	0.526037	0.492028	0.455891	0.413808	0.408785	0.420442	0.426992	0.40645	0.422941	0.437202	0.444766	0.466043	0.494834	0.524134	0.557146	0.585882	0.599684	0.590581	0.570844	0.542981	0.526306	0.478052	0.420694	0.367825	0.340978	0.335623	0.320344	0.296997	0.292141	0.288453	0.282992	0.252715	0.229126	0.22375	0.22375	0.226579	0.234772	0.214756	0.216871	0.225435	0.272682	0.340872	0.337664	0.311603	0.286631	0.272903	0.260789	0.22281	0.202894	0.216871	0.22375	0.22375	0.22375	0.22375	0.22375	0.22375	0.22375	0.213387	0.182726	0.189306	0.200224	0.195782	0.202894	0.216871	0.226579	0.237024	0.217984	0.213387	0.193287	0.172503	0.16684	0.154602	0.150132	0.167854	0.150714	0.0933989	0.130801	0.187866	0.187866	0.145052	0.153783	0.185091	0.181716	0.19769	0.24308	0.289061	0.352134	0.414065	0.473017	0.546294	0.581137	0.59615	0.585765	0.581056	0.607299	0.640237	0.675185	0.728523	0.75544	0.755117	0.756797	0.790632	0.856475	0.916787	0.959902	0.96573	0.970342	0.984402	0.984752	0.940923	0.887339	0.84831	0.820858	0.77006	0.686034	0.616983	0.547004	0.498864	0.470345	0.450124	0.475294	0.493105	0.500056	0.494535	0.462233	0.438433	0.434681	0.434632	0.447744	0.418347	0.412143
0.210357	0.226056	0.233419	0.190111	0.186332	0.167279	0.120121	0.139788	0.201599	0.250781	0.265453	0.257326	0.27743	0.263133	0.21291	0.187951	0.201599	0.170423	0.180448	0.228014	0.175706	0.15815	0.195459	0.201913	0.232544	0.228014	0.184743	0.156356	0.137853	0.10733	0.0378973	0	0.0752752	0.125026	0.0504	0.0189487	0.0815073	0.113284	0.0690447	0.0815073	0.10483	0.105353	0.0815102	0.117348	0.111825	0.0279562	0	0.0124839	0.0593063	0.0961993	0.10483	0.0815073	0.0820683	0.131602	0.113284	0.101495	0.139785	0.131293	0.0988438	0.0563267	0	0	0	0	0	0	0.0511503	0.115267	0.0916505	0.122368	0.179311	0.14255	0.158784	0.185481	0.133804	0.115267	0.100486	0.0815102	0.105353	0.111833	0.109177	0.0752752	0	0.0249679	0.100486	0.10733	0.100486	0.131602	0.126232	0.165177	0.139788	0.145541	0.166571	0.077578	0.0998156	0.125026	0.137752	0.159376	0.182256	0.238045	0.289542	0.349465	0.347967	0.365864	0.425151	0.447324	0.447324	0.447324	0.447324	0.440687	0.411369	0.392404	0.435055	0.492708	0.497019	0.492708	0.556681	0.589547	0.616679	0.66042	0.651187	0.663388	0.650406	0.616161	0.547775	0.47301	0.430872	0.381578	0.353086	0.329947	0.301522	0.278529	0.300565	0.38456	0.426482	0.39365	0.35012	0.342642	0.379754	0.427525	0.451877	0.4444	0.407548	0.380528	0.376002	0.373668	0.340123	0.335496	0.335496	0.335496	0.335496	0.335496	0.323381	0.288184	0.244395	0.237641	0.22658	0.223665	0.223665	0.223665	0.212625	0.181727	0.171793	0.20015	0.230887	0.275705	0.314165	0.285135	0.240499	0.225402	0.225402	0.192279	0.142721	0.145946	0.20015	0.223665	0.223665	0.223665	0.223665	0.223665	0.223665	0.223665	0.223665	0.223665	0.207813	0.156289	0.111833	0.145946	0.20015	0.212625	0.192279	0.184411	0.205144	0.223665	0.212625	0.147145	0.113967	0.106383	0.144349	0.143827	0.0988403	0.129626	0.165437	0.175747	0.148595	0.179015	0.1957	0.201798	0.273674	0.322219	0.357861	0.395797	0.416709	0.459506	0.488254	0.477737	0.488254	0.487966	0.501816	0.529997	0.547337	0.559149	0.591249	0.646801	0.670969	0.678037	0.72033	0.78161	0.828181	0.872722	0.867085	0.856675	0.863016	0.820178	0.762668	0.745316	0.709649	0.648345	0.525452	0.418895	0.391819	0.345249	0.318173	0.299027	0.292692	0.330022	0.379754	0.411121	0.370112	0.335496	0.355207	0.366082	0.345249	0.366237	0.353874	0.380894
0.225289	0.244654	0.212728	0.184588	0.186824	0.150433	0.131928	0.156858	0.208979	0.272357	0.281268	0.250827	0.253266	0.22854	0.226713	0.219507	0.206872	0.187791	0.192938	0.216391	0.167987	0.155736	0.213938	0.19526	0.207708	0.220106	0.170753	0.128535	0.122604	0.0896864	0.0150185	0	0.0296418	0.115647	0.0937336	0.0323444	0.056572	0.120523	0.100885	0.0602469	0.0817299	0.0849575	0.105491	0.151264	0.110162	0.0371511	0.0279476	0.042562	0.110467	0.118287	0.0974051	0.0699577	0.117619	0.149075	0.132302	0.116439	0.134383	0.12492	0.0541357	0.010161	0.0190782	0.0153735	0.00474269	0.00474269	0.0153735	0.0245843	0.0757433	0.109291	0.0699602	0.135005	0.187698	0.141333	0.147767	0.174965	0.158254	0.117123	0.112411	0.105491	0.0870284	0.0922424	0.0717821	0.0297367	0	0.0425435	0.106359	0.0989576	0.112824	0.14122	0.144651	0.173618	0.118591	0.12847	0.107729	0.0817652	0.0748661	0.121015	0.201003	0.221229	0.245545	0.303438	0.363284	0.409348	0.394868	0.412753	0.475304	0.503044	0.503044	0.503044	0.501371	0.487398	0.452873	0.444843	0.494139	0.533424	0.522835	0.53247	0.614381	0.631466	0.636354	0.672263	0.660037	0.650082	0.621213	0.570265	0.497507	0.444173	0.409609	0.363943	0.347053	0.321522	0.298978	0.278955	0.299697	0.359547	0.384385	0.384761	0.36869	0.367545	0.393586	0.413673	0.425382	0.419571	0.384306	0.365356	0.377171	0.361669	0.321955	0.324765	0.321191	0.310793	0.307421	0.307421	0.297261	0.266605	0.231098	0.228115	0.208885	0.195633	0.20274	0.216706	0.213225	0.182586	0.189162	0.202298	0.211461	0.260812	0.291841	0.265142	0.228073	0.226899	0.228234	0.190471	0.156175	0.175088	0.200071	0.195633	0.195633	0.195633	0.195633	0.201013	0.207936	0.204365	0.197317	0.195633	0.175925	0.134395	0.11348	0.163625	0.1976	0.185317	0.162563	0.171535	0.169443	0.167685	0.157424	0.134681	0.125272	0.0917225	0.145478	0.161209	0.145086	0.114533	0.129375	0.15187	0.145651	0.197501	0.216739	0.227874	0.289345	0.319874	0.359997	0.391301	0.406554	0.449074	0.451561	0.443301	0.463237	0.470496	0.483758	0.50595	0.510517	0.525707	0.552346	0.594236	0.620157	0.638426	0.687522	0.742089	0.780198	0.829653	0.808536	0.792221	0.802974	0.737406	0.677521	0.64738	0.592696	0.535998	0.42401	0.362188	0.360065	0.314912	0.315157	0.317328	0.313033	0.339285	0.381276	0.394103	0.3608	0.34969	0.37275	0.36146	0.332034	0.374139	0.366979	0.376429
0.24555	0.229549	0.190825	0.18619	0.167151	0.138265	0.172779	0.212539	0.233592	0.277219	0.274697	0.232469	0.232469	0.247351	0.282781	0.264314	0.222539	0.219789	0.206234	0.202332	0.168197	0.144156	0.193919	0.168539	0.187807	0.226859	0.178878	0.129715	0.0987685	0.0562838	0	0	0	0.0752179	0.109094	0.105272	0.0814479	0.112574	0.109094	0.0961258	0.0592611	0.0312327	0.0952568	0.15668	0.123354	0.106231	0.111748	0.124747	0.168197	0.139624	0.111748	0.136403	0.189986	0.183141	0.168197	0.139624	0.109094	0.0752179	0.0124744	0.0592611	0.0775187	0.0698406	0.0249489	0.0249489	0.0698406	0.100058	0.10475	0.0814452	0.0699752	0.142441	0.174873	0.139675	0.150173	0.179175	0.169922	0.126972	0.119339	0.0952568	0.0436312	0.0364187	0.0347534	0.0124744	0	0.0378685	0.107248	0.126481	0.123861	0.141893	0.154022	0.14957	0.0738002	0.0752179	0.0782103	0.101877	0.120611	0.21138	0.291814	0.312812	0.34334	0.41737	0.487017	0.516194	0.517001	0.569784	0.643888	0.670456	0.670456	0.670456	0.663553	0.629951	0.593729	0.615163	0.643214	0.640146	0.624656	0.637636	0.71017	0.705078	0.678587	0.68617	0.647244	0.584978	0.530671	0.454559	0.397286	0.395494	0.378742	0.341132	0.340148	0.332022	0.301534	0.278316	0.288192	0.270566	0.258441	0.336401	0.419279	0.44035	0.411055	0.360002	0.354935	0.366648	0.359122	0.365848	0.356937	0.30605	0.272806	0.294063	0.282492	0.238361	0.223494	0.223494	0.223494	0.223494	0.217224	0.194556	0.142612	0.111748	0.145834	0.199997	0.223494	0.223494	0.207654	0.167151	0.158279	0.218187	0.245165	0.22738	0.213611	0.236482	0.237459	0.219867	0.223494	0.207654	0.15617	0.111748	0.111748	0.111748	0.111748	0.136403	0.160969	0.150027	0.119181	0.111748	0.111748	0.111748	0.119181	0.168197	0.156141	0.111748	0.106231	0.0987685	0.0562838	0	0	0.0828661	0.119339	0.0899119	0.129527	0.14957	0.15668	0.123354	0.143812	0.194556	0.217224	0.26095	0.315139	0.323133	0.306981	0.312788	0.361147	0.370344	0.365848	0.379629	0.341504	0.348862	0.398842	0.411408	0.41247	0.41247	0.401078	0.427198	0.446982	0.446982	0.468997	0.521516	0.568766	0.599801	0.635844	0.68198	0.637636	0.624656	0.620422	0.519074	0.43627	0.371612	0.317932	0.28831	0.22523	0.247858	0.303047	0.285798	0.325661	0.360363	0.350219	0.354935	0.366648	0.350021	0.349852	0.393349	0.415067	0.369829	0.353371	0.395544	0.36101	0.340882
0.242498	0.214475	0.207881	0.199661	0.168976	0.167617	0.208708	0.225579	0.236221	0.269501	0.273431	0.24451	0.246857	0.285869	0.298505	0.249297	0.209441	0.227097	0.19733	0.188189	0.166153	0.134963	0.183869	0.185145	0.207125	0.234408	0.160356	0.108777	0.0816678	0.0462867	0.0279264	0.0232343	0.01247	0.0272498	0.0662327	0.0828398	0.104552	0.102582	0.0893952	0.109053	0.0994218	0.0446891	0.0759305	0.127017	0.124159	0.13443	0.139632	0.149244	0.172087	0.133654	0.117132	0.156111	0.18524	0.168105	0.171075	0.128826	0.0777816	0.0276591	0.0312208	0.099284	0.0696029	0.100247	0.056971	0.0746244	0.118873	0.113049	0.0973311	0.0630624	0.082809	0.142643	0.153837	0.140691	0.166023	0.193757	0.168449	0.137857	0.117141	0.0768664	0.0633162	0.0501068	0.0592399	0.0374766	0.018928	0.0225107	0.0940958	0.176299	0.134198	0.139513	0.160571	0.115573	0.0605775	0.0540945	0.0908332	0.114408	0.191631	0.286342	0.328945	0.363386	0.412551	0.506744	0.565563	0.567275	0.565132	0.601158	0.64496	0.677262	0.687515	0.68057	0.667015	0.645065	0.61282	0.633057	0.642343	0.637613	0.626832	0.637394	0.713723	0.700396	0.656768	0.660458	0.622159	0.551199	0.507993	0.428395	0.381452	0.372728	0.339425	0.309595	0.316911	0.30818	0.280038	0.276594	0.292785	0.273333	0.280983	0.345588	0.400999	0.413617	0.387899	0.351099	0.34794	0.345468	0.337183	0.343111	0.324629	0.291866	0.289094	0.28784	0.29044	0.2527	0.228777	0.22341	0.22341	0.22341	0.218169	0.192993	0.156056	0.139632	0.174955	0.199919	0.197167	0.205935	0.198899	0.169465	0.181538	0.215745	0.232423	0.219917	0.21722	0.227295	0.199661	0.176352	0.181376	0.172666	0.134293	0.111705	0.111705	0.111705	0.111705	0.137262	0.137604	0.143756	0.117222	0.111705	0.111705	0.111705	0.117222	0.153317	0.126204	0.0837791	0.0786522	0.0562654	0.0221157	0	0	0.045324	0.11268	0.127116	0.12114	0.128236	0.135001	0.107258	0.123822	0.16672	0.200518	0.239559	0.287008	0.298772	0.291311	0.323787	0.371222	0.364194	0.363134	0.370971	0.336704	0.363066	0.41379	0.4093	0.405769	0.404151	0.389599	0.385781	0.398006	0.413673	0.445061	0.490298	0.517545	0.554264	0.597429	0.62608	0.582214	0.573726	0.548383	0.452452	0.376394	0.319303	0.28975	0.25996	0.230988	0.264407	0.316293	0.288663	0.323331	0.356866	0.322536	0.328042	0.336856	0.318421	0.318872	0.357167	0.364111	0.336274	0.340019	0.363023	0.321891	0.306892
0.253009	0.237278	0.239833	0.225058	0.215054	0.249304	0.274932	0.265005	0.28558	0.305712	0.301564	0.286379	0.298541	0.323781	0.289421	0.224637	0.213794	0.222369	0.189842	0.189842	0.154921	0.147363	0.221912	0.212055	0.202748	0.194397	0.119248	0.0813859	0.105192	0.111663	0.111663	0.0960527	0.059216	0.0124649	0	0.0189198	0.0813831	0.10467	0.0960527	0.113111	0.110956	0.0970998	0.082238	0.101614	0.188465	0.223325	0.223325	0.212301	0.18145	0.130302	0.136299	0.186048	0.167024	0.162901	0.178742	0.112464	0.0697874	0.0317604	0.0689395	0.112488	0.0388274	0.0864879	0.139767	0.199892	0.18145	0.130302	0.111663	0.111663	0.10467	0.143694	0.162524	0.156044	0.194186	0.212585	0.162064	0.137643	0.107167	0.0876858	0.103539	0.0787566	0.090618	0.101614	0.0813859	0.0378586	0.0943274	0.206785	0.130925	0.129428	0.147487	0.0893698	0.103655	0.11909	0.159143	0.230896	0.325153	0.399787	0.433058	0.483036	0.569388	0.675092	0.698564	0.665849	0.637151	0.633786	0.642347	0.700653	0.739725	0.713044	0.678004	0.679186	0.670528	0.672218	0.661469	0.655775	0.629923	0.637151	0.703044	0.663118	0.60408	0.619463	0.580579	0.51508	0.468143	0.385329	0.340873	0.292245	0.237377	0.225062	0.24968	0.238508	0.23818	0.274819	0.298489	0.305924	0.343605	0.36637	0.344977	0.334985	0.334985	0.334985	0.314899	0.280194	0.274819	0.287743	0.287743	0.298489	0.301301	0.2621	0.283721	0.289443	0.246289	0.223325	0.223325	0.223325	0.223325	0.223325	0.223325	0.223325	0.207496	0.156051	0.11909	0.159143	0.204831	0.217059	0.204753	0.206077	0.214886	0.192807	0.188827	0.168546	0.0938324	0.0624177	0.0697874	0.0999815	0.111663	0.111663	0.111663	0.111663	0.111663	0.10467	0.0652257	0.0928333	0.106151	0.111663	0.111663	0.111663	0.106151	0.0986932	0.0562408	0	0	0	0	0	0	0.0189198	0.0813831	0.150321	0.144129	0.131671	0.127123	0.103655	0.111663	0.11909	0.159143	0.204831	0.223325	0.230535	0.262623	0.333392	0.372375	0.354665	0.36637	0.376344	0.352548	0.367604	0.404757	0.392531	0.38718	0.376612	0.318893	0.249776	0.254705	0.318357	0.368141	0.378658	0.376344	0.424078	0.459367	0.476042	0.440075	0.439237	0.394917	0.295757	0.239875	0.230197	0.24968	0.24968	0.24968	0.279148	0.315815	0.286624	0.294349	0.286378	0.242436	0.24767	0.24968	0.230197	0.221078	0.237278	0.226234	0.254705	0.300656	0.294433	0.255718	0.239349
0.260902	0.252057	0.24743	0.240642	0.228591	0.254726	0.268721	0.251492	0.271466	0.277385	0.280103	0.288565	0.30583	0.305988	0.258871	0.215023	0.221828	0.200782	0.186624	0.184281	0.135545	0.158524	0.226088	0.177738	0.1639	0.141032	0.110274	0.101203	0.0792516	0.0837151	0.0785922	0.0893357	0.0883961	0.0212393	0	0.00749783	0.0378452	0.0698583	0.0965798	0.118569	0.0915003	0.121681	0.0943212	0.110302	0.155516	0.170811	0.181238	0.181661	0.154621	0.1242	0.149537	0.185522	0.145667	0.156166	0.152792	0.0926926	0.102997	0.0765274	0.109703	0.115778	0.0733396	0.110564	0.190064	0.215209	0.182308	0.150205	0.139525	0.139525	0.12488	0.148311	0.18202	0.166553	0.20603	0.210792	0.142318	0.123193	0.0986317	0.115471	0.114961	0.0611433	0.0636295	0.0763029	0.101203	0.0655633	0.106442	0.212884	0.117034	0.11545	0.114908	0.092034	0.134596	0.167031	0.225692	0.300087	0.370649	0.442034	0.489165	0.536942	0.63421	0.71267	0.69613	0.661295	0.636251	0.641132	0.645404	0.676501	0.699565	0.693036	0.660478	0.656637	0.654735	0.654271	0.64159	0.633934	0.609108	0.62223	0.663035	0.609915	0.560232	0.58065	0.524355	0.461232	0.408046	0.346348	0.314696	0.27045	0.232435	0.22685	0.252585	0.239407	0.238172	0.271433	0.295047	0.3041	0.332701	0.346092	0.329857	0.331249	0.334857	0.341904	0.336017	0.313581	0.308324	0.301585	0.288376	0.287162	0.265996	0.225416	0.237559	0.260887	0.223785	0.195335	0.195335	0.195335	0.195335	0.195335	0.195335	0.195335	0.175657	0.134191	0.123038	0.175153	0.194166	0.191834	0.18434	0.197548	0.194563	0.159904	0.167395	0.138061	0.0568748	0.0596999	0.099996	0.0863408	0.0820579	0.073721	0.062891	0.0665018	0.0785922	0.0718756	0.0587809	0.0807502	0.100098	0.0909592	0.0837151	0.0837151	0.0785922	0.0562224	0.0220989	0	0	0	0	0	0	0.00749783	0.0371698	0.124852	0.136082	0.122028	0.116043	0.10182	0.11162	0.123038	0.175153	0.198807	0.209682	0.228542	0.271962	0.346801	0.365918	0.334466	0.343452	0.350426	0.336619	0.351564	0.397107	0.390251	0.369422	0.346984	0.28591	0.242956	0.266752	0.316669	0.343092	0.349024	0.360045	0.417002	0.441185	0.464503	0.451276	0.43156	0.352276	0.265647	0.234083	0.230109	0.249585	0.254082	0.255593	0.27975	0.310959	0.285273	0.265429	0.245067	0.246751	0.237201	0.216409	0.197512	0.193516	0.218703	0.206493	0.234507	0.262139	0.242484	0.224299	0.201173
0.314416	0.29691	0.287523	0.287523	0.249585	0.24949	0.24949	0.208851	0.21696	0.230208	0.258881	0.300622	0.303355	0.268644	0.236682	0.20592	0.202024	0.180035	0.178606	0.166755	0.119846	0.157788	0.18715	0.119124	0.12474	0.0873151	0.0803541	0.115003	0.0510333	0	0.0378297	0.105917	0.0873151	0.0189054	0	0	0	0	0.0561979	0.0986179	0.0970193	0.13157	0.104434	0.0986179	0.0561979	0.0249108	0.0697341	0.0999052	0.111577	0.118999	0.162454	0.166755	0.119846	0.108928	0.0751032	0.0378107	0.115003	0.136014	0.156247	0.167939	0.191776	0.260552	0.290203	0.249585	0.223154	0.223154	0.223154	0.223154	0.223154	0.217501	0.222567	0.207332	0.210624	0.200047	0.139465	0.101722	0.105917	0.149474	0.0893016	0.0249108	0	0.0510333	0.115003	0.0640166	0.111569	0.192758	0.119157	0.112402	0.115011	0.199692	0.246101	0.310363	0.383353	0.44446	0.474186	0.53058	0.606583	0.643095	0.699041	0.714761	0.67349	0.654861	0.635648	0.636665	0.611741	0.582429	0.579647	0.620271	0.6076	0.587577	0.606691	0.611938	0.590197	0.591046	0.581104	0.569196	0.547707	0.485895	0.454063	0.468454	0.390501	0.328882	0.277509	0.253014	0.244706	0.22849	0.216894	0.233279	0.262039	0.241536	0.230021	0.24949	0.274577	0.283732	0.287523	0.287523	0.292022	0.321482	0.334729	0.365028	0.420495	0.433781	0.396692	0.341801	0.287525	0.233143	0.168522	0.119846	0.119846	0.167941	0.151294	0.111577	0.111577	0.111577	0.111577	0.111577	0.111577	0.111577	0.111577	0.111577	0.13458	0.178606	0.140464	0.118999	0.158037	0.189676	0.146898	0.101722	0.133766	0.103388	0.0189054	0.0557847	0.111569	0.0557847	0.0124554	0.0591708	0.0863263	0.0813238	0.0378297	0.0124554	0.0591708	0.0959794	0.0935592	0.0502848	0	0	0	0	0	0	0	0	0	0	0	0	0.0502848	0.12474	0.0897746	0.081321	0.10459	0.111577	0.111577	0.13458	0.178606	0.162935	0.172516	0.224048	0.283732	0.334463	0.311803	0.271742	0.274723	0.286913	0.307311	0.337328	0.367659	0.338293	0.305871	0.279824	0.230021	0.237998	0.274723	0.276133	0.262039	0.273067	0.332682	0.42036	0.429504	0.450237	0.432612	0.355317	0.266448	0.21078	0.223154	0.230021	0.24949	0.27147	0.274723	0.278821	0.291157	0.239167	0.219454	0.20592	0.210624	0.175764	0.127026	0.113707	0.121676	0.167941	0.139411	0.157788	0.157788	0.151294	0.167941	0.143936
0.309513	0.286094	0.291411	0.281413	0.239194	0.24491	0.243428	0.204987	0.215494	0.242027	0.268137	0.310926	0.285888	0.242522	0.234242	0.189625	0.172481	0.175503	0.160571	0.136473	0.100021	0.148059	0.141658	0.0935194	0.11376	0.0518589	0.0442925	0.11019	0.0783287	0.0123824	0.0763805	0.109758	0.0502656	0.0173501	0.0220439	0.0278838	0.0278838	0.0278838	0.0435497	0.0684002	0.0985802	0.125819	0.0961562	0.0827133	0.046216	0.0542285	0.107888	0.106257	0.109875	0.125273	0.166744	0.13835	0.0906946	0.0619355	0.0157133	0.0248453	0.120328	0.206201	0.207444	0.227697	0.245334	0.290878	0.301929	0.277803	0.273589	0.273589	0.261362	0.252631	0.250952	0.237378	0.22975	0.221229	0.200499	0.190258	0.154992	0.108861	0.140723	0.185763	0.093547	0.0743098	0.0355449	0.0730409	0.112395	0.0465105	0.110213	0.163403	0.137105	0.123635	0.172896	0.249626	0.299014	0.380479	0.444445	0.503989	0.520875	0.583764	0.676679	0.674404	0.697659	0.7026	0.685356	0.670609	0.623187	0.608188	0.575321	0.537721	0.524855	0.550616	0.566975	0.556494	0.573895	0.569233	0.551665	0.554642	0.532213	0.504641	0.476505	0.447509	0.433858	0.429261	0.356148	0.30618	0.257388	0.243549	0.227871	0.227884	0.217836	0.233876	0.258915	0.236389	0.225889	0.241175	0.269131	0.280891	0.280002	0.288728	0.297502	0.313923	0.333048	0.373909	0.408302	0.397354	0.353906	0.307412	0.265996	0.219619	0.172201	0.141384	0.131626	0.171229	0.169782	0.134225	0.122051	0.11322	0.111535	0.11322	0.116566	0.116566	0.11322	0.11322	0.147481	0.176186	0.129158	0.117043	0.157729	0.163251	0.115824	0.0846641	0.118359	0.0862878	0.00749211	0.0525243	0.105445	0.057506	0.0475191	0.114497	0.0996216	0.116572	0.0761344	0.0328064	0.0917245	0.0724105	0.0947269	0.0876338	0.0278838	0.0278838	0.0278838	0.0278838	0.0278838	0.0278838	0.0278838	0.0245282	0.0190346	0.0212246	0.0262641	0.0231988	0.0804207	0.105333	0.0289383	0.0629662	0.0971825	0.111535	0.115217	0.150859	0.176517	0.162322	0.191395	0.23091	0.282273	0.307235	0.28011	0.267093	0.256876	0.278978	0.310831	0.311521	0.321543	0.295738	0.28912	0.266165	0.206377	0.222082	0.260874	0.262242	0.2559	0.268344	0.345175	0.418793	0.395099	0.417836	0.399443	0.30536	0.273759	0.228553	0.223069	0.231965	0.252392	0.274473	0.258915	0.252039	0.251606	0.197496	0.209918	0.168032	0.161302	0.14221	0.10603	0.121383	0.118314	0.150323	0.108855	0.134729	0.135502	0.139049	0.148374	0.114108
0.283288	0.278169	0.303081	0.260353	0.222984	0.227939	0.224715	0.210062	0.227939	0.256968	0.275524	0.292516	0.257388	0.230033	0.22203	0.154685	0.120849	0.143475	0.112317	0.0683708	0.0591256	0.119033	0.0750459	0.0561551	0.112317	0.0688343	0.0311613	0.0872485	0.105836	0.0498561	0.112938	0.081259	0.0188909	0.0502464	0.0934878	0.111492	0.111492	0.111492	0.0959062	0.0591256	0.0683708	0.0985426	0.105989	0.111492	0.111492	0.103497	0.12693	0.11362	0.105032	0.145097	0.154685	0.0635567	0.0124459	0.0248918	0.0696809	0.11927	0.226862	0.308633	0.298085	0.320415	0.32498	0.344918	0.350339	0.378597	0.426222	0.426222	0.378597	0.341597	0.334474	0.327976	0.300845	0.266674	0.2493	0.229063	0.212727	0.210619	0.2493	0.255328	0.195111	0.196829	0.145501	0.140356	0.178469	0.134478	0.155813	0.216613	0.224715	0.237816	0.3211	0.367926	0.450498	0.543504	0.595071	0.645194	0.670321	0.734274	0.784716	0.7304	0.711816	0.707633	0.698138	0.657342	0.568326	0.518351	0.464843	0.403628	0.354058	0.35012	0.417518	0.469827	0.475132	0.453269	0.4505	0.442476	0.393465	0.37577	0.390487	0.38845	0.364736	0.354217	0.29628	0.256968	0.222841	0.204856	0.181175	0.208692	0.222984	0.229845	0.2493	0.229845	0.211977	0.21362	0.234083	0.248731	0.270976	0.295918	0.289982	0.289149	0.331715	0.379108	0.350686	0.295636	0.245913	0.222984	0.222984	0.222984	0.222984	0.210062	0.172385	0.178204	0.207179	0.204519	0.1589	0.118909	0.111492	0.118909	0.132798	0.132798	0.118909	0.118909	0.16233	0.166627	0.119755	0.105989	0.110787	0.112938	0.0959062	0.105989	0.0985426	0.0561551	0	0.0377819	0.0892335	0.103497	0.145097	0.189552	0.118516	0.139359	0.116124	0.108307	0.13147	0.109006	0.178469	0.154554	0.111492	0.111492	0.111492	0.111492	0.111492	0.111492	0.111492	0.099829	0.0773416	0.0862605	0.105032	0.0959062	0.0311613	0.0969516	0.111492	0.111492	0.111492	0.111492	0.127205	0.173883	0.166064	0.162653	0.214777	0.224125	0.244988	0.241277	0.226861	0.226861	0.213122	0.264622	0.271931	0.233058	0.244605	0.235272	0.238065	0.212298	0.147116	0.171519	0.224225	0.235945	0.236916	0.239467	0.317785	0.388749	0.335619	0.366654	0.345715	0.27855	0.300793	0.2493	0.222984	0.239251	0.261839	0.243784	0.212727	0.201454	0.163088	0.139359	0.16232	0.0750459	0.111484	0.111484	0.0836131	0.121996	0.1079	0.107003	0.0377819	0.0919222	0.114916	0.132842	0.121996	0.0812944
0.269419	0.286754	0.287688	0.244689	0.222899	0.218248	0.215142	0.194595	0.203788	0.246565	0.261011	0.260505	0.244021	0.224321	0.195249	0.134281	0.112279	0.14472	0.108802	0.0595759	0.0969048	0.0986389	0.0295516	0.0220652	0.0934481	0.0998435	0.0424242	0.057587	0.108052	0.0719276	0.129171	0.0629181	0.0335763	0.0934481	0.108802	0.0835874	0.0835874	0.0835874	0.096141	0.0958641	0.0450707	0.0474829	0.0547835	0.055725	0.0594575	0.0620774	0.107033	0.118988	0.081481	0.128079	0.0934522	0.0797509	0.0311494	0.0595266	0.116755	0.156167	0.271619	0.330908	0.327577	0.354931	0.35568	0.376478	0.369187	0.390405	0.415718	0.414322	0.392387	0.366426	0.362208	0.356953	0.331384	0.29872	0.284823	0.254755	0.255704	0.256935	0.265238	0.247632	0.201724	0.219596	0.199462	0.179355	0.213121	0.184148	0.175389	0.232771	0.268828	0.292574	0.373223	0.433691	0.528564	0.591345	0.634752	0.674601	0.700556	0.750214	0.772442	0.715942	0.690334	0.692492	0.684185	0.629516	0.546414	0.490925	0.442836	0.38873	0.348551	0.344809	0.387727	0.434101	0.439232	0.423257	0.415829	0.399654	0.362585	0.354652	0.363185	0.345928	0.318325	0.330468	0.296334	0.251763	0.213161	0.17956	0.163831	0.180111	0.202122	0.220717	0.233879	0.211874	0.202763	0.216999	0.243244	0.271133	0.31285	0.298944	0.279336	0.290394	0.32826	0.3519	0.319262	0.294876	0.256498	0.226267	0.222899	0.222899	0.221233	0.211261	0.194021	0.178639	0.198444	0.2071	0.183204	0.144454	0.13601	0.13003	0.127117	0.124088	0.116954	0.125177	0.174037	0.156765	0.113134	0.0973075	0.0890685	0.118898	0.0964326	0.0784723	0.0493406	0.00885422	0.026244	0.0398811	0.0729897	0.103175	0.161828	0.181328	0.132437	0.15014	0.128822	0.148262	0.147776	0.137294	0.194928	0.163543	0.139312	0.13601	0.125853	0.115129	0.11145	0.11145	0.109791	0.106176	0.0759838	0.0811361	0.0826503	0.0961699	0.0700268	0.0590685	0.0852756	0.0941545	0.106288	0.11145	0.132106	0.176254	0.14867	0.165738	0.22767	0.207797	0.21418	0.206529	0.215777	0.217829	0.219125	0.269047	0.232128	0.205952	0.231772	0.227414	0.219435	0.201385	0.169899	0.179692	0.231499	0.226849	0.218369	0.224039	0.318284	0.397887	0.317112	0.341464	0.313801	0.275586	0.293439	0.212646	0.1882	0.208248	0.224629	0.195032	0.185699	0.159604	0.09921	0.11854	0.119293	0.0220258	0.112323	0.116841	0.0897878	0.136843	0.131756	0.0911313	0.0249358	0.0766905	0.116873	0.156869	0.138691	0.100855
0.250818	0.287085	0.249205	0.222814	0.222814	0.211815	0.181035	0.139688	0.159064	0.214395	0.214263	0.212136	0.205638	0.199161	0.160376	0.114836	0.144987	0.189408	0.142178	0.105908	0.0984675	0.0561123	0	0	0.0561123	0.101566	0.0862901	0.0563761	0.0738319	0.132402	0.154436	0.111407	0.111407	0.108762	0.0749887	0	0	0	0.0835494	0.111399	0.05042	0.0696278	0.0997529	0.111407	0.0997529	0.0696278	0.105085	0.111399	0.0278498	0.0749887	0.0650765	0.118942	0.0968777	0.123552	0.169774	0.216628	0.324692	0.38515	0.404792	0.41776	0.413205	0.424776	0.408783	0.405521	0.372689	0.367404	0.409803	0.439009	0.445621	0.445621	0.445621	0.43312	0.396087	0.374888	0.39215	0.363991	0.314179	0.260155	0.222814	0.260155	0.314179	0.323938	0.325992	0.310624	0.278517	0.327418	0.409803	0.448586	0.507007	0.579197	0.657118	0.691361	0.719819	0.735261	0.756614	0.784749	0.766879	0.702329	0.677225	0.68408	0.65462	0.576506	0.513727	0.453175	0.403619	0.365532	0.341632	0.334219	0.334219	0.334219	0.334219	0.334219	0.317629	0.30285	0.300511	0.302514	0.293765	0.272081	0.263508	0.309188	0.299465	0.23253	0.166642	0.119664	0.111407	0.111407	0.14539	0.196679	0.181035	0.160429	0.185794	0.245957	0.297599	0.316962	0.329706	0.278509	0.258864	0.274304	0.286475	0.274304	0.244333	0.2666	0.274191	0.237635	0.222814	0.222814	0.216097	0.209364	0.213457	0.211815	0.204363	0.197763	0.204285	0.216563	0.209902	0.16197	0.104507	0.0922033	0.105908	0.144987	0.189408	0.142178	0.0997529	0.0772827	0.0858195	0.101566	0.0561123	0	0.037772	0.0811999	0.104952	0.111407	0.111407	0.118818	0.167685	0.155665	0.142178	0.193963	0.201029	0.212565	0.217169	0.22967	0.24911	0.22967	0.222814	0.209902	0.172253	0.127108	0.111407	0.111407	0.104952	0.113533	0.0741987	0.0448006	0.0188765	0.0941118	0.112266	0.0188765	0.0124364	0.0590806	0.0958331	0.111407	0.135529	0.167685	0.126776	0.157548	0.199742	0.149977	0.155189	0.155687	0.193742	0.199161	0.205865	0.22396	0.162394	0.176975	0.2213	0.230327	0.214395	0.192366	0.17833	0.182433	0.21752	0.184352	0.167685	0.204432	0.326118	0.361244	0.261965	0.299952	0.27429	0.249099	0.224965	0.12455	0.0934166	0.104431	0.13137	0.113533	0.0984675	0.0561123	0	0.0749887	0.108762	0.111407	0.154436	0.178333	0.163541	0.205606	0.219119	0.173751	0.122482	0.113533	0.126833	0.175496	0.187235	0.139253
0.206223	0.227365	0.183302	0.167047	0.167047	0.156825	0.126739	0.104417	0.145302	0.181239	0.1765	0.189251	0.185129	0.201294	0.155085	0.0880411	0.137822	0.159868	0.100333	0.0784125	0.0560939	0.0220483	0	0	0.0220483	0.0638266	0.106579	0.0761364	0.0484173	0.130421	0.114701	0.0835238	0.0835238	0.0660309	0.029529	0	0	0	0.0835176	0.111357	0.073702	0.0997674	0.0861434	0.0835238	0.0861434	0.0997674	0.129051	0.111357	0.0278392	0.029529	0.0473481	0.100501	0.111627	0.110635	0.160682	0.232288	0.327733	0.389377	0.388384	0.354344	0.354423	0.362135	0.337056	0.312821	0.277179	0.274117	0.303351	0.328844	0.334091	0.334091	0.334091	0.323685	0.292798	0.287316	0.302958	0.26968	0.230636	0.189084	0.167047	0.189084	0.230636	0.250829	0.255009	0.25421	0.208809	0.256457	0.303351	0.345486	0.421286	0.497187	0.564463	0.589345	0.587987	0.58728	0.620696	0.63541	0.598664	0.550077	0.541182	0.559583	0.524493	0.45625	0.426799	0.344635	0.304467	0.2839	0.255914	0.25057	0.25057	0.25057	0.25057	0.25057	0.235496	0.231786	0.238931	0.22917	0.22281	0.216597	0.222403	0.284752	0.282703	0.182165	0.117979	0.088971	0.0835238	0.0835238	0.138154	0.169104	0.126739	0.134505	0.163003	0.210824	0.263408	0.25869	0.271198	0.236231	0.21924	0.218203	0.233698	0.218682	0.182993	0.199528	0.22066	0.183263	0.167047	0.167047	0.163322	0.177312	0.166296	0.156825	0.165991	0.168226	0.147419	0.161844	0.162837	0.146933	0.0876592	0.0678607	0.0784125	0.137822	0.159868	0.100333	0.0861434	0.061886	0.0765281	0.0638266	0.0220483	0	0.069694	0.104387	0.0814189	0.0835238	0.0835238	0.0916316	0.145793	0.125597	0.100333	0.137185	0.163479	0.175669	0.15756	0.176082	0.200761	0.176082	0.167047	0.162837	0.154314	0.104222	0.0835238	0.0835238	0.0814189	0.118897	0.0844282	0.0236565	0.00748069	0.106199	0.111858	0.00748069	0.0231619	0.095791	0.0960677	0.0835238	0.118353	0.145793	0.0947911	0.1392	0.166593	0.129861	0.148353	0.148711	0.198336	0.201294	0.205092	0.191857	0.152756	0.195721	0.214059	0.219273	0.181239	0.153634	0.162332	0.182671	0.196832	0.152857	0.145793	0.21018	0.325373	0.299066	0.225978	0.290649	0.264106	0.237859	0.171896	0.11893	0.110047	0.0696986	0.123044	0.118897	0.0560939	0.0220483	0	0.029529	0.0660309	0.0835238	0.114701	0.152455	0.125255	0.167348	0.201396	0.152388	0.111591	0.118897	0.105868	0.141993	0.198205	0.127631
0.211949	0.162276	0.111323	0.111323	0.111323	0.111323	0.118485	0.154013	0.191046	0.157736	0.152743	0.190022	0.186682	0.202835	0.164932	0.133831	0.189263	0.160173	0.111323	0.111323	0.111323	0.111323	0.104597	0.0749356	0.0295178	0.0220006	0.0933413	0.110008	0.105975	0.10034	0.0440012	0	0.0196785	0.0622303	0.098396	0.111323	0.098396	0.0622303	0.104589	0.128284	0.121703	0.158652	0.124461	0.111323	0.132011	0.181429	0.218468	0.217805	0.216694	0.222644	0.24441	0.286023	0.281759	0.281759	0.339279	0.39955	0.472685	0.521467	0.512481	0.482421	0.496367	0.508315	0.486024	0.467447	0.487819	0.53577	0.549683	0.515605	0.487025	0.515605	0.549683	0.556596	0.556596	0.539371	0.494128	0.45272	0.445282	0.445282	0.445282	0.445282	0.43838	0.433939	0.437051	0.477691	0.500939	0.488512	0.487819	0.568723	0.644968	0.685206	0.72361	0.735287	0.719051	0.718784	0.737919	0.706832	0.672085	0.669128	0.665864	0.630006	0.553882	0.484524	0.430346	0.339851	0.308024	0.264021	0.222644	0.222644	0.215799	0.189012	0.17408	0.202848	0.222644	0.237782	0.24892	0.255826	0.2833	0.289385	0.291384	0.305172	0.279852	0.197767	0.194066	0.215799	0.222644	0.222644	0.211949	0.200684	0.196791	0.211263	0.212403	0.228221	0.246176	0.236345	0.256573	0.255819	0.239401	0.224373	0.220014	0.162276	0.133833	0.172122	0.214896	0.212862	0.202848	0.155577	0.128292	0.169854	0.171838	0.126008	0.146274	0.189263	0.140881	0.111323	0.124461	0.157428	0.124461	0.111323	0.111323	0.118071	0.0880024	0	0.0440012	0.040569	0.0501699	0.0139143	0.0501713	0.0928264	0.110008	0.0933413	0.0501699	0.0749356	0.104597	0.140881	0.189263	0.146274	0.111323	0.111323	0.146274	0.199234	0.216694	0.212862	0.18669	0.132011	0.111323	0.132011	0.18669	0.212862	0.202848	0.145279	0.089099	0.112183	0.110005	0.0440012	0.0622303	0.158652	0.157428	0.111323	0.140881	0.189263	0.146274	0.118485	0.160173	0.168422	0.120108	0.157428	0.168419	0.11848	0.140873	0.162864	0.198005	0.177373	0.187971	0.153688	0.136687	0.199222	0.199222	0.199222	0.14527	0.123282	0.147583	0.187971	0.177373	0.118885	0.127907	0.202596	0.295165	0.244392	0.195296	0.257507	0.240197	0.224577	0.162864	0.115163	0.121703	0.0501713	0.0969028	0.118071	0.111323	0.111323	0.111323	0.118485	0.155577	0.202848	0.220018	0.224373	0.198016	0.210341	0.236347	0.208724	0.171838	0.17738	0.148896	0.157736	0.228217	0.18798
0.196717	0.141854	0.11128	0.11128	0.11128	0.11128	0.120062	0.171772	0.183746	0.123242	0.140821	0.202758	0.186611	0.18995	0.177308	0.177311	0.189191	0.140827	0.11128	0.11128	0.11128	0.11128	0.106391	0.108636	0.0659767	0.00983552	0.0501522	0.0927911	0.0983586	0.0622066	0.019671	0	0.0439845	0.100301	0.105934	0.11128	0.105934	0.100301	0.14621	0.155507	0.158893	0.181355	0.124413	0.11128	0.12596	0.168073	0.210261	0.206785	0.215717	0.222559	0.251342	0.290611	0.273286	0.292435	0.36071	0.407549	0.491764	0.531193	0.521641	0.498024	0.503531	0.515304	0.485839	0.470981	0.49394	0.536648	0.549826	0.521379	0.48684	0.521379	0.549826	0.556384	0.556384	0.535927	0.487634	0.45212	0.445112	0.445112	0.445112	0.445112	0.438654	0.436884	0.433774	0.467271	0.500749	0.482348	0.49394	0.590208	0.650397	0.684945	0.731048	0.7426	0.725474	0.724675	0.731053	0.687415	0.67183	0.674918	0.653883	0.591762	0.519421	0.463523	0.395018	0.334558	0.300273	0.25192	0.222559	0.222559	0.216612	0.197941	0.175122	0.211183	0.222559	0.237691	0.248825	0.267559	0.289275	0.283192	0.283873	0.267193	0.246671	0.21638	0.208415	0.216612	0.222559	0.222559	0.196717	0.200608	0.211868	0.202771	0.212322	0.228134	0.22643	0.246671	0.256476	0.276093	0.23931	0.224287	0.205375	0.141854	0.146219	0.167498	0.208415	0.209113	0.211183	0.174289	0.128244	0.155516	0.179483	0.131961	0.133782	0.189191	0.160112	0.11128	0.124413	0.157368	0.124413	0.11128	0.11128	0.0879741	0.0393421	0	0.019671	0.0354637	0.0311033	0.013909	0.0933058	0.109966	0.0927911	0.0501522	0.074903	0.108636	0.106391	0.160112	0.189191	0.133782	0.11128	0.11128	0.133782	0.182957	0.215717	0.209113	0.169222	0.12596	0.11128	0.12596	0.169222	0.209113	0.211183	0.187134	0.13122	0.0890636	0.121656	0.125951	0.100301	0.181355	0.157368	0.11128	0.160112	0.189191	0.133782	0.120062	0.168358	0.160112	0.11844	0.157368	0.157674	0.0906803	0.127858	0.189184	0.184787	0.136635	0.174001	0.125951	0.123235	0.199147	0.199147	0.199147	0.145215	0.136635	0.161308	0.229603	0.190964	0.11884	0.140819	0.202519	0.267544	0.230444	0.195222	0.215701	0.212767	0.21117	0.189184	0.102684	0.109963	0.0933058	0.0598264	0.0879741	0.11128	0.11128	0.11128	0.120062	0.174289	0.211183	0.230248	0.224287	0.202769	0.218385	0.227071	0.22643	0.179483	0.186874	0.157676	0.14884	0.206778	0.196956
0.177738	0.166856	0.166856	0.166856	0.166856	0.166856	0.163135	0.162817	0.120021	0.10635	0.174889	0.215643	0.196902	0.189627	0.184314	0.18654	0.139041	0.0879406	0.0834284	0.0834284	0.0834284	0.0738591	0.0641624	0.109327	0.0984513	0.0377156	0.00747215	0	0	0	0	0	0.0670201	0.11322	0.0462709	0	0.0670201	0.138599	0.184761	0.168596	0.181498	0.191638	0.121938	0.137028	0.161659	0.183053	0.227563	0.244237	0.250284	0.250284	0.26382	0.273886	0.262723	0.32392	0.397325	0.417124	0.477037	0.491823	0.463992	0.430342	0.425471	0.426312	0.384495	0.354617	0.34175	0.334025	0.339741	0.376151	0.38599	0.401696	0.403899	0.417135	0.417135	0.417135	0.438487	0.480156	0.500558	0.500558	0.485236	0.449042	0.409746	0.401696	0.407254	0.417135	0.417135	0.434876	0.48087	0.526946	0.536524	0.567342	0.613012	0.605245	0.553235	0.519323	0.503342	0.445415	0.408719	0.364612	0.311293	0.270609	0.263138	0.255914	0.202313	0.183321	0.169724	0.166856	0.166856	0.161659	0.14725	0.156219	0.177252	0.191648	0.166856	0.186548	0.215206	0.23382	0.240823	0.227106	0.234973	0.226433	0.206602	0.194167	0.145193	0.091527	0.100219	0.137028	0.161659	0.200532	0.200532	0.166856	0.171707	0.1796	0.195043	0.215643	0.206694	0.224422	0.152582	0.141831	0.117981	0.0834284	0.095958	0.0522818	0.095958	0.0834284	0.118218	0.145627	0.0918307	0.090876	0.120575	0.0860451	0.069619	0.122904	0.122904	0.0377156	0.0527686	0.10919	0.0694745	0.00747215	0.0294953	0.0659555	0.0834284	0.0834284	0.0834284	0.0834284	0.0834284	0.081326	0.104268	0.0696144	0	0.0220232	0.0958951	0.105719	0.056827	0.115903	0.0927496	0.0220232	0.0560298	0.078323	0.0834284	0.0888694	0.116731	0.152083	0.166856	0.166856	0.166856	0.166856	0.147482	0.102394	0.111514	0.188304	0.155391	0.0728706	0.122076	0.178428	0.157798	0.196607	0.137739	0.100219	0.167157	0.174889	0.152083	0.163135	0.162817	0.120021	0.0834284	0.139041	0.139041	0.0879406	0.139041	0.184716	0.153514	0.11173	0.141565	0.118794	0.129468	0.19003	0.195795	0.191202	0.138773	0.145506	0.17594	0.243301	0.20155	0.125635	0.148847	0.2016	0.241954	0.230319	0.196897	0.192946	0.191708	0.195498	0.216158	0.125453	0.120021	0.159971	0.117844	0.0888694	0.0834284	0.100219	0.137028	0.158743	0.162817	0.120021	0.137996	0.168911	0.166106	0.19413	0.187602	0.200251	0.174235	0.181033	0.152281	0.132742	0.159358	0.149855
0.23887	0.222389	0.222389	0.222389	0.222389	0.222389	0.215685	0.18544	0.135729	0.155397	0.216216	0.214204	0.217105	0.19929	0.190366	0.200449	0.157248	0.114617	0.111195	0.111195	0.111195	0.103221	0.101373	0.0947464	0.108553	0.0810423	0.0188406	0	0	0	0	0	0.0916771	0.114609	0.0248254	0	0.0916771	0.189039	0.204747	0.156402	0.199518	0.223533	0.170316	0.193594	0.21615	0.237182	0.281095	0.32038	0.333582	0.333582	0.343847	0.351623	0.34829	0.429294	0.504951	0.510296	0.540495	0.553377	0.524899	0.511288	0.521033	0.512748	0.486484	0.45436	0.444987	0.443884	0.451838	0.488251	0.514264	0.526145	0.541025	0.555959	0.555959	0.555959	0.587876	0.643111	0.667141	0.667141	0.648381	0.601679	0.550721	0.526145	0.536032	0.555959	0.555959	0.582296	0.639657	0.661593	0.671749	0.69659	0.724921	0.71306	0.656669	0.618823	0.594906	0.530097	0.449308	0.378048	0.340981	0.316943	0.300859	0.289737	0.232971	0.224116	0.227331	0.222389	0.222389	0.21615	0.203896	0.190252	0.242818	0.2413	0.222389	0.23751	0.277866	0.286199	0.300726	0.286538	0.284622	0.271882	0.216755	0.202195	0.161897	0.118592	0.141907	0.193594	0.21615	0.248635	0.248635	0.222389	0.199008	0.200761	0.241035	0.214204	0.202745	0.2116	0.162084	0.175162	0.13899	0.111195	0.0956505	0.069497	0.0956505	0.111195	0.13527	0.167365	0.127714	0.122744	0.120909	0.0995628	0.104232	0.13112	0.13112	0.0810423	0.0434153	0.0999122	0.0947854	0.0188406	0.0748458	0.108554	0.111195	0.111195	0.111195	0.111195	0.111195	0.104752	0.0810451	0.0377	0	0.0560053	0.112017	0.0873186	0.0934394	0.112637	0.0501124	0.0560053	0.0982799	0.105706	0.111195	0.119436	0.167945	0.208136	0.222389	0.222389	0.222389	0.222389	0.206627	0.15813	0.135439	0.227525	0.192098	0.109575	0.137586	0.194617	0.223442	0.217105	0.146746	0.141907	0.205214	0.216216	0.208136	0.215685	0.18544	0.135729	0.111195	0.157248	0.157248	0.114617	0.157248	0.150337	0.119944	0.112052	0.082456	0.124312	0.166826	0.178288	0.196552	0.180442	0.130851	0.150208	0.190604	0.222213	0.206615	0.143093	0.163882	0.214916	0.219695	0.244223	0.198451	0.183626	0.174541	0.176638	0.231319	0.155368	0.135729	0.185269	0.166324	0.119436	0.111195	0.141907	0.193594	0.210335	0.18544	0.135729	0.145113	0.196304	0.21305	0.233459	0.223697	0.212899	0.221438	0.213986	0.177993	0.179675	0.180702	0.151386
0.219081	0.222305	0.222305	0.222305	0.212008	0.190919	0.189354	0.202223	0.199866	0.212633	0.226181	0.217338	0.230866	0.211376	0.215964	0.218508	0.16612	0.118588	0.111153	0.111153	0.111153	0.124977	0.159433	0.127791	0.130159	0.133269	0.08243	0.0833646	0.0833646	0.0695658	0.0376868	0.00746644	0.0887152	0.106182	0.085332	0.116642	0.197715	0.273448	0.262685	0.239857	0.297564	0.326703	0.306386	0.333211	0.359047	0.387089	0.402705	0.41322	0.416816	0.432657	0.480217	0.508405	0.526462	0.593641	0.608941	0.577161	0.571219	0.555474	0.523883	0.505777	0.492773	0.468881	0.432787	0.399833	0.404594	0.38092	0.384228	0.434266	0.46714	0.485287	0.482978	0.477698	0.504218	0.545864	0.582644	0.590213	0.583533	0.583533	0.597095	0.606169	0.602017	0.601534	0.582451	0.561051	0.566121	0.591143	0.608756	0.606516	0.633787	0.660039	0.674594	0.639824	0.57045	0.52556	0.471768	0.390478	0.321295	0.285281	0.290111	0.284665	0.266207	0.263632	0.222982	0.212255	0.178996	0.138941	0.138941	0.144069	0.182715	0.182644	0.192125	0.175089	0.202539	0.237419	0.263845	0.25001	0.2816	0.258028	0.257124	0.253761	0.21402	0.218382	0.204678	0.191031	0.194554	0.201563	0.198932	0.225302	0.221142	0.207328	0.21547	0.207409	0.20938	0.154774	0.155959	0.15612	0.134522	0.158045	0.0894396	0.0231193	0.0231193	0.0172287	0.0231193	0.0277882	0.0614841	0.116173	0.120642	0.130017	0.111095	0.098246	0.115557	0.135212	0.127253	0.106262	0.0452923	0.0920937	0.0983192	0.0483233	0.114987	0.093199	0.0334868	0.0627504	0.0968496	0.111153	0.111153	0.109498	0.10111	0.0888015	0.0833646	0.0961755	0.0987928	0.0497009	0.0872223	0.0882735	0.0529017	0.0822448	0.100707	0.0416793	0.0434005	0.086801	0.122637	0.120272	0.119924	0.138941	0.138941	0.119924	0.141172	0.144498	0.130566	0.235903	0.21303	0.161552	0.191776	0.254225	0.288714	0.223612	0.171289	0.185869	0.21549	0.209825	0.16179	0.137284	0.128847	0.116552	0.111153	0.127715	0.102566	0.0538369	0.121206	0.0858632	0.0834252	0.111379	0.0429961	0.096755	0.185731	0.185491	0.202613	0.202376	0.162748	0.163852	0.208167	0.220451	0.218975	0.174082	0.18032	0.222667	0.211296	0.249893	0.203691	0.177174	0.158774	0.167029	0.227576	0.194273	0.17041	0.176353	0.191627	0.192039	0.194517	0.194554	0.180465	0.142672	0.145966	0.17041	0.186027	0.193361	0.202247	0.228331	0.233531	0.208405	0.226263	0.216748	0.184374	0.200145	0.183907	0.149765
0.209343	0.22222	0.22222	0.22222	0.211251	0.183915	0.183915	0.211251	0.22222	0.221797	0.223357	0.227362	0.223785	0.216943	0.233281	0.212737	0.15864	0.118501	0.111111	0.111111	0.111111	0.126769	0.177858	0.154024	0.14497	0.147634	0.104672	0.111111	0.111111	0.104153	0.0809807	0.0188262	0.0500743	0.0931677	0.119345	0.167817	0.259112	0.297064	0.284963	0.297223	0.343891	0.372183	0.366147	0.389886	0.414335	0.43784	0.444434	0.444434	0.444434	0.468156	0.536097	0.563462	0.592025	0.6474	0.629681	0.595814	0.565508	0.528389	0.517293	0.490113	0.468734	0.461085	0.409062	0.389331	0.391105	0.355549	0.36772	0.422404	0.451717	0.471595	0.46098	0.451717	0.491032	0.546081	0.58016	0.570214	0.555536	0.555536	0.577221	0.607444	0.616213	0.625076	0.601221	0.562752	0.570464	0.593796	0.591469	0.588573	0.621094	0.647841	0.64698	0.593297	0.532486	0.480028	0.400784	0.33086	0.274641	0.244904	0.268068	0.274973	0.256088	0.256088	0.225216	0.196611	0.145003	0.111111	0.111111	0.118501	0.158356	0.180554	0.158356	0.166198	0.20647	0.237329	0.246445	0.238945	0.289938	0.248446	0.248446	0.248446	0.215521	0.222077	0.225216	0.215986	0.203818	0.197236	0.203741	0.209009	0.211999	0.207977	0.22222	0.198856	0.154024	0.138882	0.125417	0.101105	0.121578	0.150603	0.102955	0.0188262	0	0	0	0	0.0248066	0.0694423	0.126495	0.13102	0.0955778	0.103142	0.126495	0.156306	0.148171	0.111967	0.0805713	0.106637	0.081016	0.0869498	0.124218	0.0500743	0.0188262	0.0809807	0.104153	0.111111	0.111111	0.111111	0.111111	0.111111	0.111111	0.0955778	0.0589231	0.020554	0.0589231	0.0966133	0.0982052	0.0931636	0.105474	0.0869498	0.0708144	0.101296	0.0860602	0.111932	0.108472	0.111111	0.111111	0.108472	0.166699	0.173319	0.185287	0.222582	0.208177	0.215597	0.254319	0.301392	0.298667	0.212737	0.189674	0.198854	0.211833	0.200608	0.135625	0.111111	0.111111	0.111111	0.111111	0.0931677	0.0500743	0.0637487	0.114522	0.0508198	0.0661935	0.111967	0.0458037	0.0500743	0.161673	0.192939	0.18504	0.21694	0.201295	0.169526	0.205316	0.223937	0.223937	0.211096	0.194469	0.214565	0.220951	0.240735	0.205935	0.167578	0.135679	0.167238	0.203887	0.196611	0.193447	0.174023	0.185299	0.215521	0.22222	0.203818	0.158356	0.118501	0.141799	0.193447	0.202146	0.201987	0.20471	0.218536	0.229245	0.22127	0.234466	0.208998	0.209742	0.223363	0.174823	0.167712
0.188978	0.155166	0.138835	0.138835	0.151686	0.168959	0.201078	0.221128	0.222136	0.213783	0.223252	0.229564	0.206792	0.21686	0.228157	0.186504	0.137276	0.112747	0.111068	0.111068	0.111068	0.105323	0.147944	0.14285	0.140933	0.140203	0.109415	0.111068	0.101317	0.117171	0.144964	0.158785	0.173683	0.187556	0.20949	0.268841	0.328785	0.34318	0.371125	0.415617	0.437422	0.449254	0.451553	0.473661	0.467295	0.448358	0.465555	0.507164	0.52756	0.544519	0.586356	0.593096	0.613289	0.620007	0.581442	0.547593	0.509214	0.502208	0.518462	0.489568	0.46802	0.448859	0.389045	0.384217	0.364706	0.354638	0.385565	0.38004	0.37498	0.401084	0.38053	0.380469	0.428174	0.449006	0.463811	0.466676	0.466785	0.47203	0.477335	0.511428	0.554387	0.586165	0.595864	0.568723	0.55024	0.547047	0.552854	0.575245	0.597639	0.592428	0.563937	0.50074	0.441658	0.370826	0.312825	0.289285	0.247445	0.225403	0.251595	0.245531	0.211483	0.212652	0.172856	0.134354	0.13544	0.147537	0.138048	0.118214	0.131658	0.17093	0.194878	0.228888	0.239059	0.237239	0.261178	0.274298	0.309783	0.248351	0.234243	0.22967	0.210274	0.213204	0.187457	0.162127	0.187311	0.203309	0.182576	0.167753	0.19426	0.161667	0.138835	0.132076	0.114203	0.116084	0.0927855	0.0825945	0.106485	0.114827	0.115196	0.0450654	0	0	0.0294503	0.065855	0.0700402	0.0346832	0.0988681	0.106456	0.0231017	0.0639356	0.120623	0.153737	0.157955	0.122902	0.117837	0.120503	0.0909814	0.141893	0.147577	0.0905096	0.0888853	0.139989	0.13145	0.096776	0.0627027	0.0334613	0.0277671	0.0277671	0.0219503	0.0429013	0.0733566	0.0833679	0.0850614	0.0826423	0.111076	0.103542	0.130974	0.162238	0.151981	0.137972	0.0860274	0.1233	0.109535	0.0201914	0.0197742	0.116545	0.187755	0.220678	0.255838	0.250583	0.265273	0.295104	0.319217	0.331575	0.28788	0.210794	0.206863	0.205295	0.205849	0.178213	0.150009	0.168342	0.153857	0.121776	0.111068	0.104358	0.0905096	0.0959479	0.0981438	0.0275701	0.0482186	0.100951	0.0864829	0.0747644	0.131269	0.171691	0.157945	0.183372	0.19656	0.16548	0.18535	0.20464	0.216663	0.241273	0.216564	0.219907	0.241828	0.24229	0.220397	0.193993	0.138954	0.159727	0.174622	0.131492	0.142617	0.123012	0.0815117	0.0595499	0.0555342	0.0565276	0.0747644	0.0986976	0.140082	0.165435	0.132334	0.159817	0.170981	0.172715	0.182624	0.200695	0.21619	0.173216	0.204884	0.232453	0.175458	0.177539
0.193299	0.141691	0.111026	0.111026	0.126672	0.15964	0.214329	0.227159	0.222051	0.209183	0.223775	0.223489	0.197085	0.216777	0.218369	0.173156	0.126672	0.111026	0.111026	0.111026	0.111026	0.103063	0.138776	0.138776	0.138776	0.123715	0.111026	0.111026	0.103063	0.108489	0.152831	0.208279	0.222051	0.222051	0.243982	0.315877	0.350567	0.365887	0.424799	0.469775	0.474035	0.470712	0.48927	0.514105	0.48047	0.45115	0.476923	0.531902	0.555112	0.571007	0.601239	0.608048	0.619539	0.5969	0.559549	0.521212	0.48507	0.496503	0.508387	0.485009	0.458078	0.419555	0.388853	0.38661	0.352642	0.357676	0.390806	0.358794	0.352576	0.377521	0.350296	0.362744	0.414906	0.417492	0.429093	0.435102	0.437505	0.444095	0.444095	0.473682	0.528998	0.571034	0.593343	0.572435	0.541646	0.528757	0.54321	0.574728	0.580698	0.552669	0.519754	0.455357	0.391049	0.317074	0.286102	0.273251	0.236821	0.218446	0.234642	0.213878	0.181808	0.200144	0.157008	0.114442	0.141691	0.160554	0.154688	0.119254	0.129558	0.180414	0.211089	0.248256	0.248256	0.237148	0.277442	0.285763	0.301089	0.248256	0.221628	0.223775	0.211089	0.203663	0.158235	0.152071	0.193299	0.200341	0.158235	0.165369	0.188759	0.135522	0.111026	0.111026	0.104592	0.0809217	0.0748589	0.099599	0.0866983	0.0523626	0.118568	0.0823304	0	0	0.0747318	0.108389	0.103063	0.0812031	0.0809542	0.0937894	0	0.0915375	0.151809	0.137987	0.150488	0.148603	0.137377	0.124123	0.113585	0.174895	0.157008	0.111026	0.114442	0.157008	0.138778	0.104073	0.0809189	0.0188119	0	0	0.0747318	0.108389	0.111026	0.111026	0.103063	0.101218	0.0946021	0.0955048	0.135522	0.188759	0.19392	0.177722	0.154832	0.155667	0.133104	0.0376237	0.05592	0.156186	0.187501	0.276501	0.30451	0.282906	0.31796	0.316602	0.328821	0.33879	0.277384	0.211837	0.211837	0.212726	0.196005	0.157256	0.167689	0.188119	0.180414	0.129558	0.111026	0.111026	0.111026	0.0955048	0.0588782	0.0123938	0.0247876	0.0693893	0.0994111	0.108389	0.124123	0.137715	0.179913	0.175535	0.174275	0.173904	0.180405	0.179759	0.205159	0.248245	0.223766	0.223766	0.248245	0.236127	0.2117	0.21366	0.153907	0.150545	0.16711	0.137382	0.13092	0.108388	0.0809189	0.0188119	0	0.0188119	0.0809189	0.104073	0.138778	0.157008	0.113493	0.157005	0.161837	0.151155	0.169397	0.204933	0.211373	0.173405	0.192569	0.224065	0.205383	0.189778
0.166308	0.149892	0.138729	0.138729	0.142382	0.148809	0.16745	0.139228	0.125625	0.150261	0.175295	0.152726	0.130246	0.164311	0.146746	0.0977267	0.0616293	0.0766158	0.0832377	0.0832377	0.0832377	0.0935088	0.127194	0.125905	0.13087	0.0945073	0.0832377	0.0832377	0.0975394	0.100653	0.113905	0.125437	0.15838	0.202478	0.248099	0.307362	0.318785	0.351229	0.411717	0.4116	0.390731	0.391758	0.42145	0.421663	0.347853	0.34567	0.382066	0.395432	0.413573	0.465179	0.491794	0.471524	0.448718	0.421882	0.408546	0.378083	0.360688	0.379906	0.374311	0.358046	0.321814	0.287489	0.287188	0.269572	0.220896	0.231797	0.242379	0.213157	0.230676	0.248162	0.232605	0.258518	0.28272	0.257635	0.26678	0.260226	0.254265	0.27061	0.288193	0.319428	0.347167	0.34955	0.359962	0.360545	0.357104	0.370317	0.410427	0.43275	0.412252	0.381771	0.375892	0.331663	0.291727	0.250701	0.232151	0.199546	0.169837	0.163255	0.171267	0.164403	0.166835	0.194563	0.142508	0.0987949	0.133742	0.123417	0.146437	0.138621	0.151497	0.184922	0.17128	0.200073	0.214714	0.209967	0.246476	0.227795	0.23037	0.188687	0.165133	0.189136	0.169175	0.16129	0.149157	0.152131	0.151547	0.111172	0.101394	0.149512	0.140096	0.0685194	0.0397143	0.0277459	0.0261342	0.0188057	0.0505213	0.0954407	0.0654969	0.0432062	0.113181	0.103111	0.0554918	0.0628124	0.12902	0.127897	0.0975394	0.116563	0.103553	0.100576	0.0589155	0.125997	0.173989	0.131732	0.15286	0.174572	0.152618	0.135165	0.148104	0.190459	0.13741	0.0832377	0.0832085	0.11529	0.0822739	0.0751967	0.106335	0.0408228	0.00470847	0.0149101	0.107747	0.0986137	0.0397143	0.0642218	0.0930612	0.134666	0.128687	0.133562	0.140934	0.180705	0.196327	0.182335	0.205133	0.196094	0.17662	0.12565	0.139975	0.195711	0.212008	0.335231	0.339039	0.296951	0.328598	0.300562	0.309278	0.321612	0.241487	0.180705	0.180705	0.161599	0.119624	0.097593	0.120296	0.0702795	0.113931	0.0905246	0.0642218	0.0397143	0.0277459	0.0230841	0.0123894	0.00235423	0.00470847	0.0152625	0.0244069	0.1061	0.111839	0.0905499	0.189903	0.16704	0.143395	0.160048	0.166837	0.152968	0.173961	0.223677	0.196178	0.196178	0.217793	0.195496	0.159243	0.177173	0.111853	0.0921878	0.11912	0.128349	0.114582	0.0871608	0.0937964	0.0225563	0	0.0261323	0.104545	0.0852867	0.0947934	0.114253	0.0618129	0.137634	0.150265	0.135557	0.15687	0.196319	0.197552	0.17036	0.172887	0.203678	0.220016	0.196251
0.198807	0.205394	0.221881	0.221881	0.221881	0.215377	0.188618	0.138238	0.149357	0.201914	0.201914	0.149357	0.138672	0.162244	0.108305	0.077766	0.0784443	0.100957	0.110941	0.110941	0.110941	0.127849	0.13867	0.132262	0.147409	0.112121	0.110941	0.110941	0.127853	0.146243	0.141422	0.149357	0.223403	0.302718	0.364002	0.397041	0.410114	0.463351	0.504763	0.477153	0.477153	0.498443	0.510263	0.498443	0.440904	0.46966	0.511398	0.511398	0.556337	0.635722	0.645821	0.59857	0.558176	0.524943	0.504927	0.470875	0.454223	0.447154	0.409493	0.388526	0.336767	0.299993	0.294453	0.284528	0.260768	0.274396	0.263116	0.246175	0.274396	0.285883	0.292551	0.313468	0.310082	0.285883	0.285415	0.285415	0.292551	0.320156	0.356091	0.405962	0.429889	0.414876	0.407032	0.425023	0.443756	0.470875	0.522737	0.522737	0.473926	0.422439	0.411599	0.385298	0.36055	0.333122	0.296453	0.246269	0.221881	0.215377	0.188618	0.188615	0.216612	0.216967	0.16172	0.138071	0.175151	0.164744	0.191839	0.215377	0.228709	0.248067	0.228709	0.248067	0.286784	0.287404	0.297486	0.272764	0.248689	0.223604	0.212788	0.235745	0.225768	0.221881	0.221881	0.205394	0.162315	0.118656	0.127853	0.177587	0.136894	0.0887936	0.046759	0	0	0	0.0310072	0.0784443	0.0991599	0.0887936	0.108773	0.0999986	0.110941	0.127853	0.177587	0.149998	0.127853	0.164884	0.168706	0.138238	0.118656	0.166983	0.19299	0.156888	0.177584	0.199991	0.177584	0.171465	0.211076	0.22087	0.148744	0.110941	0.104891	0.0887936	0.046759	0.046759	0.108773	0.0772699	0.015256	0.046759	0.118477	0.0721207	0.046759	0.0887936	0.11872	0.175412	0.209854	0.221881	0.215377	0.235745	0.248689	0.248411	0.270238	0.252554	0.248411	0.228709	0.236967	0.249995	0.284528	0.407833	0.394169	0.352995	0.388294	0.373123	0.35517	0.352995	0.263408	0.223604	0.223604	0.175412	0.127853	0.114355	0.0999986	0.0416029	0.0784443	0.0991599	0.0887936	0.046759	0	0	0	0	0	0	0	0.110933	0.110933	0.0831997	0.194132	0.166399	0.138666	0.139358	0.156693	0.168695	0.180122	0.221865	0.194132	0.194132	0.194627	0.171521	0.171521	0.194627	0.110933	0.0975902	0.141412	0.129258	0.129793	0.108773	0.0772699	0.015256	0	0.0277332	0.110933	0.097037	0.0995413	0.0995413	0.0396163	0.115629	0.153723	0.161239	0.186418	0.196652	0.196652	0.181186	0.180122	0.222298	0.237993	0.213856
0.201922	0.198901	0.180743	0.166348	0.166348	0.163055	0.146489	0.12189	0.13862	0.13862	0.0980216	0.083491	0.118107	0.125026	0.0541075	0.0531729	0.0942931	0.0655326	0.0522286	0.0554495	0.0554495	0.109586	0.127799	0.132967	0.156829	0.11627	0.12189	0.146489	0.169991	0.183567	0.191268	0.228282	0.309038	0.346925	0.375284	0.408914	0.440787	0.480869	0.493599	0.469052	0.504572	0.523103	0.502667	0.481097	0.431523	0.46264	0.488185	0.494657	0.536717	0.569679	0.555185	0.52556	0.512688	0.485691	0.455669	0.421292	0.414713	0.399121	0.35377	0.339261	0.289006	0.266134	0.270484	0.269793	0.246804	0.240424	0.232373	0.226982	0.24507	0.252813	0.264073	0.27659	0.287141	0.288422	0.285627	0.26956	0.259202	0.281753	0.321418	0.340534	0.332693	0.346974	0.361401	0.377753	0.402241	0.451527	0.48069	0.452583	0.414563	0.3791	0.374384	0.356883	0.324163	0.285594	0.257104	0.232571	0.221797	0.218495	0.201758	0.217767	0.241607	0.196308	0.142633	0.140928	0.178101	0.148886	0.14953	0.177197	0.21046	0.216976	0.188547	0.211595	0.259986	0.22932	0.23261	0.217767	0.198838	0.199921	0.183101	0.199921	0.18287	0.166348	0.166348	0.156169	0.132144	0.114274	0.118439	0.137225	0.0776163	0.103911	0.0792175	0.00470488	0	0	0.00980182	0.0309968	0.055743	0.0999579	0.103241	0.0980216	0.114274	0.142633	0.178101	0.136527	0.118034	0.135706	0.139074	0.12189	0.125341	0.172374	0.191581	0.181794	0.201198	0.216125	0.186234	0.176495	0.20992	0.182583	0.120936	0.110899	0.107623	0.0914394	0.0668206	0.0593175	0.10603	0.111712	0.037066	0.0777603	0.118363	0.0592347	0.100035	0.132226	0.115512	0.142341	0.180067	0.211524	0.210757	0.223519	0.232599	0.2578	0.290368	0.267594	0.270205	0.274633	0.289451	0.304019	0.346546	0.438719	0.417104	0.383039	0.406996	0.387487	0.34227	0.333754	0.250904	0.235655	0.235655	0.183567	0.13852	0.112559	0.0908913	0.0664736	0.0499804	0.055743	0.0999579	0.0870861	0.0196036	0	0	0	0	0	0.00980182	0.111754	0.107776	0.0873763	0.187256	0.162772	0.145544	0.128467	0.150073	0.193154	0.195948	0.214683	0.188279	0.194849	0.180475	0.153103	0.184629	0.21265	0.122813	0.125686	0.164637	0.123981	0.15399	0.134416	0.0817232	0.046133	0.0196036	0.0243866	0.0992909	0.111767	0.110296	0.084112	0.0422072	0.0614235	0.101913	0.156093	0.215551	0.201266	0.198191	0.19882	0.206428	0.252204	0.258801	0.239852
0.205238	0.20176	0.149243	0.110856	0.110856	0.110856	0.110856	0.110856	0.0999224	0.061967	0	0.0467233	0.10869	0.077211	0.0152444	0.0309835	0.103254	0.087634	0.0152444	0	0	0.061967	0.0999224	0.136509	0.166855	0.124997	0.138133	0.188475	0.215212	0.221712	0.246081	0.310123	0.37455	0.385284	0.38471	0.433923	0.471921	0.474467	0.482591	0.476789	0.532341	0.540604	0.495856	0.458703	0.42341	0.459307	0.467217	0.480587	0.509711	0.498023	0.467217	0.460613	0.470516	0.446868	0.405652	0.373737	0.376945	0.353001	0.302639	0.286565	0.2485	0.236333	0.255502	0.245147	0.220319	0.216802	0.211061	0.205125	0.210847	0.224978	0.236333	0.247878	0.272556	0.297259	0.287185	0.238987	0.223433	0.26057	0.287185	0.265478	0.235569	0.269053	0.314577	0.332566	0.364517	0.434887	0.422117	0.38493	0.363724	0.342665	0.334774	0.324898	0.284955	0.237193	0.221712	0.221712	0.221712	0.221712	0.221712	0.247878	0.249805	0.175278	0.127755	0.149883	0.177451	0.127755	0.110856	0.149243	0.1984	0.175278	0.149243	0.177451	0.223328	0.18114	0.177451	0.163679	0.16335	0.177451	0.148889	0.166855	0.136509	0.110856	0.110856	0.110856	0.110856	0.110856	0.10088	0.0783845	0.0251354	0.0994655	0.0994655	0.0152444	0	0	0	0	0.0152444	0.0692821	0.0993166	0.110856	0.118565	0.161596	0.175018	0.127755	0.110856	0.110856	0.110856	0.110856	0.136474	0.177451	0.195961	0.220702	0.227265	0.23054	0.188471	0.166855	0.177279	0.154917	0.113464	0.110856	0.110856	0.110856	0.110856	0.0993166	0.115541	0.133545	0.0720657	0.0975159	0.126151	0.0843425	0.154055	0.156769	0.114268	0.118565	0.162191	0.205238	0.212445	0.211514	0.212626	0.260304	0.302242	0.285197	0.292328	0.319912	0.342799	0.373104	0.397035	0.445632	0.451126	0.418916	0.408238	0.387486	0.337965	0.31315	0.248471	0.247878	0.247878	0.205238	0.162191	0.110856	0.0969994	0.10281	0.061967	0.0152444	0.0692821	0.115541	0.061967	0	0	0	0	0	0.0309835	0.11426	0.0989235	0.0994655	0.166849	0.152297	0.166272	0.156033	0.18013	0.226772	0.21738	0.195333	0.17139	0.196502	0.197846	0.18013	0.195843	0.216727	0.154917	0.169138	0.169138	0.123571	0.185901	0.162121	0.114268	0.0999224	0.061967	0.0152444	0.0692821	0.13072	0.13072	0.0993166	0.110856	0.10088	0.0783845	0.139251	0.235376	0.223421	0.213693	0.23227	0.257206	0.27885	0.279345	0.270082
0.15605	0.182977	0.169078	0.117944	0.110814	0.110814	0.107541	0.0913697	0.0521888	0.0195887	0	0.0626056	0.0942213	0.0510711	0.02429	0.0144956	0.0813208	0.105486	0.0441295	0.00979436	0	0.0195887	0.0460979	0.0941463	0.159993	0.171135	0.201769	0.235326	0.244553	0.273989	0.314182	0.359287	0.400562	0.417508	0.418555	0.465716	0.480036	0.476385	0.504905	0.490912	0.520207	0.501816	0.435195	0.40314	0.396644	0.432346	0.422865	0.438547	0.465465	0.452238	0.432169	0.433177	0.424783	0.39295	0.367606	0.346898	0.333015	0.293497	0.267883	0.2743	0.254118	0.246337	0.252319	0.226619	0.210909	0.215867	0.190174	0.174012	0.195528	0.207771	0.206223	0.211781	0.217083	0.22068	0.183354	0.159081	0.1884	0.250002	0.224632	0.206284	0.214872	0.242524	0.269928	0.297857	0.335253	0.359337	0.31647	0.313016	0.298372	0.273112	0.269853	0.277027	0.244486	0.218724	0.221628	0.221628	0.211363	0.187235	0.176508	0.211434	0.199768	0.139209	0.117944	0.157016	0.166792	0.117944	0.110814	0.138514	0.157016	0.127707	0.136423	0.166792	0.189256	0.154435	0.138511	0.117642	0.133472	0.133472	0.103075	0.13353	0.0836323	0.0554073	0.0554073	0.0706305	0.0979469	0.100838	0.0693288	0.0327651	0.0108645	0.0816086	0.110212	0.0327632	0	0	0	0	0.00470129	0.0312056	0.0798556	0.107541	0.112694	0.137471	0.112929	0.0627167	0.0554073	0.0554073	0.0588257	0.0771612	0.12815	0.156709	0.187119	0.218213	0.18577	0.186295	0.147629	0.147242	0.157414	0.14595	0.114131	0.0842571	0.104119	0.110814	0.104119	0.112929	0.127377	0.146486	0.112465	0.114866	0.140925	0.119066	0.16614	0.144271	0.107487	0.112694	0.138514	0.127276	0.14317	0.16323	0.163016	0.21537	0.275791	0.291336	0.306667	0.325588	0.347047	0.390618	0.395043	0.427637	0.456543	0.411823	0.394772	0.398365	0.355847	0.304901	0.24758	0.229284	0.204515	0.172148	0.163676	0.107786	0.0777064	0.11044	0.103832	0.0293703	0.0293703	0.103832	0.105486	0.0195887	0	0.0195887	0.043803	0.0554073	0.0789653	0.130671	0.103662	0.113117	0.14709	0.147776	0.190165	0.190979	0.19969	0.227989	0.208597	0.166995	0.160189	0.202204	0.231653	0.216801	0.205794	0.229136	0.188395	0.188395	0.166791	0.142952	0.216384	0.176548	0.116927	0.138514	0.138514	0.114187	0.120686	0.161411	0.156709	0.112797	0.110814	0.104119	0.0924027	0.15482	0.258763	0.256692	0.249299	0.272441	0.301885	0.301716	0.295113	0.290125
0.110772	0.149769	0.177316	0.127658	0.110772	0.110772	0.104731	0.0886584	0.0466877	0	0	0.0466877	0.0886584	0.0998463	0.0692293	0.0152328	0.0466877	0.0998435	0.0842782	0.0309599	0	0	0.0152328	0.0619226	0.14602	0.215084	0.261079	0.272739	0.27867	0.33273	0.379582	0.397172	0.4227	0.449607	0.458102	0.483335	0.484409	0.496333	0.524025	0.485691	0.486017	0.45116	0.374572	0.35966	0.371718	0.399379	0.383965	0.397384	0.421111	0.409105	0.40073	0.403208	0.373349	0.339507	0.332313	0.319668	0.282412	0.237013	0.241817	0.272739	0.261079	0.260147	0.235386	0.213109	0.202025	0.196203	0.166728	0.14913	0.186554	0.174577	0.171203	0.177313	0.161997	0.130621	0.108607	0.0998463	0.156649	0.238953	0.166728	0.160909	0.201606	0.221543	0.228869	0.268848	0.30003	0.260147	0.223263	0.252169	0.235386	0.204969	0.210686	0.230364	0.213109	0.205081	0.221543	0.221543	0.205081	0.162068	0.132298	0.177316	0.149769	0.110772	0.110772	0.156649	0.156649	0.110772	0.110772	0.0998463	0.12384	0.0998463	0.123845	0.156649	0.138458	0.118297	0.114173	0.0875672	0.114173	0.0988482	0.0875672	0.103176	0.0309599	0	0	0.0619198	0.0998463	0.099241	0.0692293	0.0152328	0	0.0570867	0.114173	0.0570867	0	0	0	0	0	0.0466877	0.0886584	0.104731	0.104731	0.0886584	0.0466877	0	0	0	0.0152328	0.0692293	0.123477	0.138458	0.192351	0.192351	0.145802	0.154799	0.123477	0.147184	0.156649	0.117487	0.0928797	0.0783248	0.100804	0.110772	0.100804	0.123477	0.139567	0.159561	0.153435	0.139145	0.155915	0.149122	0.149636	0.149122	0.113378	0.104731	0.0886584	0.0466877	0.0619198	0.0998463	0.118475	0.162068	0.236801	0.296001	0.325672	0.332313	0.352884	0.408869	0.397172	0.413048	0.435718	0.406134	0.407927	0.415377	0.371718	0.302408	0.245894	0.201606	0.14913	0.138461	0.156649	0.111632	0.0783248	0.0928797	0.115453	0.0692293	0.0152328	0.0619198	0.12384	0.0619198	0	0.0619198	0.0998463	0.110772	0.123845	0.156649	0.124654	0.117487	0.139567	0.164297	0.205829	0.206351	0.205829	0.216562	0.201594	0.164297	0.170527	0.211399	0.266886	0.254172	0.23159	0.26148	0.205836	0.186278	0.186278	0.174884	0.23159	0.181002	0.118475	0.14913	0.201606	0.221543	0.201606	0.202025	0.188328	0.138027	0.110772	0.110772	0.127658	0.220534	0.292381	0.283945	0.299067	0.307425	0.33027	0.338016	0.30958	0.300785
0.10404	0.119064	0.146803	0.118259	0.10404	0.0841929	0.0680475	0.103752	0.0790966	0.0046977	0	0.0148761	0.0375255	0.0839558	0.102176	0.0440958	0.0246629	0.0723284	0.100754	0.0570649	0.0437696	0.0667188	0.0965519	0.153883	0.193142	0.240867	0.291835	0.302828	0.315339	0.359411	0.39187	0.418438	0.452613	0.483834	0.486314	0.487318	0.496145	0.512757	0.516666	0.46522	0.450484	0.412482	0.343745	0.333821	0.333821	0.344769	0.328263	0.333462	0.354872	0.34055	0.329582	0.323489	0.296147	0.280165	0.276823	0.262982	0.221459	0.183288	0.199846	0.233013	0.226524	0.221107	0.181416	0.187141	0.177249	0.166834	0.161287	0.155284	0.178531	0.145127	0.161287	0.177246	0.15666	0.113723	0.129112	0.132401	0.151964	0.224689	0.138406	0.137096	0.157296	0.156519	0.189711	0.239915	0.25201	0.223925	0.219583	0.24074	0.201765	0.165375	0.182733	0.200674	0.17115	0.131711	0.131943	0.155931	0.177485	0.185697	0.167422	0.180463	0.136319	0.11073	0.11073	0.137016	0.119061	0.0553651	0.0553651	0.0437696	0.11413	0.105405	0.0880818	0.130571	0.0936829	0.103993	0.105055	0.0897328	0.11413	0.0897328	0.107501	0.0833585	0.00978688	0	0	0.0830412	0.0830412	0.0625577	0.0830412	0.0204835	0.0046977	0.0459363	0.107861	0.065963	0	0	0	0	0	0.0625577	0.0830412	0.0204835	0.0066433	0.0276804	0.0210371	0	0	0	0.0204835	0.0941492	0.122969	0.134569	0.192773	0.162478	0.132739	0.147278	0.136727	0.154701	0.138168	0.0952876	0.0882291	0.0998054	0.0692044	0.0553651	0.0692044	0.116503	0.147499	0.173081	0.185848	0.159739	0.159024	0.155599	0.12848	0.167341	0.109781	0.0521491	0.0418798	0.0394287	0.0587809	0.0978723	0.1141	0.131943	0.176927	0.235854	0.277186	0.304819	0.347906	0.406892	0.395102	0.435576	0.468371	0.452359	0.447209	0.412084	0.336113	0.262689	0.232217	0.197127	0.145056	0.142453	0.152809	0.107745	0.107042	0.0745259	0.0912934	0.090227	0.0204835	0.0195738	0.105405	0.0998054	0.0553651	0.0998054	0.104416	0.0771025	0.11036	0.147128	0.120006	0.110828	0.139533	0.176301	0.208282	0.217443	0.213514	0.224322	0.225941	0.198675	0.207608	0.243699	0.304832	0.285225	0.250524	0.280799	0.223467	0.214748	0.225564	0.196009	0.225154	0.17686	0.14277	0.173154	0.208079	0.211202	0.210233	0.216331	0.199616	0.177485	0.166095	0.169449	0.19462	0.284466	0.322964	0.313177	0.33912	0.333632	0.354488	0.375098	0.333175	0.323504
0.100727	0.108058	0.108058	0.100727	0.100727	0.0782652	0.0461572	0.099314	0.099314	0.0152212	0	0	0	0.0466522	0.0997675	0.0842141	0.0309364	0.0841549	0.114086	0.092809	0.0997703	0.137922	0.186167	0.223093	0.248121	0.27551	0.322585	0.335386	0.348068	0.383672	0.409891	0.447041	0.482657	0.510409	0.508812	0.494991	0.507967	0.522088	0.509097	0.446133	0.409177	0.365265	0.312992	0.301452	0.290456	0.283879	0.273926	0.283879	0.294145	0.27671	0.26105	0.2475	0.223097	0.221375	0.221375	0.209375	0.175011	0.132197	0.16343	0.206052	0.198083	0.17339	0.137756	0.166601	0.152524	0.142129	0.161874	0.166601	0.16343	0.124623	0.15653	0.177178	0.15653	0.123751	0.142129	0.147072	0.147072	0.179856	0.118207	0.118207	0.133342	0.113292	0.160787	0.21327	0.210526	0.204813	0.21074	0.216472	0.16135	0.127442	0.16343	0.166601	0.102654	0.0618727	0.0691766	0.0991654	0.137922	0.188188	0.201117	0.175011	0.127561	0.110688	0.110688	0.0997703	0.0618727	0	0	0	0.11068	0.11068	0.0841549	0.114086	0.0775885	0.108525	0.0770935	0.0987729	0.114086	0.0875006	0.114086	0.0570432	0	0	0	0.0618727	0.0997703	0.0991654	0.0691766	0.0152212	0.0152212	0.0770935	0.108525	0.0466522	0	0	0	0	0	0.0466522	0.0885909	0.104652	0.104652	0.0885909	0.0466522	0	0	0	0.0152212	0.099314	0.152618	0.155796	0.171129	0.155796	0.133342	0.133858	0.164684	0.146163	0.115365	0.102654	0.0989335	0.0782652	0.0309364	0	0.0309364	0.092809	0.149008	0.186526	0.198086	0.171129	0.159439	0.164172	0.159967	0.194182	0.11068	0	0.0152212	0.0691766	0.0991654	0.110688	0.110688	0.110688	0.137922	0.188188	0.231985	0.282197	0.346996	0.399075	0.408558	0.484041	0.522088	0.484041	0.464875	0.397599	0.288899	0.228695	0.221375	0.204925	0.161944	0.15653	0.170397	0.118207	0.125959	0.0968154	0.103097	0.0875006	0.0152212	0	0.0618727	0.0997703	0.110688	0.0997703	0.0770935	0.0691766	0.103026	0.138353	0.127557	0.111865	0.147072	0.176533	0.210729	0.241619	0.223085	0.253979	0.268631	0.234794	0.249317	0.294142	0.330892	0.300556	0.264324	0.300123	0.262806	0.259949	0.248121	0.210526	0.216117	0.174444	0.175011	0.209375	0.221375	0.204925	0.211192	0.226583	0.211192	0.204925	0.221375	0.228695	0.262515	0.340546	0.368637	0.351608	0.361724	0.366697	0.381662	0.402173	0.372641	0.351608
0.0733008	0.109837	0.0792495	0.0514604	0.0664822	0.098413	0.0554182	0.0868494	0.102072	0.0304707	0.0210553	0.0187484	0.00743235	0.0166188	0.0670534	0.098614	0.0529445	0.1117	0.120302	0.115905	0.128291	0.139045	0.180775	0.206325	0.247803	0.255535	0.279627	0.288357	0.299891	0.334407	0.346534	0.365173	0.39022	0.418971	0.409221	0.381226	0.403339	0.41919	0.391031	0.317718	0.295935	0.279629	0.249886	0.237098	0.229727	0.228111	0.242203	0.260386	0.248689	0.222689	0.20042	0.180019	0.142361	0.138307	0.138307	0.14223	0.152503	0.10483	0.156879	0.197132	0.159087	0.116693	0.108311	0.149502	0.12774	0.124785	0.164247	0.165064	0.12771	0.0916948	0.1383	0.156354	0.129113	0.0931836	0.113116	0.130471	0.127805	0.132517	0.115832	0.115832	0.141982	0.138191	0.14442	0.184251	0.167529	0.146962	0.153673	0.166807	0.11604	0.0960548	0.144535	0.127154	0.0680309	0.0518855	0.102142	0.0980755	0.0901649	0.118646	0.128122	0.109663	0.0796647	0.0608059	0.0553227	0.0437361	0.0195588	0	0	0	0.103953	0.110073	0.104226	0.109091	0.0813354	0.105487	0.0431628	0.1054	0.110637	0.0846538	0.103785	0.0396605	0.015216	0.00469412	0	0.0196993	0.0521869	0.0690413	0.0500783	0.031158	0.0371209	0.0996121	0.0866323	0.0148647	0	0	0	0	0	0.0148647	0.0374969	0.0521092	0.0578969	0.10032	0.0749675	0.0276614	0.0276614	0.0276614	0.0282443	0.0928907	0.184307	0.185046	0.147413	0.160519	0.136927	0.124884	0.187255	0.118324	0.0852074	0.095374	0.0348339	0.0138297	0.0209239	0.0187484	0.00234706	0.064585	0.140481	0.192801	0.196998	0.169143	0.143692	0.144965	0.183533	0.209677	0.112954	0.00743235	0.030626	0.101814	0.0841975	0.062621	0.0763824	0.0883961	0.129007	0.16066	0.171098	0.206939	0.265986	0.319979	0.342348	0.396375	0.388857	0.332193	0.342489	0.265156	0.166985	0.141665	0.138307	0.146683	0.139827	0.149576	0.187368	0.131738	0.133972	0.129456	0.110073	0.0636924	0.00469412	0	0.0195588	0.0448351	0.0659211	0.066687	0.0565589	0.0977704	0.0861505	0.118162	0.114462	0.0653849	0.12816	0.157624	0.207821	0.253691	0.210649	0.253561	0.260561	0.20548	0.227799	0.276875	0.290042	0.264503	0.240715	0.282822	0.245623	0.210538	0.188992	0.167016	0.175889	0.148684	0.153766	0.14223	0.138307	0.148605	0.166538	0.185476	0.17177	0.139126	0.139976	0.145849	0.194405	0.287836	0.317419	0.288301	0.310815	0.34537	0.350109	0.367721	0.340226	0.288461
0.0618255	0.0992199	0.0863684	0.031459	0.080646	0.118117	0.0942422	0.107975	0.0929421	0.0762217	0.0855727	0.0806139	0.0374994	0.0374994	0.093795	0.117614	0.102965	0.16336	0.168549	0.166474	0.202956	0.230095	0.280454	0.327745	0.380554	0.393155	0.408155	0.421063	0.444279	0.459788	0.457688	0.46832	0.482289	0.487119	0.441098	0.421711	0.460602	0.464151	0.403063	0.33638	0.333871	0.324472	0.278473	0.241799	0.232217	0.246748	0.276329	0.281671	0.264528	0.220259	0.193183	0.165299	0.1188	0.110603	0.110603	0.129066	0.177046	0.146208	0.22357	0.230852	0.165439	0.127464	0.156658	0.18802	0.162361	0.172497	0.217538	0.204122	0.141152	0.114007	0.156411	0.152016	0.113152	0.102965	0.1177	0.138247	0.125477	0.118084	0.123651	0.123651	0.160981	0.166813	0.175698	0.210895	0.176484	0.159271	0.182614	0.177694	0.129066	0.12347	0.166474	0.138194	0.110603	0.105144	0.12209	0.120266	0.0990331	0.110603	0.110603	0.104194	0.0806139	0.0374994	0	0	0	0	0	0	0.0744474	0.118084	0.130422	0.125917	0.120266	0.125477	0.0856673	0.111421	0.123651	0.104992	0.0977569	0.0977383	0.0691253	0.0246933	0	0.0123466	0.0586542	0.0951416	0.110603	0.110603	0.105144	0.0977569	0.0557072	0	0	0	0	0	0	0	0	0	0.0187403	0.0806109	0.103677	0.110603	0.110603	0.110603	0.0990331	0.120266	0.204995	0.213585	0.156686	0.162482	0.15616	0.162445	0.195506	0.0911891	0.0557072	0.0977569	0.105144	0.110603	0.104194	0.0806139	0.0374994	0.0455946	0.129683	0.195506	0.204823	0.176258	0.138244	0.138244	0.183441	0.193065	0.130154	0.0374994	0.0624366	0.118117	0.0557072	0.0498457	0.0927425	0.135006	0.184283	0.18802	0.184563	0.210866	0.280769	0.349254	0.374275	0.386614	0.334934	0.283662	0.286675	0.185995	0.110603	0.110603	0.110603	0.139404	0.167042	0.170751	0.193541	0.1282	0.129683	0.149915	0.121023	0.0552975	0	0	0	0.0123466	0.0586542	0.0951416	0.105144	0.0977569	0.0557072	0.110595	0.110595	0.0505877	0.137462	0.173105	0.23537	0.27231	0.222915	0.247528	0.262299	0.235505	0.250191	0.291158	0.303963	0.289269	0.288957	0.311641	0.298394	0.2691	0.243054	0.216431	0.222923	0.210798	0.179728	0.129066	0.110603	0.139237	0.177046	0.192019	0.199847	0.157633	0.117961	0.12347	0.202956	0.313937	0.348499	0.340506	0.389966	0.433311	0.431899	0.426122	0.387091	0.337193
0.0612802	0.0715154	0.106138	0.0745331	0.105113	0.119247	0.122468	0.115013	0.0749723	0.103336	0.0734002	0.100243	0.0694132	0.0812977	0.127021	0.129842	0.146971	0.201468	0.200658	0.203068	0.263946	0.293751	0.33692	0.381608	0.411358	0.41595	0.42074	0.423645	0.437007	0.436163	0.441547	0.454179	0.458376	0.451646	0.404404	0.419236	0.456726	0.430732	0.360688	0.320445	0.313202	0.292798	0.251727	0.223051	0.228002	0.259256	0.28442	0.274163	0.264336	0.208076	0.195024	0.173965	0.141963	0.136553	0.128161	0.126986	0.172526	0.155338	0.246654	0.206216	0.144286	0.130528	0.175105	0.175414	0.156879	0.185653	0.224771	0.187969	0.126986	0.120392	0.163946	0.137379	0.0982473	0.121579	0.117686	0.130847	0.108072	0.105327	0.121922	0.126707	0.175322	0.180835	0.205278	0.21389	0.150526	0.147289	0.168239	0.142514	0.118007	0.121446	0.148943	0.107905	0.082921	0.0796281	0.0973286	0.12261	0.0867142	0.082921	0.082921	0.0819913	0.103843	0.0744189	0.00742669	0	0.00977196	0.0218514	0.0276403	0.0276403	0.052625	0.114942	0.142623	0.1298	0.139858	0.127057	0.120526	0.108857	0.128906	0.128906	0.0874057	0.103339	0.106946	0.053755	0.0276403	0.0444044	0.111174	0.110191	0.0934038	0.0845956	0.0778466	0.055689	0.0218892	0	0	0	0	0.00977196	0.0197816	0.0187342	0.00742669	0.00469054	0.0188684	0.0578756	0.0963341	0.110561	0.110561	0.108915	0.105329	0.128528	0.20325	0.229568	0.17625	0.15736	0.168351	0.218345	0.187705	0.0767868	0.0578529	0.0892485	0.126051	0.133053	0.12041	0.124388	0.0903231	0.0494216	0.116324	0.190612	0.207392	0.182994	0.141952	0.136819	0.163978	0.157207	0.142216	0.0704641	0.0969154	0.113674	0.0218892	0.0840585	0.0997759	0.110271	0.153633	0.147541	0.161315	0.189967	0.278492	0.344765	0.347565	0.339071	0.288329	0.26121	0.242016	0.150475	0.108915	0.100572	0.0883289	0.130847	0.206935	0.204688	0.193495	0.119236	0.117956	0.157752	0.131463	0.0569588	0	0	0	0.0274443	0.0976958	0.0955099	0.0778466	0.055689	0.0218892	0.103873	0.111413	0.0814085	0.163036	0.197724	0.257366	0.267412	0.218064	0.227228	0.265563	0.280969	0.264318	0.29546	0.319386	0.302226	0.307297	0.305897	0.310602	0.269771	0.230171	0.212346	0.221695	0.200922	0.156281	0.12122	0.110561	0.128031	0.175635	0.183634	0.191772	0.179505	0.146152	0.16488	0.256816	0.358197	0.378391	0.37173	0.410838	0.432424	0.42355	0.405017	0.366257	0.331587
0.0658411	0.037452	0.106069	0.12509	0.122499	0.125576	0.166915	0.139298	0.105063	0.0976824	0.00754643	0.113913	0.0993048	0.142225	0.184055	0.207217	0.245133	0.276288	0.283688	0.326349	0.394528	0.418298	0.464375	0.481921	0.471133	0.457339	0.446359	0.416072	0.387811	0.381479	0.395826	0.398735	0.387078	0.375568	0.357194	0.391741	0.405212	0.347448	0.295791	0.284796	0.243796	0.222753	0.220616	0.216266	0.237673	0.2739	0.281457	0.276118	0.261407	0.21087	0.222168	0.220895	0.214374	0.214374	0.184312	0.134903	0.154453	0.189095	0.247149	0.165313	0.118709	0.143831	0.187897	0.151377	0.157796	0.211605	0.220092	0.153334	0.110519	0.143831	0.187897	0.141044	0.102593	0.125821	0.120603	0.100757	0.0799527	0.0993048	0.118027	0.142646	0.192197	0.197573	0.216224	0.166915	0.104912	0.111952	0.105197	0.0856021	0.0989574	0.102593	0.0884545	0.037452	0	0.0123372	0.0805847	0.106069	0.037452	0	0	0.018726	0.0864869	0.104912	0.0374708	0	0.0498078	0.0926717	0.110519	0.110519	0.110519	0.141044	0.187897	0.172365	0.176911	0.162018	0.156292	0.138145	0.153334	0.187897	0.131058	0.112628	0.125821	0.102593	0.110519	0.133304	0.176911	0.108213	0.0586095	0.0123372	0	0	0	0	0	0	0	0.0498078	0.0821455	0.0805524	0.0374708	0.0246745	0.0690726	0.0989574	0.110519	0.110519	0.110519	0.104115	0.112628	0.125821	0.192447	0.253592	0.216538	0.178939	0.17311	0.234838	0.224881	0.197844	0.157513	0.148378	0.197798	0.202733	0.169419	0.177559	0.199955	0.179715	0.187582	0.221351	0.191691	0.165811	0.161516	0.132497	0.123772	0.140875	0.159734	0.0933614	0.111371	0.100526	0	0.0743907	0.117994	0.117176	0.125576	0.104795	0.120931	0.149801	0.239325	0.314807	0.300147	0.278351	0.234687	0.197667	0.185335	0.123151	0.104115	0.0805524	0.0374708	0.110511	0.221021	0.210912	0.193886	0.130955	0.122499	0.145977	0.128103	0.0658411	0	0	0	0.0505493	0.113913	0.0634094	0	0	0	0.0743907	0.123557	0.136133	0.188249	0.221397	0.270321	0.25024	0.205359	0.229341	0.278835	0.309628	0.290974	0.311181	0.341851	0.315447	0.31501	0.318191	0.295637	0.244401	0.20878	0.214836	0.21335	0.16706	0.126094	0.110519	0.110519	0.118709	0.166923	0.196186	0.184143	0.192417	0.227965	0.282927	0.36042	0.41769	0.42014	0.400611	0.407982	0.410314	0.402843	0.382443	0.341098	0.314113
0.0811488	0.0222631	0.093061	0.172768	0.132259	0.135299	0.19843	0.113593	0.0502654	0.0317239	0.063543	0.124033	0.121093	0.195022	0.224928	0.251142	0.273821	0.297371	0.317014	0.369532	0.413072	0.433473	0.484405	0.471638	0.458033	0.453374	0.438446	0.394216	0.369044	0.383387	0.382752	0.3741	0.361807	0.350302	0.344024	0.363924	0.368778	0.316381	0.283654	0.264658	0.222872	0.221326	0.223561	0.214223	0.249409	0.278654	0.275761	0.28096	0.246556	0.209671	0.224869	0.2113	0.189049	0.181636	0.173934	0.135752	0.135865	0.189254	0.212933	0.144175	0.119642	0.163547	0.180134	0.136538	0.16511	0.209759	0.175966	0.108224	0.0882614	0.144455	0.158876	0.107581	0.0949103	0.114854	0.119269	0.0634477	0.0699417	0.112316	0.117982	0.165936	0.203479	0.206441	0.206302	0.123632	0.116493	0.11197	0.0799	0.107482	0.0860224	0.0733538	0.0465654	0.0148421	0	0.0295442	0.104815	0.0886326	0.0148421	0	0	0.00742103	0.0517577	0.109145	0.0708746	0.0264739	0.105537	0.12704	0.110477	0.110477	0.110477	0.12689	0.179444	0.172081	0.171295	0.176031	0.151617	0.133454	0.133109	0.179444	0.15077	0.136784	0.135455	0.128284	0.138096	0.158275	0.168172	0.100444	0.0983284	0.0374576	0.0276192	0.0218348	0.00976452	0	0	0	0.00742103	0.0950272	0.0878806	0.103555	0.0691382	0.0459544	0.0989718	0.0854564	0.0828577	0.0828577	0.0828577	0.0819287	0.118109	0.114854	0.163803	0.254865	0.249412	0.216085	0.186117	0.217179	0.222712	0.230079	0.21844	0.217321	0.248953	0.246319	0.235675	0.22321	0.239573	0.226747	0.223252	0.226584	0.164554	0.140314	0.186733	0.128825	0.0864539	0.141074	0.179739	0.107076	0.107256	0.0835137	0	0.0296658	0.0976215	0.127925	0.132731	0.130412	0.136254	0.167476	0.234033	0.326455	0.321524	0.298802	0.249608	0.175273	0.190823	0.141781	0.103726	0.113405	0.0743623	0.109488	0.215032	0.205677	0.196698	0.154082	0.131231	0.123194	0.117859	0.0774491	0.0276192	0.0276192	0.0276192	0.0748533	0.108007	0.038078	0	0	0	0.0296658	0.115821	0.192048	0.215134	0.247435	0.284656	0.247583	0.220568	0.271396	0.306949	0.331133	0.331115	0.327931	0.354433	0.314996	0.312565	0.330529	0.266489	0.241982	0.216151	0.210719	0.206315	0.168085	0.150878	0.136449	0.128063	0.121426	0.143192	0.191845	0.199737	0.212678	0.256873	0.308108	0.364078	0.402744	0.417786	0.402751	0.407396	0.419589	0.419873	0.387596	0.333842	0.312695
0.0982752	0.0339485	0.0953109	0.187491	0.131529	0.138192	0.17208	0.120736	0.141678	0.155772	0.202779	0.235345	0.24469	0.305409	0.339986	0.372098	0.404721	0.447686	0.473471	0.500665	0.518537	0.525354	0.545891	0.512009	0.501654	0.5049	0.474793	0.428628	0.418981	0.420367	0.379304	0.349884	0.334728	0.322779	0.318099	0.323013	0.324847	0.290987	0.263774	0.248267	0.249271	0.263149	0.251949	0.266767	0.320297	0.328082	0.312343	0.296189	0.256131	0.243572	0.241188	0.190701	0.132812	0.110065	0.127106	0.129059	0.16064	0.203105	0.189773	0.145985	0.15329	0.199084	0.176233	0.138834	0.164491	0.167688	0.0960301	0.042902	0.0659194	0.131068	0.0922768	0.0593733	0.0961352	0.103519	0.0804881	0.0279419	0.0805232	0.127806	0.126434	0.180914	0.211096	0.201149	0.167191	0.109126	0.120645	0.0763009	0.0602053	0.108783	0.0502714	0.00234259	0	0	0.0074182	0.0665658	0.115066	0.0556223	0	0	0.00468518	0.0151871	0.0644441	0.123462	0.124195	0.134216	0.193152	0.175031	0.138043	0.138043	0.138043	0.138043	0.176776	0.176776	0.176776	0.20085	0.160926	0.142783	0.133587	0.166375	0.168922	0.19227	0.233548	0.248477	0.248477	0.227307	0.150997	0.112749	0.127467	0.119555	0.112201	0.0896499	0.0474749	0	0	0.00468518	0.0438135	0.115207	0.0468048	0.109446	0.0777519	0.0520062	0.105849	0.0601321	0.0074182	0.00976079	0.0218264	0.0386457	0.0976078	0.128191	0.178179	0.27651	0.323654	0.328361	0.34284	0.371081	0.389368	0.414136	0.471463	0.510456	0.474384	0.465308	0.511419	0.516673	0.502219	0.499114	0.474761	0.415613	0.344705	0.288467	0.269914	0.213182	0.200956	0.247125	0.242132	0.16591	0.118746	0.0707067	0.0276087	0.0414033	0.0986235	0.113172	0.119272	0.146582	0.157024	0.199131	0.270807	0.343437	0.328685	0.305998	0.25189	0.194159	0.231396	0.177409	0.134644	0.158532	0.139192	0.144158	0.221992	0.25404	0.225359	0.183325	0.166594	0.161327	0.153847	0.135132	0.131323	0.11754	0.110435	0.103519	0.0733135	0.0148364	0.026005	0.0276087	0.0276087	0.0260999	0.116337	0.205583	0.249045	0.28126	0.320042	0.312605	0.336689	0.42715	0.451153	0.441175	0.429796	0.41053	0.415028	0.365056	0.351805	0.354036	0.281052	0.264515	0.243377	0.234457	0.237237	0.220868	0.237237	0.243382	0.220003	0.182962	0.165652	0.207508	0.286418	0.365945	0.399359	0.419759	0.432783	0.454519	0.482165	0.486694	0.508865	0.519651	0.514258	0.47179	0.41621	0.381088
0.0957042	0.084213	0.121275	0.156484	0.137375	0.140713	0.0773816	0.146361	0.208045	0.269369	0.356393	0.404817	0.437762	0.49011	0.529403	0.556517	0.597092	0.643845	0.679718	0.707161	0.71303	0.693344	0.674895	0.639309	0.623812	0.606046	0.564696	0.556513	0.550771	0.489991	0.424762	0.394002	0.376029	0.36505	0.349014	0.346882	0.361001	0.345053	0.326056	0.334287	0.345239	0.354243	0.339981	0.346954	0.375201	0.382841	0.358725	0.340267	0.329613	0.319175	0.283329	0.228401	0.179121	0.157637	0.147712	0.184706	0.240227	0.27055	0.231978	0.198499	0.208312	0.240444	0.213654	0.187096	0.166732	0.146544	0.117863	0.127835	0.178111	0.191106	0.136749	0.114206	0.101869	0.06909	0.037429	0.0570407	0.119557	0.143406	0.156907	0.17831	0.204596	0.176571	0.12611	0.128089	0.111244	0.0416931	0.0488697	0.107072	0.07039	0.0123231	0	0	0.037428	0.110653	0.0945316	0.0218558	0	0	0.0246463	0.0689936	0.141982	0.171164	0.190318	0.203602	0.216298	0.208347	0.193186	0.193186	0.193186	0.193186	0.222498	0.222498	0.222498	0.254835	0.228273	0.201666	0.169225	0.176147	0.186602	0.225324	0.260983	0.27598	0.27598	0.240342	0.170384	0.145083	0.156114	0.140701	0.0947803	0.101865	0.0806659	0	0	0.0246463	0.0922416	0.0949945	0.0286419	0.111209	0.0556011	0.0374092	0.092765	0.0936163	0.037428	0.0497508	0.0925656	0.115755	0.143083	0.178402	0.218028	0.289918	0.348041	0.388092	0.459464	0.521163	0.569045	0.626516	0.712296	0.745147	0.710918	0.705543	0.743902	0.779509	0.806595	0.806085	0.747214	0.664005	0.581776	0.496865	0.420867	0.348557	0.311317	0.317072	0.278739	0.211758	0.163318	0.126793	0.110393	0.109679	0.103402	0.095892	0.110176	0.153075	0.175892	0.227531	0.332095	0.368666	0.347131	0.335993	0.30406	0.300557	0.302955	0.225471	0.212194	0.256632	0.277617	0.264614	0.274762	0.318975	0.283794	0.23477	0.214584	0.224758	0.231662	0.203837	0.170684	0.117898	0.0827944	0.06909	0.0148307	0.0732883	0.103995	0.110393	0.110393	0.108296	0.147419	0.206946	0.30922	0.341736	0.402727	0.450872	0.517963	0.637329	0.638346	0.605384	0.58876	0.569458	0.555229	0.508397	0.486273	0.455895	0.368879	0.329558	0.313092	0.283537	0.265699	0.255005	0.265699	0.277901	0.290236	0.300516	0.303577	0.322733	0.380722	0.457418	0.510913	0.55941	0.609984	0.650852	0.673177	0.68319	0.701778	0.682431	0.657423	0.617165	0.55455	0.485867
0.0920098	0.10745	0.113739	0.105448	0.144928	0.130769	0.0634737	0.144722	0.162455	0.245987	0.309415	0.33666	0.363569	0.407959	0.443923	0.446899	0.457966	0.45866	0.458512	0.467082	0.464882	0.429974	0.401079	0.367125	0.339883	0.30509	0.273887	0.286667	0.280846	0.233002	0.208735	0.21134	0.220285	0.227069	0.207169	0.230405	0.265588	0.235081	0.217418	0.224342	0.197239	0.186326	0.191965	0.206901	0.224343	0.229446	0.199236	0.216964	0.219271	0.178303	0.123495	0.0881604	0.115112	0.126354	0.0961505	0.1158	0.152625	0.140597	0.0935289	0.0827629	0.0948801	0.129461	0.0934049	0.0747018	0.0599159	0.0930592	0.106431	0.118207	0.155945	0.123495	0.0881604	0.0654293	0.02926	0	0	0.0880748	0.115688	0.121313	0.155652	0.128548	0.17407	0.150066	0.115523	0.14125	0.11572	0.0553622	0.0316008	0.0925263	0.0980797	0.0366726	0.0123188	0.0023408	0.0629014	0.104325	0.0426858	0.0275876	0.0275876	0.0275876	0.0587067	0.113281	0.159976	0.15373	0.176912	0.156718	0.142351	0.141618	0.11035	0.11035	0.11035	0.105239	0.148825	0.14896	0.146624	0.182242	0.166507	0.14415	0.121026	0.105127	0.073073	0.0827629	0.0827629	0.0899246	0.0965567	0.105208	0.11722	0.0910534	0.0998673	0.106318	0.074096	0.111746	0.0926525	0.0218098	0.0275876	0.0536526	0.105936	0.0465101	0.089392	0.0949185	0.0219724	0.0148251	0.0574655	0.104531	0.0674918	0.0949185	0.112619	0.0965274	0.106824	0.11035	0.117302	0.168371	0.212302	0.235747	0.289996	0.338099	0.368983	0.408947	0.452548	0.44784	0.441394	0.448343	0.467327	0.500579	0.529863	0.523965	0.488042	0.446127	0.41667	0.37817	0.333062	0.279525	0.236203	0.22731	0.188027	0.141287	0.11745	0.11035	0.11035	0.100662	0.0722697	0.0871454	0.120045	0.165318	0.196051	0.250954	0.387478	0.396153	0.362986	0.355248	0.334224	0.322334	0.270747	0.1875	0.187362	0.23266	0.271701	0.276522	0.278202	0.308566	0.290717	0.244013	0.199236	0.180756	0.184273	0.142674	0.127169	0.108252	0.0422243	0.0313796	0.0670871	0.0920098	0.0587445	0.0677926	0.0660491	0.115885	0.182616	0.245204	0.382698	0.406007	0.472721	0.519705	0.544714	0.600644	0.508982	0.463598	0.461918	0.439788	0.419472	0.370926	0.348695	0.305668	0.208683	0.185299	0.166248	0.0994194	0.0827629	0.0827629	0.0827629	0.0881604	0.120175	0.167675	0.198539	0.214508	0.243931	0.290052	0.311252	0.365533	0.431575	0.464996	0.485473	0.486474	0.478616	0.427862	0.414288	0.385985	0.31628	0.278702
0.111739	0.123321	0.123321	0.104712	0.132213	0.180536	0.200763	0.23344	0.263842	0.332793	0.347995	0.359733	0.394018	0.443411	0.485991	0.497523	0.478009	0.444629	0.430747	0.425294	0.42475	0.397975	0.35234	0.306145	0.281248	0.24857	0.245352	0.246652	0.222333	0.220616	0.215854	0.222329	0.237541	0.230583	0.215024	0.229373	0.234391	0.210007	0.209913	0.198851	0.155994	0.134192	0.157495	0.211201	0.219672	0.21228	0.176574	0.190468	0.173765	0.0882859	0.0373807	0	0.074249	0.107689	0.110308	0.104863	0.0974962	0.0555587	0	0	0.0373807	0.0989555	0.0861382	0.0246275	0.0246275	0.0991156	0.105867	0.0991156	0.105867	0.0373807	0	0	0	0	0	0.0909461	0.113695	0.122265	0.147643	0.117802	0.162049	0.148498	0.123321	0.141952	0.125582	0.102283	0.0497128	0.0555587	0.0974962	0.0959158	0.0584978	0.0123137	0.0555587	0.0974962	0.104863	0.110308	0.110308	0.110308	0.123327	0.155994	0.164301	0.146568	0.180614	0.155994	0.155994	0.155994	0.110308	0.110308	0.110308	0.0948877	0.130074	0.13554	0.123321	0.135731	0.137879	0.142848	0.142374	0.0991156	0.0246275	0	0	0.0497128	0.0551542	0.104712	0.0974962	0.0974776	0.102691	0.137095	0.124088	0.113695	0.111117	0.0924951	0.110308	0.102397	0.0882859	0.0270107	0.102212	0.0952019	0.0123137	0	0.0622702	0.117802	0.092491	0.117802	0.105346	0.068941	0.0987688	0.110308	0.117646	0.181359	0.285176	0.33797	0.374577	0.421696	0.441225	0.448913	0.454802	0.442086	0.441225	0.470622	0.525581	0.551525	0.525581	0.493484	0.481601	0.456355	0.441439	0.440344	0.421696	0.374577	0.330999	0.29765	0.246747	0.197421	0.143956	0.110308	0.110308	0.110308	0.110308	0.103401	0.142381	0.223233	0.298567	0.394686	0.511859	0.508462	0.480066	0.483027	0.451688	0.41316	0.369975	0.335486	0.330922	0.332069	0.348819	0.368574	0.386311	0.401728	0.409252	0.379009	0.313434	0.230237	0.180633	0.137882	0.154158	0.200282	0.170554	0.125854	0.137826	0.16603	0.11893	0.0694331	0.080684	0.208657	0.290966	0.384794	0.511797	0.561353	0.647802	0.702208	0.69281	0.687282	0.604274	0.568492	0.548061	0.48935	0.437975	0.374591	0.316084	0.23136	0.138573	0.107689	0.074249	0	0	0	0	0	0.0373994	0.0803988	0.140775	0.225691	0.325449	0.391619	0.404751	0.431636	0.439696	0.429687	0.436933	0.409477	0.384794	0.356481	0.363079	0.354707	0.30876	0.324188
0.11489	0.117757	0.117757	0.111056	0.0690367	0.121335	0.154611	0.199962	0.246179	0.28315	0.290544	0.309563	0.355744	0.396966	0.419073	0.426499	0.37729	0.353726	0.370851	0.370536	0.358332	0.321647	0.26242	0.227522	0.234017	0.207356	0.207919	0.19878	0.16768	0.165399	0.159728	0.182159	0.20004	0.180347	0.185038	0.186741	0.178902	0.20276	0.222462	0.184911	0.137826	0.117186	0.143869	0.198503	0.172713	0.179452	0.150951	0.152119	0.140592	0.0464767	0.0148138	0	0.0292377	0.0653795	0.0826998	0.077639	0.0555405	0.0218308	0	0	0.0148138	0.0727423	0.104615	0.0458669	0.0458669	0.108237	0.0917479	0.108237	0.0917479	0.0148138	0	0	0	0	0	0.0664348	0.112231	0.133513	0.122537	0.114649	0.147348	0.143892	0.117757	0.124538	0.104824	0.112439	0.0919397	0.0218308	0.0555405	0.0954074	0.0948461	0.0229334	0.0218308	0.0555405	0.077639	0.0826998	0.0826998	0.0826998	0.0993905	0.137826	0.139067	0.131808	0.1779	0.137826	0.137826	0.137826	0.0826998	0.0826998	0.0826998	0.09512	0.121831	0.140532	0.117757	0.106237	0.126372	0.144488	0.160674	0.108237	0.0458669	0	0	0.0919397	0.0413499	0.111056	0.0555405	0.0839108	0.112811	0.158068	0.172278	0.112129	0.131037	0.108961	0.0826998	0.073214	0.0464767	0.0165628	0.0893239	0.10619	0.0229334	0	0.0960705	0.114499	0.0882694	0.114499	0.0914053	0.0987833	0.0852936	0.0826998	0.0907276	0.151148	0.217044	0.254318	0.293265	0.322451	0.330796	0.340975	0.348686	0.331942	0.330796	0.362707	0.402903	0.413492	0.402903	0.383434	0.368095	0.357367	0.338765	0.331107	0.322451	0.293265	0.248686	0.217931	0.181494	0.170207	0.136791	0.0826998	0.0826998	0.0826998	0.0826998	0.069011	0.144344	0.265024	0.332873	0.410461	0.475	0.458766	0.434573	0.439762	0.373363	0.329	0.298169	0.254149	0.248098	0.249625	0.271494	0.306948	0.324177	0.320833	0.339832	0.336507	0.313702	0.255112	0.180869	0.116951	0.105422	0.1493	0.152792	0.103194	0.106663	0.144355	0.122615	0.081974	0.103734	0.24302	0.294863	0.402855	0.504688	0.563252	0.636529	0.665234	0.604945	0.585053	0.529018	0.450718	0.418712	0.362829	0.330241	0.28305	0.227206	0.158294	0.108966	0.0653795	0.0292377	0	0	0	0	0	0.0690065	0.103358	0.148846	0.224167	0.295359	0.333131	0.333732	0.347863	0.344246	0.358255	0.371313	0.324403	0.319596	0.341502	0.331398	0.315948	0.253663	0.243885
0.131757	0.130448	0.136411	0.160049	0.160869	0.203366	0.25924	0.301688	0.316289	0.328488	0.337818	0.370175	0.428993	0.448557	0.44116	0.419082	0.363737	0.370689	0.384982	0.348413	0.300459	0.260978	0.228821	0.234222	0.228288	0.185107	0.177985	0.165634	0.145909	0.160186	0.161649	0.161333	0.171153	0.150894	0.157795	0.153497	0.155541	0.205947	0.225374	0.170115	0.128774	0.117791	0.137774	0.164283	0.121784	0.140479	0.111014	0.114456	0.0960339	0	0	0	0	0	0	0	0	0	0	0	0	0.0664095	0.112188	0.0458494	0.0664095	0.112188	0.0671608	0.09481	0.0950838	0.0653546	0.0364762	0.0555194	0.0776094	0.0826683	0.0826683	0.0975539	0.126594	0.14886	0.131757	0.12955	0.165055	0.172383	0.151271	0.15168	0.12431	0.136924	0.1443	0.0880597	0.0731861	0.104784	0.119588	0.0631729	0.0218225	0	0	0	0	0.00740407	0.0688416	0.114606	0.120783	0.137874	0.160283	0.117712	0.117712	0.111014	0.0555194	0.0588254	0.0292266	0.0689802	0.114456	0.137363	0.114847	0.101893	0.118262	0.139039	0.158008	0.112768	0.0852611	0.0826683	0.0826683	0.10892	0.0292266	0.110216	0.0218225	0.0775183	0.11521	0.16423	0.18946	0.124372	0.137363	0.0960339	0.0292266	0.0653546	0.0826683	0.0653546	0.0950214	0.103318	0.080585	0.0826683	0.10892	0.104756	0.091713	0.114606	0.108704	0.140539	0.12814	0.146138	0.185808	0.225036	0.219776	0.232394	0.271391	0.261417	0.269464	0.307406	0.312719	0.307784	0.325476	0.348554	0.348554	0.32037	0.328753	0.344575	0.348554	0.361105	0.358502	0.32931	0.297651	0.278314	0.232394	0.182614	0.13578	0.158294	0.150894	0.093422	0.0826683	0.0826683	0.0993058	0.141819	0.236954	0.374038	0.442317	0.496861	0.538416	0.544123	0.538418	0.52429	0.448507	0.419401	0.407586	0.388279	0.382616	0.341882	0.310897	0.330957	0.347084	0.321524	0.331805	0.351392	0.35544	0.305311	0.233812	0.184849	0.165336	0.181386	0.237808	0.300787	0.344049	0.37557	0.388514	0.398077	0.440843	0.499712	0.53516	0.603847	0.667121	0.721697	0.762087	0.762087	0.704012	0.686959	0.624104	0.505964	0.434655	0.372724	0.334499	0.283201	0.242012	0.222438	0.216825	0.176744	0.13578	0.0993058	0.0826683	0.0826683	0.0826683	0.093422	0.146843	0.202482	0.252396	0.283043	0.309172	0.316435	0.297923	0.290932	0.276042	0.301848	0.326847	0.311013	0.351392	0.391623	0.370709	0.350715	0.29759	0.293055
0.146401	0.138874	0.143392	0.181881	0.219733	0.282065	0.352824	0.383657	0.379107	0.412385	0.421153	0.462342	0.532292	0.534811	0.519412	0.477814	0.444143	0.458593	0.439989	0.37519	0.317063	0.303303	0.301762	0.29667	0.253655	0.204716	0.199266	0.203345	0.202039	0.214182	0.213721	0.183751	0.188151	0.176372	0.161525	0.158612	0.16811	0.215565	0.221859	0.166668	0.148328	0.151438	0.155816	0.144757	0.129925	0.135385	0.104593	0.117667	0.062199	0	0	0	0	0	0	0	0	0	0	0	0	0.0908422	0.113566	0.0245993	0.0908422	0.113566	0.0313394	0.0584309	0.0947793	0.107566	0.0512329	0.0973848	0.104743	0.110182	0.110182	0.131373	0.137721	0.15045	0.146401	0.133551	0.177784	0.194769	0.176372	0.182709	0.153953	0.149402	0.165841	0.118348	0.102281	0.125438	0.120236	0.10045	0.0554953	0	0	0	0	0.018669	0.0939222	0.117667	0.135818	0.178546	0.136669	0.12318	0.12318	0.104593	0.0973848	0.0916026	0.0741641	0.0373567	0.117667	0.129659	0.111611	0.129625	0.132093	0.139905	0.136939	0.102574	0.098656	0.110182	0.110182	0.0923894	0.0741641	0.110174	0.0554953	0.105345	0.11207	0.155566	0.178799	0.150126	0.129659	0.062199	0.0741641	0.107566	0.110182	0.107566	0.110997	0.080307	0.103797	0.110182	0.0923894	0.0865234	0.105746	0.117667	0.147763	0.173567	0.185288	0.204745	0.253655	0.283928	0.286575	0.317965	0.348421	0.340715	0.364649	0.405052	0.403344	0.413909	0.434182	0.454283	0.454283	0.428357	0.427613	0.4392	0.454283	0.463507	0.467655	0.444575	0.401532	0.360723	0.317965	0.255977	0.191831	0.192811	0.176372	0.128574	0.110182	0.110182	0.140614	0.204947	0.306426	0.466975	0.536806	0.579803	0.635686	0.662476	0.653998	0.61518	0.553262	0.532174	0.522623	0.517335	0.510761	0.47141	0.411811	0.406693	0.424077	0.397521	0.397253	0.430887	0.432447	0.349278	0.275447	0.235346	0.220364	0.235022	0.304248	0.40227	0.45495	0.487909	0.507901	0.523533	0.582818	0.629094	0.682487	0.729905	0.792734	0.854587	0.878345	0.878345	0.857215	0.829158	0.745463	0.637996	0.554401	0.483804	0.423209	0.360464	0.317462	0.296621	0.289719	0.244052	0.191831	0.140614	0.110182	0.110182	0.110182	0.128574	0.191624	0.280087	0.333391	0.332413	0.368719	0.379713	0.359139	0.344469	0.317875	0.326965	0.3615	0.390019	0.430887	0.448386	0.430255	0.413166	0.384827	0.397499
0.178547	0.188677	0.205065	0.23986	0.287814	0.328329	0.378063	0.39723	0.420953	0.481086	0.475109	0.506101	0.545545	0.495987	0.461808	0.417479	0.401405	0.401832	0.35543	0.299726	0.273794	0.280431	0.258178	0.199011	0.151314	0.156263	0.181603	0.160886	0.129362	0.108403	0.126391	0.127673	0.134046	0.133808	0.126925	0.141995	0.162651	0.191014	0.188995	0.136528	0.137296	0.154602	0.124646	0.0887331	0.113522	0.108535	0.0689118	0.104331	0.0573559	0.0147968	0	0	0	0	0	0	0	0	0	0	0	0.0966311	0.111059	0.0155168	0.0879069	0.112242	0.0390346	0.0196094	0.0229087	0.0923499	0.074254	0.143704	0.111533	0.11014	0.11014	0.1535	0.181512	0.182639	0.160898	0.12988	0.153113	0.173132	0.160451	0.171603	0.148847	0.124237	0.137669	0.0774616	0.068303	0.108135	0.111135	0.117501	0.0952994	0.0826054	0.0731304	0.0622294	0.0731304	0.0816792	0.103934	0.104514	0.143633	0.185541	0.0860798	0.0897466	0.109899	0.0958735	0.0962526	0.072531	0.0961644	0.0446194	0.107888	0.0915331	0.0900604	0.144712	0.131856	0.138352	0.113969	0.0485972	0.0242215	0.0229087	0.0209577	0.0473107	0.099274	0.110929	0.113247	0.144444	0.143601	0.187725	0.1923	0.191787	0.15349	0.116681	0.158553	0.147642	0.0959675	0.126113	0.122267	0.100189	0.108501	0.11014	0.103486	0.0957697	0.122143	0.132987	0.177457	0.189988	0.205378	0.203873	0.221137	0.228234	0.235616	0.248777	0.242835	0.238423	0.269408	0.298424	0.30291	0.316115	0.323155	0.341961	0.309229	0.285511	0.322961	0.352683	0.374511	0.380076	0.394767	0.413679	0.40185	0.353528	0.327505	0.298996	0.240479	0.210357	0.154092	0.111465	0.126503	0.174884	0.256061	0.365111	0.486181	0.624556	0.692758	0.734726	0.792154	0.802296	0.758607	0.70687	0.663163	0.648618	0.627866	0.575784	0.529087	0.53871	0.52141	0.515586	0.527785	0.494825	0.445332	0.44758	0.453032	0.372936	0.350578	0.376115	0.396087	0.441413	0.534649	0.613232	0.67675	0.755291	0.829493	0.879867	0.913259	0.925437	0.960517	0.977825	1.02687	1.07233	1.06967	1.03957	0.970378	0.880979	0.771989	0.678156	0.633369	0.595447	0.523877	0.451226	0.414675	0.400189	0.399592	0.365806	0.310739	0.267672	0.229609	0.229609	0.260387	0.283641	0.315818	0.367184	0.378663	0.36956	0.41918	0.407652	0.383999	0.385703	0.388157	0.424741	0.475212	0.496754	0.505779	0.510163	0.489121	0.472706	0.448021	0.436644
0.18155	0.201962	0.227306	0.264721	0.312299	0.346254	0.400749	0.409345	0.44785	0.508102	0.492356	0.519309	0.535165	0.465805	0.431459	0.393482	0.381756	0.370514	0.317632	0.268255	0.256962	0.259946	0.22255	0.157195	0.117422	0.152621	0.176238	0.115584	0.0938119	0.100373	0.102203	0.110099	0.092319	0.123086	0.135473	0.137616	0.160958	0.154175	0.160359	0.12047	0.137612	0.190203	0.117577	0.0557136	0.110947	0.0930058	0.0373282	0.0933667	0.0925177	0.0373094	0	0	0	0	0	0	0	0	0	0	0	0.0766572	0.113479	0.0373094	0.0496181	0.111526	0.0802429	0.0186547	0	0.0496181	0.092319	0.155697	0.113486	0.110099	0.110099	0.143682	0.198478	0.216753	0.165714	0.142028	0.146289	0.158491	0.163988	0.167982	0.155243	0.125342	0.129826	0.0925177	0.0615432	0.0758737	0.117545	0.111526	0.0947072	0.110099	0.102203	0.0825739	0.102203	0.103718	0.0802458	0.0807952	0.156321	0.176529	0.0655904	0.0496181	0.111526	0.117545	0.0957395	0.081833	0.0864573	0.0881177	0.102088	0.0496181	0.100143	0.173932	0.125098	0.140878	0.113479	0.0245806	0	0.0186547	0.0802429	0.103204	0.092319	0.104513	0.16628	0.163988	0.170174	0.211876	0.190007	0.206424	0.165714	0.150801	0.187182	0.143283	0.103204	0.129826	0.106953	0.110099	0.110099	0.110099	0.110099	0.0985809	0.119717	0.147742	0.184629	0.203221	0.228137	0.234352	0.210067	0.210067	0.22498	0.221323	0.210067	0.210949	0.252136	0.275125	0.273501	0.283712	0.292974	0.298683	0.251137	0.234843	0.278323	0.320215	0.348156	0.349697	0.36579	0.407797	0.41207	0.360118	0.334004	0.328599	0.296637	0.258678	0.155693	0.0985809	0.140507	0.218704	0.316989	0.467194	0.584227	0.682458	0.776745	0.812365	0.857351	0.847836	0.787946	0.739155	0.697579	0.688079	0.659825	0.591802	0.540433	0.554703	0.557309	0.557158	0.567684	0.553205	0.523179	0.48478	0.447461	0.35515	0.363182	0.420894	0.455469	0.519492	0.628929	0.695688	0.759585	0.848874	0.935779	1.00079	1.02216	1.02391	1.05339	1.06305	1.10769	1.14698	1.13236	1.07737	0.973953	0.880385	0.771254	0.689321	0.660563	0.636769	0.570185	0.486559	0.447603	0.43582	0.438659	0.426306	0.361517	0.312123	0.273254	0.273254	0.313897	0.334847	0.357812	0.381535	0.391181	0.405064	0.435184	0.40466	0.397218	0.409556	0.421876	0.47131	0.522985	0.519327	0.528701	0.543583	0.504407	0.493315	0.468105	0.448268
0.201664	0.214948	0.243141	0.307655	0.352108	0.388738	0.429077	0.407711	0.420774	0.449951	0.41997	0.443915	0.445926	0.387318	0.379215	0.358229	0.348229	0.336638	0.293141	0.242321	0.239014	0.242588	0.191723	0.136025	0.128255	0.179448	0.162925	0.108763	0.0985588	0.101489	0.0826197	0.0917709	0.103407	0.117132	0.11954	0.112017	0.151514	0.134053	0.142347	0.116476	0.13489	0.19403	0.110544	0.037368	0.0972935	0.0958006	0.0291821	0.0536459	0.106586	0.0667252	0.0073928	0	0	0	0	0	0	0	0	0	0	0.053779	0.111362	0.0575852	0.0176978	0.0900558	0.0933345	0.0209418	0	0.0176991	0.0934359	0.110742	0.0542021	0.0720772	0.100394	0.117137	0.167117	0.231067	0.196701	0.1825	0.155187	0.137506	0.154117	0.142982	0.152594	0.136512	0.129777	0.126784	0.0710246	0.048635	0.108511	0.0741919	0.0228913	0.0228913	0.0619761	0.0305786	0.0655909	0.0228897	0.0171202	0.0533989	0.153797	0.156989	0.0846282	0.0896852	0.132593	0.173272	0.180945	0.184144	0.171698	0.159959	0.12679	0.123613	0.166507	0.201152	0.144294	0.143062	0.124551	0.0728785	0.0825425	0.0816171	0.103008	0.0724758	0.035596	0.103783	0.194389	0.165401	0.177505	0.216307	0.199918	0.21867	0.159805	0.148362	0.171064	0.123613	0.131561	0.155637	0.116421	0.110057	0.110057	0.110057	0.110057	0.10654	0.139042	0.183249	0.206676	0.228768	0.238954	0.230575	0.152938	0.160329	0.187541	0.170878	0.175923	0.19117	0.223741	0.221394	0.190193	0.199389	0.202332	0.171698	0.150166	0.156567	0.167174	0.174751	0.224153	0.285132	0.317606	0.362511	0.389804	0.359392	0.339998	0.354139	0.363205	0.3389	0.231249	0.194256	0.248989	0.342037	0.438693	0.632902	0.746949	0.819899	0.91739	0.91477	0.925147	0.898701	0.82819	0.779001	0.726644	0.673526	0.602289	0.56249	0.560873	0.578787	0.589886	0.592645	0.56972	0.539931	0.572193	0.537557	0.466541	0.399593	0.378184	0.436481	0.522166	0.632529	0.782163	0.893077	1.00503	1.11708	1.19464	1.21117	1.19351	1.19813	1.2033	1.17861	1.17595	1.15851	1.09717	1.01502	0.916713	0.828585	0.717706	0.661964	0.629563	0.602295	0.600894	0.583396	0.551812	0.520714	0.508507	0.533734	0.534445	0.50728	0.471164	0.447546	0.451134	0.469022	0.481507	0.497922	0.520378	0.522566	0.507115	0.478816	0.500686	0.522742	0.530431	0.5826	0.627075	0.617056	0.631694	0.617255	0.559347	0.556766	0.541213	0.540128
0.207278	0.220028	0.256902	0.338241	0.372771	0.407486	0.431321	0.406073	0.405027	0.424161	0.396648	0.413323	0.40444	0.363044	0.363044	0.347068	0.331906	0.32061	0.281365	0.228948	0.233776	0.232818	0.170099	0.125519	0.1404	0.18704	0.143174	0.110014	0.0985056	0.0687572	0.0981924	0.107402	0.110014	0.0922485	0.0740511	0.110006	0.172708	0.150426	0.129462	0.117488	0.125003	0.150709	0.113392	0.0493459	0.0679219	0.110828	0.0554107	0.0245618	0.0988514	0.093779	0.0186405	0	0	0	0	0	0	0	0	0	0	0.0382995	0.110863	0.0726553	0.037281	0.105585	0.0802168	0.0122809	0	0.037281	0.105585	0.0802168	0.0493459	0.0880506	0.102125	0.110014	0.145188	0.21193	0.213594	0.225535	0.184529	0.141573	0.162142	0.116641	0.142001	0.148102	0.129727	0.15425	0.093779	0.0792285	0.113392	0.0503185	0	0.0186405	0.093779	0.0804634	0.104653	0.0801818	0.0186405	0.0382995	0.133227	0.129346	0.0985056	0.110014	0.134287	0.183471	0.213395	0.220028	0.207278	0.170099	0.13612	0.166161	0.19529	0.185005	0.155578	0.124096	0.129727	0.103125	0.110014	0.103639	0.0801846	0.0372998	0.037281	0.12369	0.199686	0.185383	0.197244	0.234442	0.225988	0.210639	0.143174	0.153719	0.165588	0.117332	0.133834	0.165588	0.125191	0.110014	0.110014	0.110014	0.110014	0.110014	0.153719	0.202585	0.2148	0.236582	0.222882	0.208865	0.137511	0.155575	0.18604	0.155578	0.172849	0.199194	0.206542	0.197586	0.165588	0.182047	0.176104	0.125519	0.118167	0.131786	0.131786	0.126785	0.172198	0.262074	0.304249	0.347068	0.375038	0.358591	0.347362	0.374453	0.396007	0.370062	0.259462	0.227564	0.301906	0.408903	0.513102	0.754508	0.854807	0.88879	0.967571	0.946271	0.946271	0.915406	0.833503	0.789014	0.73239	0.657175	0.579028	0.552799	0.566981	0.58383	0.596961	0.621237	0.630056	0.56529	0.590401	0.559989	0.443444	0.418911	0.385045	0.461032	0.559052	0.701163	0.878584	1.00081	1.11889	1.22474	1.28468	1.27937	1.25013	1.25686	1.24394	1.20879	1.18017	1.135	1.06229	0.97869	0.887101	0.791496	0.694261	0.653413	0.622615	0.595261	0.601217	0.614975	0.589737	0.553508	0.537138	0.552281	0.585486	0.580007	0.538759	0.502889	0.49828	0.516642	0.519095	0.543809	0.566048	0.550555	0.527316	0.50563	0.54426	0.568725	0.569493	0.632341	0.666216	0.652124	0.662814	0.621237	0.578203	0.577968	0.569493	0.576365
0.21667	0.241446	0.307219	0.363521	0.368118	0.381637	0.395972	0.400112	0.426186	0.428587	0.376773	0.373259	0.347879	0.308938	0.301324	0.281655	0.26338	0.246475	0.187655	0.155845	0.198251	0.176454	0.124184	0.113603	0.117414	0.112893	0.0468534	0.0274932	0.0241846	0.0364583	0.114004	0.0948041	0.0274932	0.0217351	0.0476862	0.11183	0.158509	0.156869	0.125334	0.117637	0.126247	0.120702	0.116325	0.0688163	0.0378167	0.0977436	0.0951542	0.0694097	0.0997095	0.103775	0.0815547	0.0824795	0.0774322	0.0553925	0.0217726	0	0	0	0	0	0	0.0466088	0.113349	0.0731545	0.0666743	0.108669	0.0507808	0.00233278	0.00738715	0.0666743	0.108669	0.0781311	0.085296	0.0991227	0.0534688	0.0274932	0.0635451	0.128242	0.156881	0.216454	0.191264	0.147502	0.168734	0.110447	0.131504	0.137086	0.111277	0.148804	0.113029	0.108646	0.108646	0.0515214	0.00738715	0.0446208	0.113029	0.0689735	0.0737777	0.10293	0.0815547	0.0924984	0.151716	0.179856	0.199443	0.234872	0.270026	0.292331	0.300777	0.302422	0.299141	0.289033	0.275992	0.267087	0.240137	0.234875	0.232992	0.193727	0.175399	0.135133	0.109973	0.108336	0.100036	0.0935122	0.123072	0.189487	0.236812	0.243358	0.246292	0.264581	0.24127	0.199267	0.17844	0.19221	0.160965	0.111634	0.130355	0.173047	0.137356	0.109973	0.109973	0.109973	0.109973	0.120575	0.170726	0.190377	0.188923	0.214909	0.19904	0.200955	0.150925	0.171677	0.181881	0.134516	0.157663	0.175947	0.152532	0.14649	0.121506	0.139001	0.112071	0.0312722	0.0533165	0.079683	0.0952786	0.110319	0.122951	0.116426	0.128061	0.224399	0.276673	0.26299	0.261027	0.312772	0.362999	0.362956	0.305063	0.322118	0.41834	0.518332	0.607746	0.834216	0.862313	0.834326	0.911733	0.880116	0.880116	0.832291	0.714476	0.655769	0.597782	0.570727	0.556762	0.552588	0.566765	0.569452	0.540955	0.565881	0.660054	0.624958	0.643323	0.627327	0.501494	0.476488	0.473577	0.592679	0.693269	0.861141	1.02032	1.08661	1.13031	1.16536	1.19055	1.24324	1.26922	1.22971	1.17149	1.15047	1.12457	1.06704	0.968716	0.840579	0.726088	0.649046	0.596624	0.57131	0.566183	0.584101	0.600311	0.604466	0.606744	0.617479	0.644031	0.661716	0.663186	0.675515	0.677319	0.641299	0.602719	0.572562	0.568494	0.609668	0.622054	0.622318	0.629247	0.627685	0.669551	0.685612	0.680766	0.724036	0.722055	0.685239	0.677135	0.65709	0.646665	0.63069	0.616189	0.598055
0.219861	0.256707	0.336605	0.369985	0.37077	0.367312	0.384988	0.415957	0.449674	0.41177	0.350328	0.347517	0.310189	0.277479	0.274648	0.262113	0.2431	0.210478	0.143065	0.140293	0.186897	0.143065	0.109931	0.109931	0.0945629	0.0582974	0.0122716	0	0	0.0553684	0.117398	0.0620568	0	0	0.0630717	0.113306	0.0906345	0.147268	0.147989	0.129628	0.154132	0.117398	0.117398	0.0937074	0.0307247	0.0582974	0.0945629	0.10732	0.110743	0.0801236	0.10356	0.109931	0.104504	0.0971623	0.0553684	0	0	0	0	0	0	0.0815183	0.117398	0.0556288	0.0937074	0.098776	0.0245431	0	0.0186263	0.0937074	0.098776	0.0981174	0.1129	0.0687049	0.0245431	0	0.0245431	0.098776	0.158484	0.205424	0.181538	0.148499	0.160509	0.128831	0.162622	0.137403	0.109922	0.115351	0.117398	0.117398	0.104353	0.0860263	0.0186263	0.0815183	0.117398	0.0372713	0.0372713	0.0801236	0.10356	0.117243	0.156674	0.201654	0.236154	0.283282	0.31788	0.329789	0.329789	0.329789	0.329789	0.329789	0.323079	0.291495	0.252027	0.260342	0.257688	0.220799	0.183331	0.134185	0.109931	0.109931	0.109931	0.118078	0.163738	0.221153	0.253783	0.270624	0.262113	0.26556	0.236236	0.202881	0.201577	0.194523	0.143463	0.109931	0.125423	0.17597	0.152389	0.109931	0.109931	0.109931	0.109931	0.128281	0.17597	0.162861	0.172496	0.209288	0.202912	0.209324	0.155459	0.175967	0.162367	0.119534	0.153132	0.160509	0.129873	0.124907	0.113306	0.121846	0.0928641	0	0.0630717	0.0923768	0.0827572	0.10356	0.0945629	0.0572486	0.0572486	0.156668	0.240957	0.236402	0.246992	0.277187	0.31633	0.323418	0.310015	0.359166	0.476389	0.570001	0.654315	0.868127	0.867538	0.845752	0.923421	0.858497	0.858497	0.79288	0.658546	0.599675	0.55323	0.543044	0.549638	0.552379	0.56655	0.571635	0.550395	0.560556	0.647784	0.641538	0.653652	0.636666	0.530073	0.495435	0.508868	0.661161	0.776196	0.952713	1.09055	1.1318	1.15033	1.1642	1.17148	1.23551	1.27424	1.21187	1.14071	1.12885	1.09659	1.02491	0.9097	0.764889	0.658992	0.599729	0.563765	0.544613	0.547054	0.571528	0.600994	0.600994	0.609336	0.636635	0.671047	0.700638	0.694786	0.698074	0.722918	0.690461	0.63342	0.586914	0.58887	0.630426	0.640314	0.655747	0.668669	0.672466	0.715064	0.727627	0.720318	0.748487	0.736025	0.689217	0.673993	0.679349	0.666169	0.641098	0.630426	0.598283
0.241262	0.313826	0.371658	0.378799	0.379389	0.367837	0.386214	0.397524	0.366999	0.278864	0.265661	0.3046	0.267407	0.228844	0.222953	0.217562	0.203507	0.167832	0.11966	0.117325	0.112807	0.0468177	0.0274722	0.0274722	0.0228564	0.0122672	0.0194251	0.0363651	0.0300586	0.0877852	0.111847	0.0293869	0	0	0.0789202	0.110113	0.0380519	0.106348	0.137953	0.120048	0.160766	0.125939	0.125939	0.118221	0.0835123	0.077041	0.0500346	0.0921391	0.114631	0.0999601	0.0944049	0.0620368	0.0445174	0.100141	0.0881608	0.014763	0	0	0	0.014763	0.0463175	0.110054	0.0945213	0.0514822	0.112943	0.0726258	0.00466202	0	0.0209099	0.0932064	0.0934904	0.108288	0.107466	0.0223338	0.00466202	0	0.00466202	0.0893292	0.168555	0.19435	0.166731	0.143105	0.15156	0.151848	0.179209	0.136945	0.114107	0.0912784	0.111745	0.100233	0.0893494	0.105389	0.0538151	0.112054	0.0945213	0.0365191	0.0687746	0.0999601	0.118711	0.153644	0.192063	0.219776	0.251727	0.277161	0.281527	0.309745	0.329663	0.329663	0.329663	0.329663	0.328019	0.319572	0.304935	0.309145	0.304843	0.276632	0.230625	0.197593	0.192305	0.192305	0.192305	0.213354	0.253327	0.272093	0.289526	0.293316	0.276657	0.299156	0.280488	0.234811	0.217735	0.205611	0.199291	0.177588	0.146511	0.171281	0.192835	0.162572	0.126214	0.109889	0.115227	0.147511	0.17687	0.151709	0.180648	0.216266	0.203852	0.189673	0.131328	0.146581	0.105644	0.0687545	0.129092	0.140085	0.125041	0.122835	0.115204	0.114116	0.0948227	0.0687746	0.0943533	0.0996337	0.0594221	0.0566167	0.06039	0.0707961	0.0523124	0.0739198	0.19518	0.180949	0.210882	0.234185	0.264615	0.301605	0.343414	0.445308	0.583998	0.682819	0.767196	0.917231	0.896058	0.877605	0.906323	0.789237	0.738211	0.610496	0.460544	0.441092	0.434835	0.441473	0.461827	0.470237	0.486794	0.511386	0.55383	0.595113	0.662864	0.677585	0.672536	0.645231	0.613837	0.635363	0.691268	0.802877	0.899293	1.05183	1.14256	1.15627	1.15489	1.11701	1.04861	1.02155	1.01672	1.02381	1.02159	0.993557	0.907714	0.804179	0.697682	0.608316	0.549409	0.49783	0.470602	0.477733	0.513028	0.545285	0.587292	0.628048	0.65804	0.689823	0.702495	0.70706	0.720296	0.718829	0.722641	0.732623	0.734873	0.718062	0.693076	0.67165	0.675193	0.697679	0.702564	0.699657	0.725665	0.726054	0.708184	0.73042	0.727424	0.692715	0.695385	0.714014	0.68054	0.645225	0.613159	0.567203
0.256511	0.350866	0.381498	0.381498	0.381498	0.368427	0.380883	0.370117	0.305493	0.232463	0.25156	0.29191	0.243642	0.190751	0.182935	0.196371	0.202757	0.163613	0.113227	0.0944907	0.0582529	0.0122622	0	0	0	0	0.0553262	0.0510769	0.0617667	0.116978	0.110693	0.0122622	0	0	0.0823789	0.109838	0.0274597	0.0764821	0.124812	0.117309	0.141778	0.12953	0.12953	0.111943	0.103481	0.107238	0.0739381	0.0495048	0.0921081	0.109847	0.102968	0.0800595	0.0307013	0.0800944	0.105424	0.0372242	0	0	0	0.0372242	0.0879164	0.101855	0.0495048	0.0814561	0.117309	0.0372429	0	0	0.0122622	0.0678183	0.110659	0.117309	0.117309	0.0553262	0	0	0	0.0999146	0.183218	0.194169	0.16703	0.157827	0.179935	0.19062	0.159834	0.129264	0.117309	0.0921038	0.117309	0.0806105	0.101784	0.113219	0.0923063	0.111271	0.0495048	0.0739381	0.107238	0.109847	0.128183	0.178499	0.208848	0.227218	0.262866	0.27035	0.275638	0.309779	0.329538	0.329538	0.329538	0.329538	0.329538	0.329538	0.322832	0.322503	0.324624	0.299644	0.256511	0.219693	0.219693	0.219693	0.219693	0.252882	0.283064	0.279588	0.302379	0.287259	0.281722	0.333046	0.297035	0.230169	0.221399	0.214951	0.219693	0.205612	0.165908	0.155586	0.194375	0.191246	0.140186	0.109847	0.117987	0.163613	0.171317	0.146022	0.184722	0.21028	0.185081	0.153823	0.135404	0.129264	0.0620095	0.0372429	0.116948	0.141785	0.147404	0.141357	0.122805	0.111271	0.0944907	0.102968	0.117276	0.0955207	0.103481	0.109847	0.109847	0.109847	0.107238	0.0462729	0.192707	0.140486	0.160705	0.187195	0.210467	0.28142	0.364954	0.501951	0.640028	0.749495	0.822232	0.902898	0.896909	0.884762	0.873859	0.75961	0.649443	0.505088	0.392583	0.39631	0.409857	0.412649	0.43286	0.442798	0.46033	0.491231	0.540925	0.599307	0.656594	0.696776	0.679865	0.618334	0.629947	0.675588	0.758394	0.847355	0.963702	1.11729	1.16839	1.17371	1.16533	1.08969	1.00397	0.946916	0.932097	0.963519	0.980191	0.935707	0.831157	0.718705	0.620919	0.556948	0.509696	0.46102	0.43938	0.453565	0.496012	0.535895	0.578146	0.632936	0.673089	0.70427	0.714094	0.710398	0.720997	0.727691	0.722367	0.742569	0.768883	0.762087	0.722659	0.676133	0.691046	0.714519	0.716491	0.707732	0.724235	0.724963	0.703858	0.724963	0.724963	0.694694	0.703858	0.724963	0.682861	0.640413	0.596124	0.555469
0.158071	0.248979	0.236132	0.236132	0.236132	0.214391	0.234233	0.231583	0.179361	0.14875	0.187184	0.209303	0.139556	0.0973318	0.131335	0.164982	0.188432	0.137435	0.0388906	0.022839	0.0122579	0.00232923	0.00737591	0.0186061	0.0258568	0.0274513	0.0769781	0.0292086	0.0794313	0.127275	0.110291	0.00998056	0	0	0.07886	0.110029	0.0312223	0.059862	0.111553	0.105488	0.113804	0.113045	0.109402	0.0706507	0.0471667	0.108503	0.104973	0.0194103	0.021702	0.0274513	0.0769781	0.1037	0.034732	0.0577089	0.104867	0.0574762	0.00737591	0.00970514	0.021702	0.055191	0.0997678	0.0606603	0.0218641	0.104973	0.108205	0.0222334	0.0241478	0.0274513	0.0276483	0.046781	0.112632	0.11166	0.10888	0.0769781	0.0274513	0.0274513	0.0274513	0.111996	0.191336	0.192707	0.166967	0.163495	0.1912	0.188533	0.120713	0.114392	0.108205	0.0860439	0.11166	0.0652766	0.112632	0.113176	0.109565	0.093646	0.0381956	0.110967	0.114192	0.0654206	0.0939598	0.13193	0.113382	0.121609	0.165831	0.155774	0.170754	0.169833	0.147573	0.159577	0.164708	0.166363	0.174999	0.183659	0.177137	0.175095	0.174807	0.154956	0.167149	0.127285	0.115139	0.109805	0.109805	0.153131	0.160408	0.160329	0.216441	0.197437	0.221134	0.284883	0.195837	0.109433	0.138397	0.111659	0.082354	0.109335	0.126539	0.0925201	0.0971781	0.131571	0.109335	0.0758024	0.0727552	0.12844	0.10466	0.0877655	0.152003	0.173521	0.14532	0.115904	0.135699	0.109749	0.0317678	0.0104307	0.0875841	0.106767	0.130419	0.136736	0.111996	0.0872958	0.0444946	0.0859281	0.106425	0.0544451	0.053281	0.0549027	0.0549027	0.0549027	0.110653	0.0499599	0.182957	0.108211	0.111108	0.117933	0.0882585	0.123806	0.214394	0.364643	0.483087	0.587986	0.619447	0.678272	0.713039	0.704688	0.679129	0.56144	0.407887	0.299505	0.24341	0.26959	0.266817	0.196885	0.180839	0.195451	0.236532	0.293727	0.344854	0.420776	0.481231	0.554414	0.535335	0.389292	0.349922	0.35029	0.434288	0.543472	0.701471	0.850004	0.844332	0.818096	0.771173	0.620298	0.492728	0.399776	0.375978	0.369568	0.357516	0.342059	0.292875	0.261147	0.237121	0.216316	0.192159	0.174999	0.178291	0.198875	0.226198	0.250376	0.274511	0.300319	0.32257	0.345075	0.365057	0.38562	0.375185	0.373371	0.370224	0.355421	0.356863	0.35522	0.345164	0.347617	0.416778	0.429916	0.410814	0.385986	0.420654	0.436832	0.405866	0.439301	0.439218	0.38993	0.401498	0.429458	0.352985	0.299649	0.276753	0.254448
0.257778	0.30835	0.291688	0.291688	0.291688	0.274399	0.279857	0.269579	0.224605	0.220649	0.240837	0.225472	0.164043	0.145665	0.175701	0.153071	0.168071	0.128697	0.0185979	0	0	0	0.0372145	0.0800014	0.103403	0.109763	0.10289	0.0433874	0.0927225	0.0998789	0.122711	0.049467	0	0	0.0629755	0.113133	0.0502034	0.0653906	0.110609	0.079594	0.105343	0.117219	0.100067	0.101891	0.0920378	0.122711	0.122711	0.049467	0	0	0.055284	0.110574	0.0677666	0.0492331	0.0922359	0.0930824	0.0372145	0.049467	0.0920378	0.101891	0.0878493	0.0492331	0.0582085	0.117187	0.0979678	0.0686001	0.0982806	0.109763	0.103403	0.0954479	0.129675	0.117219	0.104477	0.10289	0.109763	0.109763	0.109763	0.155222	0.209005	0.202602	0.184067	0.171926	0.203954	0.179798	0.129166	0.122711	0.0979678	0.0986254	0.117219	0.0935262	0.142141	0.137197	0.137197	0.128468	0.120675	0.175701	0.16371	0.156436	0.196491	0.199538	0.203937	0.25269	0.285484	0.283074	0.295541	0.265761	0.263915	0.310259	0.329286	0.336299	0.372725	0.404887	0.386364	0.323862	0.26956	0.25896	0.305316	0.291051	0.242099	0.219526	0.219526	0.234834	0.233242	0.233242	0.257316	0.254671	0.296127	0.314344	0.242729	0.198063	0.191101	0.140079	0.109763	0.140079	0.191101	0.202465	0.181189	0.187374	0.205455	0.196445	0.158728	0.186612	0.140079	0.144856	0.194028	0.189527	0.150861	0.112293	0.135814	0.0935646	0.0185979	0.0372145	0.104194	0.0858951	0.0970106	0.135814	0.117187	0.10289	0.0920378	0.104194	0.0970141	0.104345	0.109763	0.109763	0.109763	0.109763	0.153396	0.164644	0.167268	0.0799985	0.0699555	0.0954479	0.146028	0.228116	0.36135	0.528725	0.664731	0.764228	0.776066	0.815785	0.820199	0.782098	0.739481	0.590502	0.412528	0.32484	0.315815	0.366519	0.3503	0.285293	0.287274	0.317395	0.359351	0.408308	0.461199	0.551824	0.639945	0.723531	0.738425	0.683314	0.687379	0.728306	0.804846	0.871247	0.929558	1.02375	1.03421	0.984803	0.926536	0.795533	0.670158	0.579194	0.525854	0.4715	0.421599	0.376743	0.33659	0.329286	0.329286	0.310259	0.263915	0.24032	0.277476	0.348566	0.413658	0.468296	0.522983	0.570222	0.618765	0.665858	0.699968	0.727765	0.730194	0.716665	0.70826	0.679836	0.658551	0.658551	0.658551	0.659258	0.680331	0.655379	0.627465	0.634627	0.663099	0.674913	0.672965	0.68879	0.687211	0.665343	0.657485	0.642911	0.565365	0.498663	0.444456	0.390242
0.226015	0.278915	0.271535	0.271535	0.266492	0.245191	0.249856	0.244781	0.201862	0.206995	0.210978	0.182079	0.144154	0.138383	0.153014	0.0943393	0.121805	0.10818	0.0228216	0.0228216	0.0122485	0.0099733	0.0751385	0.102695	0.0813685	0.0822912	0.0667093	0.068509	0.102856	0.053358	0.113933	0.0880531	0.015089	0.0241294	0.0391855	0.1029	0.0702357	0.0798585	0.107772	0.04157	0.0880265	0.115539	0.0756151	0.0766215	0.10735	0.121228	0.120459	0.0919987	0.0241294	0.015089	0.0263779	0.0945877	0.0978131	0.0370296	0.0554212	0.101882	0.0686497	0.0955089	0.107114	0.0728523	0.046247	0.0432123	0.0982949	0.0993789	0.0779528	0.100601	0.0954054	0.103092	0.103017	0.11992	0.140374	0.119042	0.0896484	0.0956025	0.109722	0.109722	0.109722	0.152836	0.192778	0.186706	0.185421	0.168692	0.210835	0.163022	0.145603	0.131651	0.0946783	0.120235	0.120812	0.11921	0.157123	0.141194	0.138879	0.138435	0.137092	0.180647	0.166662	0.18165	0.201553	0.192966	0.21791	0.258393	0.257991	0.264154	0.263287	0.231334	0.257553	0.289667	0.300091	0.311578	0.351354	0.365769	0.365427	0.32142	0.278628	0.271544	0.298755	0.299177	0.264326	0.246872	0.246872	0.250357	0.242103	0.236766	0.247473	0.264601	0.307	0.276821	0.230433	0.185998	0.166343	0.140835	0.133901	0.153284	0.186686	0.201027	0.195821	0.182608	0.188117	0.198554	0.159455	0.179658	0.126022	0.150806	0.184144	0.169591	0.135862	0.104835	0.133132	0.08088	0.0330556	0.0817106	0.12395	0.0685741	0.0489198	0.109665	0.0919987	0.06867	0.107114	0.112816	0.0813685	0.10464	0.116781	0.127053	0.123901	0.113344	0.131908	0.150867	0.113941	0.0392627	0.0257901	0.0931809	0.19563	0.29816	0.448473	0.608678	0.733484	0.801033	0.78085	0.815252	0.788864	0.734637	0.695305	0.52199	0.359464	0.313411	0.33438	0.383258	0.335189	0.280528	0.290584	0.298339	0.338118	0.389382	0.438038	0.513963	0.605622	0.694429	0.72484	0.702377	0.711372	0.748776	0.815171	0.880098	0.920664	1.02796	1.05299	0.948272	0.875468	0.741529	0.595658	0.516975	0.473611	0.43251	0.396387	0.356996	0.320388	0.305041	0.301732	0.298042	0.280079	0.265846	0.315093	0.381397	0.423939	0.47382	0.522325	0.557559	0.592109	0.623975	0.663262	0.693151	0.698883	0.688025	0.683638	0.666605	0.641059	0.628976	0.6221	0.62174	0.635935	0.608357	0.593457	0.608114	0.61333	0.633155	0.641701	0.641599	0.640293	0.61451	0.592072	0.563728	0.489261	0.443567	0.41042	0.370603
0.15427	0.226725	0.221053	0.221053	0.196165	0.171795	0.202778	0.202671	0.155104	0.150746	0.147651	0.117097	0.111102	0.107073	0.0799376	0.0185837	0.0738255	0.107075	0.10968	0.0943468	0.0581642	0.0462024	0.111102	0.0799376	0.0185837	0	0.0122435	0.0946589	0.101629	0.0555016	0.11713	0.104745	0.0685479	0.0982057	0.104265	0.0969402	0.0793452	0.0985502	0.0934933	0.0185837	0.0552419	0.104864	0.075585	0.024487	0.081332	0.11713	0.11049	0.107075	0.0982057	0.0685479	0.024487	0.0822534	0.109671	0.0381828	0.067715	0.11049	0.104115	0.122618	0.0738255	0	0	0.061915	0.11713	0.0672589	0.0799724	0.105263	0.0861283	0.0919677	0.106546	0.134767	0.141142	0.124865	0.101814	0.10968	0.10968	0.10968	0.10968	0.143103	0.165552	0.165725	0.197614	0.197029	0.240406	0.181875	0.172323	0.167141	0.156597	0.175009	0.140614	0.145732	0.179584	0.155104	0.143103	0.145732	0.162488	0.199439	0.194695	0.209268	0.206865	0.199618	0.21279	0.220264	0.19415	0.198178	0.164057	0.155349	0.220902	0.219217	0.212745	0.238011	0.270049	0.248236	0.282634	0.317153	0.329035	0.32234	0.300491	0.298153	0.312703	0.329035	0.329035	0.312703	0.269355	0.247139	0.258672	0.267861	0.28819	0.228065	0.189382	0.137096	0.125137	0.169582	0.206647	0.219358	0.206647	0.193415	0.199385	0.196341	0.156316	0.164057	0.164519	0.153279	0.10968	0.130773	0.159875	0.161996	0.137096	0.133427	0.165084	0.12481	0.10968	0.14872	0.165084	0.117808	0.104265	0.0969402	0.0552419	0	0.0738255	0.107075	0.10968	0.10968	0.143135	0.179443	0.169582	0.125137	0.10968	0.10968	0.0943468	0.0672589	0.0823366	0.175009	0.312623	0.456755	0.613602	0.721128	0.807168	0.849043	0.793158	0.80933	0.758511	0.674058	0.620035	0.445917	0.323193	0.32323	0.346864	0.36531	0.315205	0.279944	0.275395	0.246778	0.282634	0.357755	0.425907	0.479853	0.548494	0.653071	0.748417	0.77769	0.795876	0.800072	0.828112	0.913653	0.990519	1.08327	1.04756	0.862506	0.746462	0.590424	0.412428	0.344427	0.329035	0.329035	0.329035	0.316014	0.277264	0.233949	0.219358	0.24534	0.295953	0.340929	0.402399	0.43027	0.440992	0.480167	0.510508	0.51388	0.501476	0.503797	0.556069	0.599621	0.600965	0.59632	0.609801	0.622383	0.59094	0.542413	0.51421	0.513968	0.521867	0.504443	0.50449	0.486826	0.471727	0.52361	0.532609	0.517333	0.498068	0.456783	0.418551	0.354227	0.285267	0.290829	0.32234	0.329035
0.173941	0.226081	0.211771	0.216379	0.175138	0.161647	0.217874	0.203693	0.138773	0.112276	0.123151	0.0968796	0.109612	0.0943877	0.0365367	0.00736465	0.029071	0.0650066	0.0822282	0.0948643	0.0953289	0.0857325	0.125537	0.0501492	0.0104156	0.00232568	0.0306428	0.10644	0.0932765	0.0820045	0.112734	0.0950817	0.100524	0.0953324	0.0983198	0.0813063	0.0749534	0.105251	0.0664712	0.00736465	0.0217063	0.076212	0.100524	0.0544446	0.0551068	0.112734	0.100683	0.0888533	0.101061	0.105015	0.0506261	0.0838825	0.109629	0.048095	0.0907321	0.0922105	0.109816	0.11494	0.0294404	0	0.00465136	0.0967974	0.11164	0.0499185	0.104019	0.0947249	0.107754	0.107268	0.114369	0.144053	0.131135	0.113982	0.0969067	0.0959039	0.0855806	0.0822282	0.0893437	0.135684	0.156555	0.170061	0.225692	0.229311	0.245174	0.167524	0.1601	0.172695	0.163563	0.160946	0.122289	0.147863	0.190425	0.15737	0.143747	0.160084	0.194177	0.213203	0.195463	0.203153	0.202601	0.181964	0.185519	0.201189	0.194752	0.178177	0.141992	0.164993	0.215562	0.195965	0.183508	0.214481	0.238799	0.214148	0.238954	0.281238	0.299861	0.298646	0.296616	0.287941	0.29004	0.301501	0.301501	0.286563	0.258555	0.255838	0.263779	0.256068	0.266478	0.203162	0.169386	0.139346	0.135507	0.18167	0.189466	0.191865	0.189466	0.196203	0.183704	0.184232	0.161406	0.139933	0.150751	0.131807	0.109638	0.118822	0.161319	0.174672	0.128666	0.137043	0.162577	0.119387	0.114963	0.163077	0.163077	0.114963	0.10456	0.0813063	0.0475436	0.0381709	0.029164	0.0306442	0.0548188	0.0584907	0.121411	0.114979	0.128321	0.0761518	0.0451997	0.0293214	0.075681	0.151406	0.19382	0.286565	0.424105	0.559825	0.673683	0.741844	0.831208	0.873307	0.786225	0.789552	0.731973	0.626897	0.566694	0.421368	0.32446	0.330091	0.342917	0.349369	0.329468	0.280701	0.267276	0.260752	0.288803	0.34071	0.40135	0.46315	0.509199	0.57932	0.674528	0.718233	0.753442	0.775835	0.822529	0.920699	0.962157	0.990412	0.922258	0.740345	0.641342	0.517125	0.371506	0.334196	0.325366	0.315006	0.304808	0.297541	0.286159	0.256803	0.246683	0.262481	0.300179	0.350066	0.407983	0.421655	0.442528	0.470996	0.491964	0.490772	0.479195	0.479739	0.502788	0.540761	0.562796	0.564631	0.56787	0.573521	0.551031	0.508953	0.480807	0.481849	0.487452	0.480975	0.479594	0.450385	0.463469	0.525785	0.50374	0.476915	0.44721	0.425538	0.383	0.304252	0.269742	0.284815	0.297124	0.301501
0.177628	0.18632	0.194268	0.216535	0.171528	0.159284	0.198055	0.184842	0.101552	0.0522313	0.105183	0.0984752	0.105183	0.0984752	0.0244684	0	0	0	0	0.0551998	0.0968664	0.138135	0.142994	0.0798796	0.0371578	0.0122342	0.0676634	0.110406	0.104036	0.111017	0.0920955	0.0984752	0.105183	0.0860627	0.0918977	0.109596	0.101736	0.0877156	0.0371392	0	0	0.0371392	0.0877156	0.0994646	0.0755275	0.0920955	0.102733	0.098131	0.102028	0.128969	0.0799115	0.0925814	0.109588	0.0451793	0.0857644	0.104036	0.125054	0.112961	0.0244684	0	0.0244684	0.112961	0.0903585	0.0618679	0.117041	0.0918935	0.117041	0.08127	0.0737693	0.141035	0.129234	0.102733	0.098131	0.0684957	0.0244684	0	0.0493917	0.148175	0.191549	0.227877	0.257622	0.241063	0.227096	0.145621	0.145621	0.167215	0.157768	0.136991	0.112968	0.154986	0.197566	0.167013	0.171403	0.209837	0.218253	0.210909	0.18715	0.186328	0.174876	0.12789	0.136991	0.163239	0.167215	0.138135	0.112968	0.154986	0.160409	0.129234	0.106464	0.136991	0.154986	0.112968	0.133777	0.182773	0.212583	0.226699	0.262266	0.269733	0.233771	0.219191	0.219191	0.219191	0.249991	0.295625	0.277389	0.2592	0.243904	0.167219	0.154986	0.148607	0.156478	0.174876	0.12789	0.109596	0.12789	0.174895	0.167466	0.152838	0.133491	0.104186	0.109596	0.109596	0.109596	0.12253	0.163239	0.153228	0.111017	0.143986	0.154986	0.112968	0.133777	0.186328	0.152054	0.109596	0.109596	0.109596	0.116886	0.156197	0.171543	0.143026	0.109596	0.098131	0.136988	0.105475	0.164958	0.134923	0.156197	0.227768	0.323347	0.38909	0.424361	0.498082	0.605535	0.670105	0.719138	0.801619	0.886464	0.89615	0.782935	0.768391	0.71345	0.611825	0.543706	0.434065	0.361823	0.347666	0.350093	0.344905	0.324345	0.258475	0.264577	0.304175	0.328785	0.328785	0.35307	0.422253	0.460709	0.484489	0.526805	0.557816	0.633133	0.713411	0.809035	0.878034	0.816972	0.777671	0.702462	0.541025	0.484709	0.387946	0.292521	0.309787	0.315773	0.277053	0.233771	0.235435	0.282419	0.316912	0.328785	0.328785	0.335787	0.359589	0.39252	0.401453	0.416641	0.416389	0.425949	0.423691	0.420207	0.389648	0.344165	0.362708	0.436992	0.478491	0.453304	0.427907	0.421489	0.401198	0.378651	0.387879	0.417421	0.419951	0.418639	0.404528	0.437764	0.465351	0.400058	0.368596	0.354044	0.350864	0.286414	0.226699	0.234094	0.245059	0.220897	0.219191
0.154629	0.135542	0.190679	0.230085	0.180024	0.140881	0.153471	0.169527	0.088153	0.0347902	0.0995745	0.113769	0.0969507	0.107314	0.0532654	0.0273886	0.0257976	0.0185635	0.00735904	0.0216898	0.0596565	0.138224	0.111185	0.0993301	0.0643496	0.0292974	0.103035	0.10269	0.123982	0.127731	0.0742894	0.106668	0.0968059	0.108977	0.106951	0.0838251	0.0759971	0.046969	0.0147181	0	0.00968295	0.0311532	0.0694972	0.108861	0.106918	0.0742894	0.0941176	0.10437	0.121382	0.139651	0.10707	0.10604	0.11184	0.0392002	0.0498805	0.110339	0.13195	0.112918	0.0495811	0.00464782	0.0517835	0.112639	0.0727528	0.0975165	0.113571	0.0923874	0.112599	0.044451	0.0290488	0.121043	0.125824	0.0749031	0.0838024	0.0955612	0.0416923	0	0.0893834	0.180833	0.199956	0.219747	0.222985	0.21466	0.205066	0.152909	0.154944	0.177674	0.174561	0.138172	0.119296	0.167483	0.205038	0.188637	0.201707	0.235305	0.214286	0.213506	0.204263	0.19477	0.180895	0.145909	0.152569	0.15732	0.159131	0.128566	0.0932498	0.143423	0.124381	0.125824	0.119125	0.125964	0.15059	0.11504	0.150172	0.18814	0.189277	0.196992	0.224708	0.251382	0.229928	0.219107	0.219107	0.219107	0.246874	0.270324	0.24413	0.239104	0.201534	0.145357	0.162453	0.153312	0.151523	0.149155	0.114111	0.109554	0.115507	0.143389	0.168871	0.173126	0.123656	0.0846708	0.0821656	0.0821656	0.0855154	0.111456	0.15331	0.128762	0.127731	0.169102	0.147751	0.109321	0.141645	0.177945	0.131997	0.109554	0.109554	0.114876	0.133215	0.177185	0.169143	0.171585	0.140268	0.147809	0.183548	0.178587	0.211482	0.192795	0.240492	0.319814	0.407425	0.455648	0.498117	0.572265	0.670001	0.708497	0.770698	0.886436	0.910124	0.878962	0.768039	0.736284	0.680231	0.57397	0.491578	0.411263	0.352633	0.337292	0.348275	0.333144	0.315876	0.269711	0.286342	0.29667	0.302919	0.31148	0.338944	0.399358	0.442275	0.468156	0.506262	0.541229	0.617376	0.682041	0.758748	0.790181	0.709701	0.687596	0.622478	0.48074	0.436387	0.34459	0.280188	0.282311	0.291471	0.285941	0.256608	0.257114	0.288583	0.318687	0.328659	0.328659	0.336351	0.363935	0.396368	0.403332	0.393949	0.39237	0.412864	0.402047	0.393563	0.370037	0.338944	0.349803	0.401881	0.449127	0.444489	0.419459	0.414162	0.40241	0.391144	0.397227	0.406258	0.388912	0.396602	0.387372	0.410488	0.414042	0.363329	0.352277	0.342297	0.314973	0.236704	0.205869	0.224289	0.228687	0.206089	0.213967
0.126935	0.110356	0.182116	0.212495	0.196344	0.175297	0.175297	0.197415	0.136886	0.098056	0.119079	0.134561	0.104442	0.0998385	0.101658	0.109512	0.103166	0.0798185	0.0371294	0	0.0493539	0.122431	0.0244497	0.112875	0.0628316	0.0618206	0.12887	0.110932	0.166253	0.154868	0.104106	0.0967924	0.103956	0.122431	0.0737129	0.0122248	0.013689	0.0122248	0	0	0.0493539	0.0918274	0.098056	0.119079	0.120886	0.104106	0.103166	0.111602	0.135048	0.140435	0.134561	0.122431	0.12887	0.0618206	0.027376	0.109504	0.117422	0.112875	0.0762491	0.0244497	0.0855163	0.110322	0.0933124	0.116919	0.0977439	0.0983999	0.0933507	0.0185554	0	0.0812079	0.116951	0.0371294	0.0762491	0.112875	0.0371108	0	0.0996102	0.19212	0.19212	0.201876	0.207136	0.197313	0.195773	0.182378	0.187007	0.215392	0.202108	0.139759	0.14252	0.209677	0.229926	0.237404	0.258895	0.273771	0.244872	0.247155	0.235508	0.220724	0.218883	0.212421	0.204986	0.165403	0.123529	0.0737129	0.0618206	0.116951	0.0918232	0.116951	0.104585	0.110823	0.147191	0.129139	0.170795	0.163114	0.117628	0.109512	0.127792	0.177955	0.208212	0.219024	0.219024	0.219024	0.2035	0.186165	0.180775	0.188288	0.139759	0.14252	0.186186	0.140935	0.0967924	0.103956	0.0918274	0.109512	0.0942029	0.0933124	0.134992	0.158942	0.123613	0.0493539	0	0	0.0244497	0.098172	0.154034	0.138029	0.154868	0.160286	0.129135	0.106383	0.136886	0.154868	0.112882	0.109512	0.109512	0.133674	0.180775	0.188288	0.158366	0.2035	0.233593	0.287556	0.372656	0.404165	0.375882	0.372737	0.457443	0.533851	0.595669	0.633176	0.681767	0.733088	0.789636	0.8354	0.916462	0.98142	0.932591	0.865873	0.759641	0.691221	0.609445	0.508882	0.433096	0.383731	0.343019	0.346302	0.358462	0.334672	0.333866	0.305844	0.29729	0.249238	0.226095	0.263312	0.30955	0.362431	0.416328	0.43605	0.456884	0.503028	0.545484	0.56431	0.582357	0.571592	0.525886	0.556753	0.501039	0.393291	0.372744	0.288767	0.214263	0.194398	0.212209	0.282203	0.31667	0.328534	0.328534	0.328534	0.328534	0.328534	0.337468	0.379015	0.405626	0.373366	0.323376	0.323386	0.352146	0.327611	0.318428	0.328534	0.328534	0.328534	0.328534	0.357799	0.397208	0.391897	0.38408	0.397964	0.425752	0.416328	0.357209	0.320444	0.345788	0.333906	0.344283	0.344116	0.317545	0.292942	0.263296	0.22704	0.140232	0.152579	0.195994	0.175941	0.167876	0.200886
0.11478	0.109955	0.169812	0.16255	0.163759	0.159571	0.159571	0.183577	0.116107	0.0846782	0.11866	0.139518	0.110603	0.0631431	0.0726858	0.0821032	0.0800341	0.102612	0.0685084	0	0.0912761	0.116907	0.052488	0.11132	0.0388344	0.0953771	0.136424	0.114061	0.188461	0.136832	0.0770789	0.0551398	0.110255	0.116907	0.0290268	0.0227679	0.0103997	0.0227679	0	0	0.0912761	0.108175	0.0846782	0.11866	0.0894323	0.0770789	0.0800341	0.116874	0.139867	0.123488	0.139518	0.116907	0.136424	0.0953771	0.0273656	0.109462	0.0930786	0.111421	0.0996079	0.0455358	0.10386	0.0945809	0.10759	0.0987919	0.0718523	0.107456	0.0683708	0.00735345	0	0.0453581	0.113673	0.0685084	0.0996079	0.111421	0.0147069	0	0.0874511	0.191841	0.191841	0.213788	0.253961	0.214979	0.19787	0.196552	0.169983	0.19797	0.164501	0.0986269	0.135478	0.19707	0.191046	0.225068	0.23803	0.232213	0.197346	0.196036	0.1877	0.180409	0.181534	0.160544	0.149667	0.114877	0.0715605	0.0290268	0.0953771	0.113673	0.0876324	0.113673	0.0907456	0.130422	0.162346	0.142206	0.149796	0.121404	0.0874577	0.0821032	0.0927833	0.124583	0.154157	0.164206	0.164206	0.164206	0.145139	0.146744	0.158955	0.135008	0.0986269	0.135478	0.157148	0.0944853	0.0551398	0.110255	0.108175	0.0821032	0.0944336	0.10759	0.119957	0.130078	0.136648	0.0912761	0	0	0.0455358	0.12676	0.165918	0.129556	0.136832	0.118111	0.120951	0.115417	0.116107	0.136832	0.0865437	0.0821032	0.0821032	0.118114	0.158955	0.135008	0.118069	0.145139	0.180146	0.229607	0.278004	0.302724	0.277992	0.297934	0.400276	0.448078	0.496099	0.521454	0.562119	0.600366	0.659051	0.735367	0.803463	0.826104	0.785308	0.724107	0.624534	0.535873	0.471044	0.408676	0.329515	0.292405	0.258549	0.269536	0.278079	0.260667	0.28037	0.246758	0.229237	0.186357	0.17085	0.214444	0.24044	0.267622	0.308567	0.332231	0.339157	0.386039	0.422885	0.449032	0.448795	0.448056	0.450326	0.471931	0.397588	0.321621	0.307743	0.219021	0.151451	0.165365	0.168961	0.206553	0.236399	0.246308	0.246308	0.246308	0.246308	0.246308	0.256339	0.308118	0.320229	0.278375	0.244906	0.273634	0.313319	0.28123	0.246563	0.246308	0.246308	0.246308	0.246308	0.265094	0.304566	0.317166	0.295104	0.295386	0.31818	0.308567	0.258531	0.248847	0.288425	0.269774	0.280628	0.288228	0.274798	0.227781	0.206462	0.207693	0.145347	0.154826	0.156769	0.1257	0.151129	0.163168
0.122338	0.125731	0.160093	0.147949	0.165554	0.174093	0.193679	0.222663	0.199396	0.190519	0.194403	0.1944	0.15475	0.112796	0.0865106	0.0386876	0.0216263	0.0995749	0.0952543	0.0193438	0.0865053	0.116063	0.117665	0.136779	0.104172	0.125734	0.152922	0.157444	0.20195	0.136779	0.0967224	0.131556	0.186044	0.157449	0.109429	0.104621	0.0832037	0.0677032	0.0193438	0.0290157	0.116862	0.0912412	0.0432527	0.0986328	0.104172	0.109429	0.10098	0.13471	0.14763	0.130117	0.145073	0.129758	0.138476	0.0995749	0.0588311	0.113204	0.100975	0.122338	0.0952543	0.0736568	0.108132	0.0952543	0.116862	0.0736568	0.0736568	0.108132	0.0432527	0	0	0.0216263	0.0995749	0.0995749	0.123098	0.10281	0	0	0.0820655	0.191486	0.198442	0.241787	0.278968	0.21734	0.204021	0.199149	0.15625	0.18679	0.14636	0.12611	0.195603	0.232124	0.23293	0.280483	0.290316	0.273563	0.244686	0.23553	0.232532	0.2141	0.171389	0.118065	0.109429	0.109429	0.109429	0.109429	0.116063	0.113204	0.100975	0.0952543	0.0912412	0.131547	0.137458	0.138476	0.117662	0.0972019	0.0493179	0.0136776	0.0493179	0.0912475	0.109429	0.109429	0.109429	0.109429	0.109429	0.146363	0.164707	0.118065	0.109429	0.116063	0.0865053	0	0.0386876	0.122338	0.0865053	0	0.064879	0.116862	0.116862	0.113204	0.143779	0.129037	0.0493179	0.00967189	0.061928	0.130117	0.151074	0.130117	0.118056	0.0952543	0.116862	0.0912412	0.089167	0.110272	0.0398775	0.0611718	0.104621	0.157449	0.175166	0.164427	0.199398	0.247729	0.32035	0.359041	0.370203	0.426011	0.515164	0.602223	0.670144	0.700711	0.749469	0.804829	0.86935	0.921417	0.957254	0.980795	1.02576	1.03822	0.976781	0.899062	0.786488	0.677088	0.612461	0.542401	0.451177	0.399844	0.389054	0.403105	0.363572	0.334071	0.328419	0.284463	0.269433	0.236128	0.236128	0.269433	0.242383	0.218857	0.232938	0.296069	0.355903	0.368302	0.379309	0.396548	0.394537	0.427313	0.444898	0.446574	0.377198	0.320487	0.290316	0.220556	0.217355	0.256993	0.237903	0.218857	0.218857	0.218857	0.218857	0.2258	0.261328	0.30845	0.32499	0.336441	0.312212	0.281987	0.299989	0.345221	0.368673	0.314895	0.276967	0.302168	0.328284	0.328284	0.328284	0.311467	0.296697	0.295905	0.266113	0.228272	0.218857	0.2258	0.261328	0.298584	0.305394	0.284625	0.291604	0.299826	0.280649	0.24199	0.222663	0.195599	0.150145	0.171382	0.135752	0.129766	0.175166	0.140827
0.122291	0.138423	0.134659	0.126057	0.154992	0.155896	0.184711	0.205095	0.194574	0.201881	0.212699	0.216184	0.154691	0.112753	0.116018	0.0864723	0.0096682	0.0736287	0.10809	0.0432362	0.0386728	0.0864776	0.104132	0.136727	0.11762	0.100941	0.152864	0.192633	0.178269	0.136727	0.104132	0.143731	0.185973	0.138431	0.109387	0.102778	0.0917226	0.100937	0.0432362	0.0648542	0.116818	0.0520635	0.0193364	0.0611484	0.0966854	0.109387	0.125686	0.160032	0.160905	0.171041	0.158564	0.155889	0.125683	0.0736287	0.0952179	0.100937	0.11316	0.122291	0.0588086	0.0995369	0.0952179	0.10809	0.116818	0.0492976	0.0995369	0.0952179	0.0193364	0	0	0.0096682	0.0736287	0.126053	0.150396	0.0891329	0	0	0.0820342	0.191413	0.212031	0.282358	0.278861	0.203943	0.217257	0.199073	0.168843	0.199309	0.157384	0.147897	0.203951	0.232035	0.251372	0.290204	0.299711	0.273459	0.244592	0.229815	0.232443	0.203267	0.152873	0.116425	0.109387	0.109387	0.109387	0.109387	0.0864776	0.100937	0.11316	0.0588086	0.104574	0.118011	0.0831659	0.125683	0.0966819	0.10635	0.0917184	0.0410171	0.0917184	0.108095	0.109387	0.109387	0.109387	0.109387	0.109387	0.154993	0.164644	0.116425	0.109387	0.0864776	0.0386728	0	0.0864723	0.122291	0.0386728	0	0.0290046	0.116818	0.116818	0.100937	0.131499	0.128987	0.0917184	0.0216181	0.0755082	0.116416	0.123809	0.171041	0.131497	0.10809	0.116818	0.0520635	0.10277	0.11023	0.0520635	0.0985951	0.119591	0.165494	0.175099	0.18062	0.207591	0.259431	0.345498	0.358904	0.380521	0.441367	0.532456	0.613983	0.675722	0.718618	0.767664	0.835292	0.892778	0.93855	0.950816	0.959031	1.042	1.04589	0.940336	0.86998	0.75589	0.652935	0.592366	0.519303	0.440945	0.392613	0.394631	0.399691	0.350339	0.328867	0.308933	0.278375	0.26933	0.232849	0.242291	0.26933	0.236038	0.218774	0.236038	0.300345	0.357863	0.362017	0.379165	0.389259	0.394386	0.42715	0.425834	0.425831	0.367514	0.303588	0.263891	0.220472	0.229815	0.256895	0.233849	0.218774	0.218774	0.218774	0.218774	0.22654	0.272437	0.313741	0.323135	0.325006	0.299875	0.281879	0.312093	0.345089	0.359806	0.300185	0.287461	0.311797	0.328158	0.328158	0.328158	0.320227	0.3167	0.295792	0.272263	0.230629	0.218774	0.22654	0.272437	0.294053	0.284354	0.284516	0.283033	0.290205	0.261219	0.241898	0.205095	0.146308	0.138425	0.19576	0.145023	0.140774	0.175099	0.129716
0.119541	0.144967	0.175033	0.157329	0.171259	0.199244	0.220388	0.226245	0.216111	0.216107	0.232149	0.261118	0.203874	0.117575	0.125635	0.116773	0.0289935	0.0432197	0.108049	0.0736006	0.0216098	0.0611251	0.104093	0.154632	0.136678	0.138378	0.203185	0.214584	0.194252	0.175033	0.156139	0.180551	0.168786	0.117974	0.0911778	0.0492802	0.0754793	0.112703	0.0796941	0.108051	0.11019	0.0779184	0.0966485	0.0911778	0.0492802	0.0216098	0.112703	0.150958	0.164005	0.191339	0.164005	0.164005	0.123761	0.0891008	0.11019	0.100898	0.122244	0.0864393	0.0432197	0.112703	0.0864393	0.112703	0.0966414	0.0520436	0.116773	0.0648295	0	0	0	0	0.0618807	0.137353	0.15732	0.0820029	0	0	0.0754793	0.179763	0.222485	0.29771	0.278755	0.209067	0.226437	0.21195	0.190607	0.203178	0.162003	0.165428	0.212837	0.241611	0.261118	0.291377	0.280933	0.222493	0.166837	0.157329	0.175033	0.129667	0.109345	0.109345	0.109345	0.109345	0.109345	0.109345	0.109345	0.108054	0.0916834	0.0587862	0.122244	0.0864393	0.0432197	0.112703	0.0696893	0.0648295	0.106747	0.106749	0.128938	0.108054	0.0966485	0.0611251	0.019329	0	0.038658	0.122244	0.0864393	0	0	0	0	0.0289935	0.116773	0.0911716	0	0.019329	0.0611251	0.117572	0.0951816	0.0911716	0.104534	0.0831342	0.116773	0.0492802	0.100898	0.113117	0.134607	0.194488	0.13837	0.116773	0.0994989	0.0216098	0.0966414	0.117966	0.0831342	0.134607	0.135647	0.164296	0.17423	0.175033	0.178207	0.225622	0.290095	0.309418	0.397307	0.492131	0.608549	0.714438	0.789627	0.828239	0.898796	0.959884	0.965704	0.974894	0.956916	0.950648	0.973299	0.871674	0.724486	0.676838	0.544135	0.453825	0.423923	0.389596	0.392464	0.418271	0.437585	0.439609	0.437374	0.418158	0.364707	0.311678	0.268011	0.261129	0.298514	0.280943	0.270786	0.308214	0.317028	0.285396	0.268534	0.303325	0.336184	0.344957	0.360836	0.386696	0.386574	0.387056	0.32859	0.282925	0.288323	0.281772	0.281772	0.272846	0.235948	0.24754	0.301937	0.328033	0.328033	0.321853	0.298514	0.246972	0.243928	0.281772	0.272846	0.278269	0.297726	0.302084	0.290095	0.235149	0.235149	0.220388	0.205477	0.21869	0.205477	0.220388	0.271295	0.276752	0.287351	0.268534	0.23276	0.235948	0.269227	0.242198	0.23535	0.243347	0.232149	0.242382	0.203183	0.205012	0.164581	0.125642	0.154632	0.220379	0.154632	0.146252	0.164581	0.117974
0.10801	0.108014	0.174966	0.165368	0.152756	0.194425	0.220304	0.216028	0.226158	0.232664	0.223038	0.261018	0.232059	0.178133	0.138318	0.116729	0.0648047	0.0193216	0.0951453	0.0994609	0.0618571	0.0985199	0.11753	0.154573	0.136626	0.157269	0.203107	0.183555	0.216019	0.174966	0.161948	0.187581	0.15122	0.116336	0.108013	0.0916484	0.116327	0.11266	0.104047	0.119495	0.0874816	0.10801	0.104053	0.108013	0.0916484	0.0618571	0.11266	0.123714	0.163943	0.191266	0.163943	0.163943	0.150901	0.125587	0.0874816	0.113074	0.122198	0.0386433	0.0696627	0.11266	0.0864063	0.11266	0.0696627	0.0911368	0.116729	0.0289825	0	0	0	0	0.0754505	0.137301	0.143613	0.0819716	0	0	0.0618571	0.152745	0.2224	0.284121	0.278649	0.235841	0.239959	0.252837	0.230437	0.2031	0.174158	0.199159	0.244588	0.251365	0.261018	0.301963	0.270673	0.204938	0.152754	0.165368	0.174966	0.123723	0.109304	0.109304	0.109304	0.109304	0.109304	0.109304	0.109304	0.091143	0.0492614	0.0951453	0.122198	0.0386433	0.0193216	0.11266	0.0966046	0.0289825	0.0735766	0.125961	0.128889	0.091143	0.104053	0.0985199	0.0432032	0	0.0864063	0.122198	0.0386433	0	0	0	0	0.0648047	0.116729	0.0520237	0	0.0432032	0.0985199	0.0966081	0.0587637	0.104494	0.0911368	0.0305495	0.116729	0.0492614	0.113074	0.10086	0.15991	0.181504	0.125587	0.116729	0.0735725	0.00966082	0.0696627	0.131396	0.137301	0.15991	0.168716	0.174162	0.183555	0.174966	0.194181	0.251366	0.299483	0.367234	0.439962	0.540048	0.668812	0.755062	0.800592	0.833986	0.939865	0.972651	0.965336	0.98082	0.950878	0.931846	0.909493	0.803608	0.708581	0.653857	0.514299	0.442404	0.414859	0.386078	0.399386	0.419448	0.437418	0.442404	0.437207	0.410792	0.356282	0.301822	0.257247	0.272229	0.2984	0.270683	0.280836	0.313501	0.314542	0.27462	0.27665	0.315872	0.324758	0.344826	0.360698	0.377263	0.386427	0.367106	0.309748	0.29127	0.303357	0.281664	0.281664	0.267909	0.232671	0.259233	0.311559	0.327908	0.327908	0.321149	0.288218	0.239977	0.255059	0.281664	0.267909	0.284137	0.290632	0.293823	0.26369	0.235059	0.235059	0.220304	0.209002	0.218607	0.209002	0.220304	0.254138	0.262807	0.27665	0.27665	0.235858	0.242106	0.269124	0.235858	0.22964	0.227391	0.223038	0.232059	0.18381	0.204934	0.164518	0.121053	0.154573	0.220295	0.154573	0.154875	0.164518	0.116336
0.107971	0.109262	0.157209	0.18576	0.150235	0.191695	0.267807	0.263595	0.250717	0.261457	0.23177	0.236743	0.225444	0.234964	0.194104	0.154815	0.127018	0.0431867	0.095109	0.107967	0.095109	0.125539	0.117483	0.155715	0.136574	0.154514	0.174896	0.154514	0.220211	0.173828	0.168657	0.16671	0.0890377	0.0386285	0.0696361	0.112617	0.139272	0.112617	0.123667	0.109254	0.0696361	0.112617	0.0431867	0.06478	0.116684	0.116283	0.138265	0.166705	0.223992	0.252748	0.251084	0.232575	0.222113	0.231972	0.215946	0.208026	0.159272	0.109262	0.136574	0.154514	0.117485	0.0984823	0.0703036	0.116684	0.091102	0	0.0289714	0.0735485	0.0956043	0.0735485	0.104454	0.129918	0.137248	0.089031	0	0	0.0618335	0.152687	0.214414	0.25274	0.26091	0.254945	0.273133	0.274495	0.239868	0.206663	0.177275	0.198845	0.217009	0.20371	0.20734	0.246767	0.215933	0.155715	0.159272	0.19697	0.159272	0.109262	0.109262	0.109262	0.109262	0.109262	0.109262	0.109262	0.109262	0.109262	0.109262	0.115885	0.0863733	0	0	0.0965677	0.112617	0.0193143	0	0.0863733	0.115885	0.102661	0.106667	0.131348	0.0796333	0.0348181	0.116684	0.099423	0.0492426	0.0911083	0.109262	0.109262	0.102661	0.0587428	0.0778575	0.0916177	0.0682888	0.0970537	0.0984823	0.0431867	0.0215934	0.0916135	0.107971	0.109262	0.159272	0.171946	0.171128	0.157209	0.213331	0.194104	0.173828	0.174899	0.129568	0.109262	0.131354	0.183738	0.204856	0.21442	0.203715	0.174095	0.174896	0.154514	0.174896	0.229542	0.278715	0.379453	0.419268	0.514083	0.619912	0.618336	0.63243	0.72245	0.861376	0.868548	0.826757	0.789784	0.716689	0.684001	0.662389	0.591911	0.541561	0.474766	0.349936	0.337869	0.345511	0.321461	0.319714	0.321461	0.31144	0.259134	0.218523	0.218523	0.232582	0.274516	0.309188	0.298286	0.272125	0.284033	0.293717	0.255145	0.260929	0.307979	0.336901	0.333561	0.319714	0.337311	0.330606	0.328339	0.321012	0.293704	0.261454	0.251269	0.22295	0.18374	0.214424	0.217022	0.211805	0.208026	0.19697	0.193149	0.218523	0.218523	0.218523	0.218523	0.208026	0.19697	0.192421	0.18576	0.174095	0.196964	0.174896	0.174896	0.174896	0.154514	0.122157	0.109262	0.129568	0.174899	0.193384	0.189735	0.192421	0.20165	0.208922	0.233381	0.244312	0.220224	0.207353	0.19909	0.222953	0.231972	0.206448	0.222324	0.16671	0.151162	0.215942	0.241427	0.176228	0.174899	0.155718	0.109262
0.0910735	0.10922	0.13822	0.185689	0.150178	0.202957	0.25705	0.27795	0.265077	0.270468	0.273036	0.248184	0.214338	0.234874	0.215854	0.165239	0.161817	0.12362	0.107925	0.0950727	0.107925	0.138212	0.140553	0.177997	0.136522	0.154455	0.174829	0.154455	0.220127	0.19403	0.176161	0.152638	0.116244	0.0863404	0.0431702	0.112574	0.139219	0.112574	0.150786	0.109212	0.0965309	0.112574	0.0193069	0.0289604	0.11664	0.184421	0.177208	0.213682	0.246111	0.263483	0.270982	0.21586	0.212595	0.261354	0.225986	0.193075	0.139229	0.10922	0.136522	0.154455	0.103974	0.0610552	0.082477	0.11664	0.0519841	0	0.0647553	0.106625	0.0955679	0.106625	0.144796	0.116238	0.137196	0.102614	0	0	0.075393	0.179558	0.200867	0.211708	0.233675	0.268382	0.327633	0.27439	0.226178	0.233675	0.190389	0.19877	0.203632	0.216926	0.220336	0.233477	0.241906	0.177997	0.193068	0.196895	0.139229	0.10922	0.10922	0.10922	0.10922	0.10922	0.10922	0.10922	0.10922	0.10922	0.10922	0.0863457	0.0386138	0	0	0.0696096	0.112574	0.0431702	0	0.0386138	0.0863457	0.104422	0.125865	0.143505	0.103968	0.102614	0.11664	0.0735164	0.0915785	0.10793	0.10922	0.10922	0.104422	0.0778279	0.0587204	0.106626	0.0682628	0.106188	0.0610552	0.0193069	0.00965345	0.0492239	0.0910735	0.10922	0.139229	0.170793	0.15264	0.165242	0.213249	0.173762	0.19403	0.174832	0.123629	0.10922	0.138218	0.183668	0.204778	0.225358	0.193309	0.164108	0.174829	0.154455	0.174829	0.24133	0.314432	0.427359	0.475359	0.57934	0.673009	0.637102	0.676333	0.782837	0.888521	0.901897	0.812803	0.754487	0.702761	0.662987	0.622989	0.550915	0.514892	0.449167	0.346054	0.33774	0.345379	0.316665	0.319592	0.328224	0.301592	0.247257	0.21844	0.21844	0.235678	0.28507	0.310873	0.287999	0.272022	0.293605	0.283924	0.249134	0.272022	0.313262	0.332876	0.328365	0.319592	0.323646	0.314295	0.309512	0.289761	0.282595	0.27184	0.241335	0.19331	0.202951	0.241335	0.222871	0.212602	0.193075	0.196895	0.207946	0.21844	0.21844	0.21844	0.21844	0.193075	0.196895	0.199014	0.159797	0.164108	0.196889	0.174829	0.174829	0.174829	0.154455	0.12211	0.10922	0.123629	0.174832	0.18443	0.177481	0.199014	0.190156	0.205242	0.233292	0.244219	0.22014	0.199018	0.192347	0.231883	0.222868	0.214343	0.204782	0.152638	0.168593	0.232486	0.214343	0.168593	0.174832	0.140559	0.10922
0	0	0.0272926	0.10917	0	0.10917	0.0272926	0.136463	0.163755	0.191048	0.245632	0.21834	0.163755	0.191048	0.191048	0.136463	0.163755	0.163755	0.10917	0.0818779	0.10917	0.136463	0.136463	0.163755	0.0818779	0.10917	0.136463	0.10917	0.191048	0.163755	0.10917	0.0545853	0.10917	0.10917	0.0272926	0.10917	0.136463	0.10917	0.163755	0.10917	0.10917	0.10917	0	0	0.10917	0.21834	0.191048	0.21834	0.21834	0.21834	0.21834	0.10917	0.136463	0.21834	0.10917	0	0	0	0.0818779	0.10917	0.0272926	0	0.0818779	0.10917	0.0272926	0	0.0818779	0.10917	0	0.10917	0.163755	0.10917	0.136463	0.10917	0	0	0.0818779	0.191048	0.191048	0.191048	0.21834	0.272924	0.3548	0.272924	0.21834	0.245632	0.191048	0.191048	0.191048	0.21834	0.21834	0.21834	0.245632	0.163755	0.163755	0.10917	0	0	0	0	0	0	0	0	0	0	0	0	0	0	0	0.0545853	0.10917	0.0545853	0	0	0	0.0272926	0.10917	0.136463	0.10917	0.136463	0.10917	0.0545853	0.10917	0.0818779	0	0	0.0272926	0.10917	0.0818779	0.0818779	0	0.0818779	0	0	0	0	0	0	0	0	0	0.10917	0.163755	0.10917	0.163755	0.10917	0	0	0.0818779	0.136463	0.163755	0.191048	0.136463	0.10917	0.136463	0.10917	0.136463	0.21834	0.300216	0.409383	0.436674	0.518546	0.573126	0.463965	0.491256	0.573126	0.627706	0.600416	0.382091	0.327508	0.327508	0.300216	0.300216	0.272924	0.300216	0.245632	0.0818779	0.0818779	0.10917	0.0272926	0.10917	0.10917	0	0	0	0	0.0545853	0.10917	0.0545853	0	0.0818779	0.10917	0.0272926	0.0272926	0.10917	0.0818779	0.0818779	0.10917	0.10917	0.136463	0.163755	0.191048	0.191048	0.21834	0.21834	0.163755	0.10917	0.163755	0.191048	0.10917	0.0272926	0	0.10917	0.10917	0	0	0	0	0	0.10917	0.10917	0.0272926	0.10917	0.163755	0.136463	0.136463	0.136463	0.10917	0.0545853	0	0	0.10917	0.10917	0.0545853	0.10917	0.0545853	0	0.0818779	0.10917	0.0272926	0	0.0818779	0.163755	0.136463	0.136463	0.10917	0.0545853	0.10917	0.163755	0.10917	0.0818779	0.10917	0.0545853	0
0	0	0.0272822	0.109129	0	0.109129	0.0272822	0.136411	0.163693	0.190975	0.245539	0.218257	0.163693	0.190975	0.190975	0.136411	0.163693	0.163693	0.109129	0.0818467	0.109129	0.136411	0.136411	0.163693	0.0818467	0.109129	0.136411	0.109129	0.190975	0.163693	0.109129	0.0545645	0.109129	0.109129	0.0272822	0.109129	0.136411	0.109129	0.163693	0.109129	0.109129	0.109129	0	0	0.109129	0.218257	0.190975	0.218257	0.218257	0.218257	0.218257	0.109129	0.136411	0.218257	0.109129	0	0	0	0.0818467	0.109129	0.0272822	0	0.0818467	0.109129	0.0272822	0	0.0818467	0.109129	0	0.109129	0.163693	0.109129	0.136411	0.109129	0	0	0.0818467	0.190975	0.190975	0.190975	0.218257	0.27282	0.354665	0.27282	0.218257	0.245539	0.190975	0.190975	0.190975	0.218257	0.218257	0.218257	0.245539	0.163693	0.163693	0.109129	0	0	0	0	0	0	0	0	0	0	0	0	0	0	0	0.0545645	0.109129	0.0545645	0	0	0	0.0272822	0.109129	0.136411	0.109129	0.136411	0.109129	0.0545645	0.109129	0.0818467	0	0	0.0272822	0.109129	0.0818467	0.0818467	0	0.0818467	0	0	0	0	0	0	0	0	0	0.109129	0.163693	0.109129	0.163693	0.109129	0	0	0.0818467	0.136411	0.163693	0.190975	0.136411	0.109129	0.136411	0.109129	0.136411	0.218257	0.300102	0.409227	0.436508	0.518349	0.572908	0.463788	0.491068	0.572908	0.627467	0.600188	0.381946	0.327383	0.327383	0.300102	0.300102	0.27282	0.300102	0.245539	0.0818467	0.0818467	0.109129	0.0272822	0.109129	0.109129	0	0	0	0	0.0545645	0.109129	0.0545645	0	0.0818467	0.109129	0.0272822	0.0272822	0.109129	0.0818467	0.0818467	0.109129	0.109129	0.136411	0.163693	0.190975	0.190975	0.218257	0.218257	0.163693	0.109129	0.163693	0.190975	0.109129	0.0272822	0	0.109129	0.109129	0	0	0	0	0	0.109129	0.109129	0.0272822	0.109129	0.163693	0.136411	0.136411	0.136411	0.109129	0.0545645	0	0	0.109129	0.109129	0.0545645	0.109129	0.0545645	0	0.0818467	0.109129	0.0272822	0	0.0818467	0.163693	0.136411	0.136411	0.109129	0.0545645	0.109129	0.163693	0.109129	0.0818467	0.109129	0.0545645	0
0.144641	0.104302	0.0617439	0.0681796	0.0646853	0.136363	0.0808777	0.149643	0.172108	0.203838	0.252191	0.236138	0.181356	0.20044	0.207363	0.153783	0.168892	0.174302	0.111039	0.0904346	0.113283	0.133927	0.149657	0.156282	0.0971084	0.123215	0.145681	0.141046	0.181159	0.156603	0.111039	0.0338171	0.111039	0.105062	0.0496717	0.109877	0.122046	0.109087	0.163631	0.109087	0.109087	0.0992666	0.0459832	0.0784141	0.142822	0.230077	0.207698	0.239702	0.256991	0.264095	0.267992	0.209845	0.229317	0.242241	0.135338	0.0818218	0.0818218	0.0818218	0.09411	0.0938389	0.0226899	0.0289273	0.0984533	0.100486	0.0557325	0.0682783	0.123037	0.142822	0.0782003	0.129632	0.165017	0.126262	0.152398	0.109087	0	0.0146565	0.103548	0.197334	0.191554	0.189446	0.225969	0.275768	0.340225	0.267585	0.213055	0.236242	0.197718	0.201246	0.190902	0.213055	0.21842	0.21842	0.235994	0.170789	0.174302	0.109087	0.0289273	0.0646853	0.0818218	0.0818218	0.0818218	0.0818218	0.0818218	0.0646853	0.0289273	0.021599	0.0549508	0.0768147	0.0818218	0.0818218	0.0818218	0.084388	0.0977342	0.0453798	0	0	0	0.0272719	0.109087	0.13128	0.109579	0.146722	0.121236	0.0766399	0.106865	0.0682736	0.0289273	0.0646853	0.0797598	0.0952034	0.0486407	0.117706	0.110475	0.178751	0.247357	0.302734	0.35385	0.388779	0.378837	0.342897	0.327284	0.327284	0.327284	0.319374	0.309039	0.284927	0.305338	0.271329	0.250699	0.277039	0.30781	0.299609	0.296528	0.310959	0.267102	0.236869	0.239111	0.223208	0.230516	0.278341	0.3468	0.430982	0.462479	0.546794	0.595608	0.517887	0.585698	0.674779	0.725999	0.670548	0.46778	0.421158	0.407269	0.366127	0.361799	0.340904	0.34189	0.293646	0.210597	0.227063	0.213709	0.182104	0.214226	0.200062	0.163643	0.185231	0.225937	0.245464	0.239534	0.223181	0.185864	0.195535	0.229964	0.220588	0.204127	0.22809	0.232224	0.19089	0.189922	0.212523	0.214226	0.229317	0.239196	0.250986	0.251441	0.272724	0.272724	0.238745	0.219684	0.247055	0.229149	0.143331	0.0897643	0.104302	0.164205	0.135338	0.0818218	0.0646853	0.0289273	0	0.00732824	0.109579	0.120921	0.0625259	0.12503	0.161789	0.142364	0.148857	0.139388	0.103504	0.0517522	0.0369893	0.0566943	0.125297	0.122252	0.102098	0.15117	0.159519	0.163643	0.162609	0.143331	0.108888	0.134389	0.160147	0.189453	0.170617	0.170617	0.163986	0.147715	0.165658	0.190427	0.142397	0.130187	0.149348	0.102098	0.0818218
0.202648	0.152405	0.0914433	0.0272615	0.106464	0.15422	0.113289	0.158963	0.171587	0.213357	0.250035	0.256519	0.201293	0.207619	0.234746	0.190361	0.180871	0.198386	0.112402	0.104147	0.116462	0.124435	0.174958	0.135536	0.123124	0.140337	0.152398	0.182918	0.147442	0.136056	0.112402	0.014176	0.112402	0.0941191	0.0853403	0.103521	0.0877442	0.109046	0.163568	0.109046	0.109046	0.0759301	0.0872818	0.114243	0.164142	0.231933	0.219792	0.26225	0.30477	0.307984	0.307276	0.276356	0.280688	0.234885	0.142319	0.109054	0.109054	0.109054	0.0938088	0.0578325	0.0121737	0.0734045	0.11643	0.075154	0.0916401	0.102225	0.152377	0.164142	0.114487	0.158277	0.158726	0.153412	0.188399	0.109046	0	0.0369555	0.141076	0.202123	0.184685	0.180616	0.23952	0.278012	0.305325	0.255529	0.201032	0.213298	0.210777	0.225047	0.19083	0.201032	0.218516	0.218516	0.212757	0.183928	0.198386	0.109046	0.0734045	0.106464	0.109054	0.109054	0.109054	0.109054	0.109054	0.106464	0.0734045	0.0549269	0.0963875	0.103671	0.109054	0.109054	0.109054	0.0976457	0.068157	0.0243474	0	0	0	0.0272615	0.109046	0.119327	0.109895	0.170656	0.145964	0.103802	0.0924811	0.0369741	0.0734045	0.106464	0.102735	0.0657684	0.0425793	0.159616	0.166637	0.238066	0.342678	0.411084	0.477963	0.519095	0.508946	0.459491	0.436208	0.436208	0.436208	0.410986	0.378376	0.369812	0.377174	0.34638	0.334416	0.37431	0.403686	0.37431	0.36465	0.378745	0.329858	0.295988	0.291292	0.281021	0.278909	0.311889	0.378979	0.433438	0.481722	0.575326	0.612608	0.585475	0.7072	0.778149	0.807099	0.696357	0.504871	0.475986	0.449286	0.394992	0.397502	0.385544	0.354324	0.320397	0.287554	0.296453	0.26221	0.242658	0.26851	0.24348	0.218107	0.25466	0.307543	0.327159	0.314212	0.275683	0.241461	0.267819	0.297718	0.272086	0.277093	0.30605	0.289171	0.240535	0.24573	0.269888	0.26851	0.280688	0.279891	0.284158	0.289804	0.308437	0.308437	0.288544	0.284198	0.291596	0.236166	0.155425	0.116308	0.152405	0.196595	0.142319	0.109054	0.106464	0.0734045	0	0.0184778	0.109895	0.145428	0.0994209	0.136311	0.146576	0.146809	0.165286	0.134483	0.0851585	0.0425793	0.0794817	0.0769167	0.136311	0.121518	0.124423	0.168615	0.205469	0.218107	0.200046	0.155425	0.14937	0.189866	0.196783	0.193007	0.192774	0.192774	0.207101	0.198005	0.192524	0.198301	0.158779	0.162653	0.174566	0.124423	0.109054
0.198635	0.185336	0.14649	0.130266	0.118898	0.117764	0.0963508	0.127103	0.136374	0.180783	0.206899	0.240085	0.194168	0.203187	0.242073	0.206874	0.189987	0.211617	0.112751	0.110651	0.109071	0.114299	0.180431	0.112322	0.133025	0.13463	0.143423	0.186888	0.0908941	0.0989848	0.101372	0.0629911	0.101189	0.089359	0.107698	0.0806611	0.0690269	0.107076	0.156842	0.109004	0.0963473	0.0631737	0.106517	0.102388	0.144298	0.221456	0.230333	0.282669	0.328207	0.309652	0.290706	0.248629	0.217912	0.172521	0.143241	0.123394	0.0963543	0.0785572	0.0570431	0.0207446	0.0119475	0.104216	0.102951	0.0477765	0.108613	0.0922779	0.139668	0.138246	0.11102	0.172092	0.160104	0.181626	0.224637	0.149536	0.109013	0.114442	0.181701	0.205476	0.176241	0.178178	0.252201	0.289201	0.279714	0.237111	0.190135	0.187601	0.206654	0.236124	0.198624	0.199384	0.214573	0.214915	0.195372	0.193528	0.211617	0.109853	0.109004	0.104216	0.0272532	0.0272532	0.0272532	0.0272532	0.0272532	0.0948918	0.100591	0.0829549	0.0963274	0.0365731	0.0430907	0.0578692	0.0493393	0.026982	0.0292733	0.0412302	0.0513402	0.0513402	0.0479656	0.0596378	0.121872	0.136151	0.134839	0.195394	0.181263	0.151964	0.1142	0.0657029	0.105693	0.0948475	0.0322003	0.0767441	0.178191	0.248386	0.270905	0.331873	0.40656	0.452304	0.481912	0.472201	0.482126	0.478765	0.439967	0.401936	0.384823	0.374788	0.373006	0.379034	0.360569	0.32001	0.31354	0.345491	0.346953	0.355222	0.397121	0.411575	0.371802	0.369829	0.373635	0.350088	0.331452	0.346074	0.387905	0.433952	0.503379	0.584704	0.608498	0.608498	0.719547	0.718341	0.699169	0.53393	0.346701	0.357655	0.319485	0.273963	0.313497	0.30166	0.253989	0.244529	0.203118	0.149175	0.110087	0.134676	0.169025	0.133845	0.129896	0.176645	0.182559	0.171148	0.191258	0.205146	0.214992	0.225515	0.221229	0.216783	0.227662	0.209833	0.201892	0.213412	0.226357	0.228044	0.213594	0.228704	0.233341	0.24363	0.255317	0.271901	0.267939	0.241839	0.218925	0.209478	0.169791	0.146508	0.137911	0.15685	0.140233	0.0687439	0.039009	0.0948918	0.105733	0.0243388	0.0357254	0.111496	0.154779	0.122918	0.130936	0.129764	0.149666	0.165002	0.125714	0.0864752	0.066062	0.120892	0.0861854	0.139593	0.135933	0.139853	0.150319	0.160282	0.163519	0.158425	0.146508	0.149429	0.167939	0.152213	0.166784	0.187306	0.18276	0.194223	0.169104	0.154005	0.159906	0.130935	0.146911	0.139977	0.0853759	0.0817595
0.268305	0.268649	0.232601	0.209962	0.196445	0.195999	0.188433	0.146102	0.150993	0.162129	0.16401	0.21962	0.195546	0.232173	0.244619	0.191713	0.193159	0.206854	0.126962	0.124543	0.109811	0.1225	0.16401	0.112316	0.138901	0.138901	0.16401	0.190684	0.0817219	0.0609129	0.0982229	0.0991646	0.0770512	0.100985	0.116373	0.0609129	0.0861431	0.101498	0.136882	0.108962	0.0609129	0.0733527	0.106381	0.128497	0.181113	0.256992	0.287627	0.340514	0.370518	0.348857	0.328029	0.289583	0.257001	0.224648	0.217941	0.198329	0.146705	0.103029	0.0872168	0.0459285	0.0304564	0.112316	0.0828493	0.0708397	0.116373	0.106841	0.182738	0.154102	0.13621	0.183249	0.188545	0.216571	0.255087	0.231772	0.217941	0.206128	0.2234	0.22173	0.183249	0.196439	0.268291	0.323752	0.274106	0.20746	0.183107	0.165698	0.177467	0.221722	0.221722	0.218349	0.204145	0.205052	0.193159	0.205594	0.205052	0.112316	0.136882	0.108962	0	0	0	0	0	0.0609129	0.0982229	0.0976274	0.0681035	0.0149851	0.0609129	0.0627328	0.0681035	0.0149851	0.0459285	0.0872168	0.103029	0.103029	0.0953498	0.109928	0.154102	0.197764	0.19874	0.22173	0.227824	0.226979	0.179161	0.150158	0.128497	0.111535	0.116549	0.196445	0.324579	0.379886	0.43926	0.535829	0.622393	0.689156	0.707882	0.681605	0.69679	0.721449	0.667491	0.588228	0.551811	0.54484	0.550934	0.551755	0.510561	0.458158	0.461321	0.489031	0.483784	0.528943	0.594967	0.594967	0.573208	0.591373	0.591373	0.547557	0.510561	0.493149	0.475742	0.520811	0.593684	0.627677	0.642457	0.658847	0.719146	0.682809	0.666275	0.516845	0.363012	0.363124	0.295894	0.272412	0.317681	0.28686	0.241607	0.235067	0.173794	0.128497	0.0976274	0.147334	0.174433	0.135619	0.159433	0.195277	0.183521	0.185269	0.228388	0.27782	0.309155	0.291189	0.2823	0.30061	0.291189	0.251164	0.264477	0.309227	0.30458	0.280807	0.268305	0.280474	0.293307	0.293029	0.296776	0.303915	0.293985	0.265075	0.237023	0.237367	0.220057	0.217941	0.217941	0.198329	0.135783	0.0872168	0.0459285	0.0609129	0.113575	0.0681035	0.0609129	0.116373	0.139435	0.168474	0.158375	0.144791	0.166708	0.158842	0.143431	0.125579	0.112324	0.154102	0.134153	0.172297	0.206128	0.217941	0.217941	0.217941	0.217941	0.217941	0.217941	0.201747	0.207916	0.208832	0.221759	0.232314	0.221152	0.213114	0.212765	0.207258	0.185269	0.158527	0.174433	0.147334	0.108971	0.108971
0.239827	0.257501	0.245739	0.230968	0.220023	0.203376	0.190932	0.152136	0.159366	0.150099	0.140179	0.199161	0.192004	0.255575	0.235701	0.166959	0.189463	0.191406	0.134175	0.130476	0.110307	0.131894	0.143036	0.113111	0.138302	0.140276	0.181497	0.19169	0.0893062	0.0425324	0.0548672	0.0495615	0.0374595	0.108911	0.108911	0.0451243	0.103757	0.0895588	0.116993	0.103876	0.021529	0.0544649	0.0889603	0.144552	0.204777	0.271142	0.297117	0.331972	0.343414	0.321501	0.295947	0.253197	0.215205	0.171226	0.153469	0.163927	0.145157	0.0980255	0.119467	0.084541	0.0631973	0.119	0.0688829	0.098862	0.115222	0.117871	0.207795	0.1307	0.108463	0.15175	0.166796	0.194865	0.211762	0.198749	0.195869	0.201435	0.2238	0.225444	0.19779	0.226549	0.295486	0.355414	0.263952	0.181638	0.174875	0.143358	0.142569	0.192442	0.234117	0.235118	0.194356	0.198116	0.193099	0.213277	0.191358	0.11141	0.154355	0.106066	0.0272325	0.021529	0.00962774	0	0	0.0192555	0.0467906	0.0636292	0.0482249	0.0306749	0.0948194	0.048109	0.0962539	0.0375603	0.0865077	0.114101	0.0827835	0.0839471	0.0882238	0.113286	0.154061	0.22295	0.202315	0.216874	0.24645	0.236124	0.151421	0.201945	0.149447	0.134396	0.167169	0.263378	0.368789	0.374054	0.443556	0.529014	0.569762	0.596086	0.568856	0.55321	0.561769	0.578326	0.568947	0.517081	0.481336	0.464877	0.453087	0.432237	0.391929	0.368167	0.384302	0.401071	0.404719	0.454859	0.487344	0.480878	0.475581	0.489581	0.48582	0.463142	0.442758	0.435141	0.43566	0.51561	0.587419	0.587638	0.609662	0.631954	0.646583	0.607917	0.616131	0.49896	0.362752	0.322227	0.230157	0.242648	0.289423	0.239293	0.202777	0.199321	0.127983	0.114198	0.0887618	0.122577	0.129758	0.0814788	0.135252	0.138262	0.137619	0.159528	0.171393	0.202196	0.205261	0.195171	0.215095	0.223847	0.198175	0.184686	0.213611	0.222017	0.20644	0.209139	0.215671	0.228881	0.243736	0.228203	0.238434	0.251629	0.240123	0.21252	0.185486	0.199337	0.164801	0.136162	0.136162	0.119431	0.0809676	0.104794	0.0754876	0.0238768	0.087757	0.0962539	0.0769891	0.114198	0.125433	0.204747	0.168724	0.133331	0.155627	0.134131	0.14276	0.122577	0.088253	0.140174	0.116409	0.109777	0.129533	0.136162	0.136162	0.143132	0.156734	0.163394	0.163394	0.155143	0.182125	0.182546	0.166044	0.184963	0.184362	0.178875	0.20271	0.175755	0.140989	0.134462	0.149506	0.10865	0.0816973	0.0816973
0.379965	0.391679	0.409931	0.437576	0.448946	0.430357	0.396819	0.348436	0.307074	0.273231	0.2681	0.287356	0.277626	0.279139	0.206726	0.148362	0.181619	0.170396	0.136778	0.118579	0.116285	0.134731	0.140123	0.128399	0.146585	0.158721	0.189606	0.222009	0.158537	0.103657	0.0577444	0.0121551	0.0369177	0.116285	0.0922982	0.0672262	0.109693	0.0912997	0.116285	0.080745	0.0490726	0.0913039	0.132464	0.183109	0.263433	0.343504	0.348591	0.370236	0.382383	0.369335	0.334537	0.299739	0.268444	0.220459	0.181592	0.185104	0.197703	0.179744	0.186289	0.158537	0.144747	0.1743	0.127064	0.118026	0.128399	0.153156	0.201428	0.133794	0.110735	0.189577	0.23516	0.269477	0.285553	0.310446	0.348436	0.396819	0.426725	0.420831	0.409454	0.437354	0.498309	0.509774	0.39741	0.304784	0.240394	0.166383	0.137564	0.166731	0.214872	0.225937	0.194865	0.212973	0.200725	0.207799	0.172557	0.116285	0.15267	0.118026	0.108888	0.0913039	0.0490726	0	0	0	0.0369177	0.0793634	0.102578	0.108888	0.106302	0.050631	0.0962406	0.115747	0.169821	0.162184	0.116957	0.122703	0.168358	0.207804	0.242193	0.324755	0.325107	0.371496	0.401915	0.338802	0.253674	0.298217	0.302882	0.347883	0.431163	0.510623	0.56236	0.579037	0.687187	0.796778	0.84444	0.854213	0.831516	0.851181	0.857666	0.850814	0.874191	0.867079	0.819434	0.76959	0.701004	0.606814	0.551495	0.558417	0.581918	0.599304	0.637949	0.680514	0.689909	0.707282	0.732886	0.751233	0.758116	0.762171	0.749323	0.742973	0.770841	0.819564	0.834943	0.800285	0.775161	0.722346	0.642808	0.579347	0.575292	0.480915	0.362728	0.295079	0.207302	0.244404	0.276138	0.209006	0.163896	0.169852	0.119145	0.10888	0.102708	0.112231	0.100896	0.0672262	0.146352	0.127443	0.149065	0.199808	0.193549	0.196747	0.192019	0.205155	0.243476	0.243476	0.217775	0.236293	0.2681	0.239284	0.224806	0.255244	0.278484	0.281579	0.28323	0.257525	0.260754	0.267429	0.233401	0.209148	0.180562	0.192015	0.153985	0.108888	0.108888	0.0974969	0.0843386	0.116285	0.0978389	0.0243103	0.0548432	0.0962406	0.0905264	0.121733	0.158439	0.213322	0.18886	0.160826	0.174297	0.153985	0.149658	0.136103	0.128403	0.1743	0.137078	0.108888	0.108888	0.108888	0.108888	0.142102	0.194878	0.217775	0.217775	0.224806	0.255722	0.245355	0.207025	0.219466	0.241515	0.243476	0.249364	0.219466	0.205155	0.207025	0.17694	0.127064	0.108888	0.108888
0.395138	0.409775	0.431359	0.464069	0.481577	0.465107	0.448079	0.413797	0.366037	0.332176	0.322685	0.312632	0.292638	0.249345	0.166466	0.134936	0.166099	0.146003	0.132558	0.087858	0.108633	0.120977	0.135484	0.134118	0.141005	0.164221	0.16438	0.207823	0.156643	0.120535	0.0975111	0.0269505	0.0732648	0.112837	0.0745393	0.0993395	0.095657	0.0917907	0.109795	0.0346857	0.0981104	0.120166	0.138681	0.192647	0.305187	0.38732	0.350754	0.374308	0.392539	0.377398	0.327233	0.299857	0.266107	0.212585	0.197506	0.184021	0.189661	0.19162	0.193033	0.17148	0.159782	0.16985	0.125017	0.119056	0.144856	0.181285	0.180151	0.159689	0.13836	0.184476	0.233037	0.2831	0.318203	0.365753	0.415678	0.459261	0.483168	0.492333	0.495365	0.522843	0.564111	0.515737	0.393873	0.311592	0.248217	0.188741	0.14729	0.143945	0.180427	0.191897	0.184795	0.230974	0.211294	0.194465	0.149145	0.118909	0.133855	0.0859601	0.0816349	0.10626	0.0938334	0.0121509	0.0023089	0	0.0620439	0.0883278	0.0548253	0.0616029	0.0652433	0.0504229	0.083423	0.149055	0.204969	0.189505	0.172393	0.192216	0.246946	0.274547	0.315691	0.405918	0.404979	0.448046	0.446081	0.37539	0.335703	0.361591	0.383138	0.433433	0.510608	0.563254	0.60821	0.648835	0.76873	0.861419	0.878491	0.865648	0.846844	0.858043	0.864596	0.86486	0.876842	0.863333	0.811436	0.757921	0.702312	0.62738	0.579864	0.579686	0.595067	0.614691	0.648796	0.678047	0.696125	0.723418	0.750645	0.77393	0.788598	0.80464	0.804681	0.803565	0.830536	0.851545	0.850989	0.814264	0.767995	0.69075	0.592974	0.539764	0.526761	0.453962	0.35072	0.270278	0.206924	0.245265	0.253969	0.182093	0.126897	0.146115	0.129424	0.108887	0.129387	0.111441	0.0930508	0.100256	0.160386	0.134198	0.164673	0.218879	0.18583	0.177029	0.187428	0.191743	0.228418	0.226206	0.204472	0.23012	0.252183	0.226601	0.22784	0.261687	0.277964	0.271078	0.277665	0.253974	0.251112	0.253555	0.206761	0.199352	0.171275	0.171694	0.135028	0.0816349	0.0816349	0.0841953	0.104408	0.111001	0.106544	0.051449	0.0265722	0.0656447	0.0862051	0.137159	0.200118	0.203368	0.211122	0.194558	0.187461	0.168767	0.150544	0.149694	0.166328	0.172262	0.130466	0.122913	0.132833	0.136058	0.136058	0.170477	0.194802	0.197401	0.210999	0.222169	0.247552	0.23522	0.209539	0.230814	0.253818	0.23756	0.233521	0.210116	0.188099	0.180437	0.150779	0.11934	0.108847	0.108847
0.428093	0.476872	0.526075	0.560987	0.581476	0.568078	0.583255	0.598665	0.565245	0.531482	0.494311	0.436789	0.367953	0.291519	0.230222	0.189433	0.161193	0.146473	0.127512	0.0548013	0.0732367	0.106221	0.153867	0.153867	0.152029	0.18297	0.1687	0.194509	0.152364	0.116196	0.116196	0.0490367	0.103285	0.0971125	0.0854415	0.109609	0.0787125	0.0977643	0.0812098	0.0414254	0.14044	0.135999	0.151735	0.231599	0.361292	0.415179	0.360433	0.390235	0.395862	0.378113	0.329355	0.298608	0.257329	0.199589	0.2076	0.196854	0.191873	0.197848	0.190401	0.189433	0.190523	0.152057	0.132811	0.179608	0.208471	0.216678	0.214001	0.224488	0.205216	0.205	0.251635	0.347236	0.455935	0.547472	0.606991	0.630116	0.664177	0.722844	0.759113	0.776031	0.736462	0.59299	0.448813	0.369472	0.333364	0.319771	0.27209	0.205542	0.206628	0.172402	0.15506	0.214708	0.210296	0.185981	0.140016	0.128301	0.139932	0.0614212	0	0.0732367	0.116164	0.0577004	0.0121459	0	0.0548013	0.0961673	0.103434	0.0912345	0.0624257	0.0680013	0.147686	0.246279	0.30125	0.308485	0.342451	0.400231	0.444594	0.469255	0.533362	0.606745	0.606161	0.621445	0.583023	0.54469	0.566696	0.615772	0.646231	0.670225	0.702407	0.71396	0.753202	0.800105	0.894219	0.936264	0.913056	0.894773	0.882385	0.874191	0.884637	0.909741	0.901473	0.850165	0.781838	0.722779	0.702079	0.692889	0.666706	0.640122	0.634994	0.646537	0.653931	0.672974	0.707708	0.752915	0.797643	0.839502	0.878937	0.93295	0.972406	0.985176	0.994245	0.973275	0.94708	0.90666	0.838366	0.763009	0.68981	0.631677	0.582933	0.481212	0.346198	0.249141	0.202062	0.203358	0.214164	0.173391	0.108796	0.135996	0.126115	0.109643	0.156123	0.109643	0.105824	0.116196	0.145096	0.15506	0.176645	0.212869	0.156629	0.136002	0.153867	0.154731	0.184983	0.173614	0.16823	0.196854	0.2076	0.205542	0.236114	0.267896	0.258375	0.253943	0.279252	0.257676	0.235871	0.22744	0.184673	0.190041	0.162611	0.122731	0.0732367	0	0	0.0543983	0.108796	0.0897062	0.0976064	0.0849639	0.0272013	0.0680013	0.116395	0.197848	0.250358	0.242736	0.260226	0.252448	0.233671	0.219299	0.207371	0.197796	0.200462	0.162061	0.134624	0.16823	0.205	0.21761	0.21761	0.202186	0.152057	0.141994	0.19473	0.211505	0.220543	0.217469	0.226432	0.267896	0.249936	0.219299	0.219299	0.176806	0.126967	0.108805	0.108805	0.108805	0.108805	0.108805
0.421581	0.461312	0.508254	0.549738	0.5835	0.585669	0.599566	0.622859	0.602027	0.562836	0.517335	0.456021	0.381484	0.306917	0.246674	0.194075	0.148304	0.141592	0.0991348	0.0220225	0.0288392	0.0644883	0.134925	0.144282	0.137409	0.173822	0.183415	0.205871	0.188424	0.123265	0.118601	0.054568	0.10703	0.0684575	0.0961504	0.0914753	0.0675875	0.106761	0.0389173	0.0906096	0.14421	0.137636	0.183924	0.270384	0.38325	0.404943	0.364141	0.39334	0.379291	0.369403	0.319756	0.266379	0.226271	0.190372	0.201991	0.181749	0.18531	0.197848	0.166339	0.160907	0.169353	0.147498	0.171132	0.220459	0.238281	0.241916	0.247268	0.248881	0.224357	0.218211	0.263988	0.359337	0.462742	0.559979	0.626182	0.666305	0.714043	0.766049	0.785014	0.785491	0.72841	0.615034	0.526835	0.46361	0.416042	0.391943	0.3571	0.284767	0.257893	0.191471	0.144935	0.177633	0.187817	0.164573	0.112616	0.110742	0.152717	0.0910562	0.00730593	0.0273839	0.0870353	0.0841435	0.0206957	0.00961307	0.0354461	0.0732129	0.0794809	0.104453	0.134322	0.113278	0.210283	0.296057	0.325991	0.342738	0.389832	0.447569	0.482919	0.518218	0.588371	0.648153	0.649866	0.648235	0.603794	0.578603	0.603402	0.6511	0.688442	0.719486	0.747823	0.755183	0.803473	0.852911	0.936105	0.96624	0.940811	0.916297	0.880123	0.86002	0.85503	0.859918	0.860176	0.826867	0.76679	0.708557	0.681131	0.676078	0.660881	0.642305	0.635227	0.638628	0.643804	0.667483	0.700912	0.75062	0.788175	0.823033	0.871219	0.922907	0.963826	0.990512	1.00093	0.975612	0.945708	0.900931	0.821674	0.753529	0.683413	0.609857	0.542072	0.429376	0.304451	0.227973	0.194952	0.159133	0.181936	0.185765	0.111826	0.129403	0.114232	0.114232	0.179746	0.115108	0.131036	0.11994	0.130037	0.20545	0.196397	0.204465	0.15919	0.132625	0.153826	0.170743	0.174101	0.159195	0.17347	0.175112	0.193365	0.198521	0.214858	0.241994	0.228813	0.243865	0.262795	0.224241	0.20248	0.204629	0.16712	0.166186	0.142895	0.0935587	0.0471646	0.0149572	0.00461427	0.051219	0.108951	0.0693184	0.0703526	0.100251	0.0553786	0.123119	0.163287	0.235226	0.26878	0.266957	0.273817	0.271333	0.245088	0.231597	0.215404	0.195361	0.202862	0.168232	0.159073	0.197355	0.211824	0.217526	0.217526	0.198185	0.157671	0.177368	0.213058	0.210838	0.21309	0.215684	0.221678	0.246099	0.213293	0.212547	0.215342	0.173198	0.146361	0.129335	0.115761	0.108763	0.105288	0.0951393
0.422681	0.434881	0.463855	0.523745	0.588298	0.633963	0.659322	0.690694	0.705832	0.661056	0.599339	0.539252	0.466053	0.390637	0.318551	0.247997	0.211343	0.169801	0.0754199	0.0242732	0	0	0.0731809	0.111658	0.11822	0.145894	0.176682	0.212707	0.212707	0.152923	0.128203	0.0731851	0.0792396	0.0342448	0.0850803	0.103206	0.0874768	0.108713	0.0206893	0.116107	0.129817	0.159059	0.218952	0.297563	0.371737	0.379057	0.364839	0.382995	0.354367	0.341777	0.264907	0.188142	0.15375	0.138751	0.184842	0.154613	0.170275	0.171892	0.10614	0.108722	0.124044	0.177318	0.261408	0.311538	0.348339	0.369688	0.338339	0.306853	0.270082	0.25059	0.298052	0.392891	0.475665	0.583722	0.684415	0.773024	0.838208	0.866141	0.849631	0.819327	0.76399	0.729888	0.737756	0.726946	0.663699	0.607509	0.589761	0.553425	0.491571	0.407754	0.326783	0.26511	0.219767	0.187729	0.129631	0.111228	0.148658	0.0896378	0.0368615	0.0792426	0.101761	0.0792396	0.0184215	0.0489978	0.0808099	0.0792426	0.0512759	0.123534	0.180066	0.170275	0.280138	0.365714	0.384517	0.439538	0.517975	0.565535	0.591849	0.644612	0.714072	0.763204	0.757111	0.728348	0.684355	0.681164	0.7214	0.768419	0.81638	0.861776	0.874273	0.879259	0.946137	0.985162	1.0267	1.04021	0.98925	0.926641	0.860843	0.817672	0.769521	0.717162	0.716573	0.71754	0.69392	0.651411	0.616296	0.617924	0.639634	0.652306	0.636718	0.6148	0.614547	0.633274	0.665622	0.704067	0.724563	0.769513	0.840336	0.887467	0.941821	1.00847	1.02818	1.0149	0.983168	0.914812	0.834275	0.781119	0.722293	0.643086	0.545125	0.431176	0.34648	0.29337	0.239832	0.197645	0.218341	0.229425	0.162487	0.122638	0.121547	0.158197	0.20068	0.148019	0.153302	0.135896	0.160581	0.243093	0.194927	0.170857	0.153503	0.134857	0.15651	0.161937	0.14446	0.137033	0.15375	0.121553	0.15375	0.15375	0.147422	0.175428	0.169857	0.202026	0.196853	0.135844	0.143482	0.174035	0.126203	0.108034	0.110132	0.0935232	0.0973485	0.0679495	0.0242732	0.0368429	0.11206	0.0756987	0.0368429	0.0827875	0.142043	0.207279	0.252464	0.317098	0.332081	0.320465	0.320408	0.309321	0.280098	0.267692	0.23892	0.215256	0.23103	0.220276	0.224135	0.243105	0.224135	0.217444	0.217444	0.217444	0.217444	0.232607	0.23103	0.210888	0.203507	0.196448	0.193254	0.174672	0.156562	0.196296	0.207279	0.199437	0.217444	0.194582	0.141886	0.108722	0.0973485	0.0679495
0.315883	0.326038	0.35749	0.401042	0.43872	0.474081	0.49424	0.516331	0.534754	0.506106	0.456644	0.417299	0.370821	0.310431	0.269127	0.203546	0.157943	0.124581	0.0922181	0.0452071	0	0	0.0288172	0.0824019	0.117803	0.126606	0.155694	0.203062	0.203062	0.16472	0.120078	0.0578555	0.0368485	0.0103239	0.0494827	0.109459	0.121582	0.108672	0.0419767	0.112852	0.116399	0.201195	0.24176	0.306075	0.34813	0.367844	0.383369	0.374089	0.331026	0.308854	0.213401	0.150312	0.135844	0.0979149	0.156014	0.154617	0.206237	0.168026	0.0644392	0.0815104	0.10171	0.168331	0.242459	0.27231	0.297479	0.286079	0.245043	0.236073	0.20777	0.191538	0.265456	0.370132	0.432787	0.522593	0.588205	0.621207	0.65791	0.670421	0.641922	0.613542	0.570909	0.550606	0.556721	0.562588	0.512713	0.462724	0.452447	0.423421	0.367824	0.315449	0.249807	0.18595	0.150162	0.149931	0.0961874	0.082358	0.122961	0.0654792	0.0680139	0.101871	0.0715721	0.0368485	0.00730036	0.0906172	0.0867587	0.101871	0.110411	0.133203	0.188725	0.206237	0.318976	0.408182	0.377079	0.399706	0.439016	0.445464	0.464284	0.522717	0.583665	0.622789	0.595393	0.556981	0.517218	0.514413	0.547027	0.57925	0.617379	0.655846	0.665862	0.680074	0.765242	0.78649	0.829481	0.866374	0.796756	0.734267	0.671961	0.612454	0.586237	0.556604	0.576725	0.573124	0.552425	0.512108	0.471391	0.46262	0.478838	0.489051	0.475728	0.463822	0.477478	0.501705	0.54867	0.579776	0.60602	0.651605	0.682633	0.689753	0.721044	0.768932	0.777432	0.767681	0.736242	0.682727	0.62451	0.584905	0.539775	0.475192	0.394738	0.312585	0.255397	0.214797	0.169842	0.147028	0.182906	0.199122	0.130075	0.0710439	0.116063	0.183696	0.180666	0.14641	0.131497	0.124821	0.168824	0.232125	0.162577	0.132028	0.161809	0.158037	0.151347	0.137066	0.129912	0.128621	0.135844	0.097961	0.135844	0.135844	0.135006	0.162743	0.149099	0.176021	0.15645	0.105129	0.134572	0.14878	0.0877303	0.0702065	0.113238	0.0937519	0.0840669	0.0973624	0.0452071	0.0146007	0.110617	0.0988889	0.0146007	0.0563981	0.134797	0.182144	0.249008	0.296833	0.279114	0.260246	0.271278	0.25286	0.228388	0.212943	0.17703	0.161135	0.187418	0.175349	0.171837	0.195921	0.171837	0.163021	0.163021	0.163021	0.163021	0.180084	0.187418	0.159385	0.148586	0.154107	0.164132	0.124281	0.131262	0.17547	0.182523	0.16199	0.163021	0.167759	0.134823	0.0815104	0.0840669	0.0973624
0.367657	0.44389	0.500788	0.492715	0.503178	0.536434	0.543181	0.531166	0.527332	0.533588	0.512165	0.485265	0.472851	0.455269	0.464093	0.433803	0.34953	0.279128	0.252047	0.223964	0.217278	0.20415	0.165206	0.111982	0.0979208	0.096017	0.135788	0.204134	0.192033	0.157479	0.133391	0.0885282	0.102075	0.108639	0.111982	0.153633	0.172837	0.18219	0.181178	0.177056	0.193	0.271583	0.312613	0.382267	0.418312	0.446766	0.457773	0.427791	0.38599	0.365377	0.293769	0.240824	0.185451	0.122971	0.153633	0.173899	0.233624	0.23363	0.217278	0.238519	0.296586	0.358511	0.389094	0.398343	0.419426	0.412337	0.43793	0.474314	0.476738	0.509006	0.562684	0.589562	0.645896	0.72313	0.759262	0.801611	0.855032	0.863617	0.847187	0.845827	0.841895	0.858161	0.87581	0.889592	0.863085	0.793705	0.753671	0.724484	0.658701	0.615207	0.597263	0.557421	0.489054	0.405234	0.341929	0.31498	0.283553	0.234424	0.206171	0.170152	0.0950594	0.0489619	0.00960208	0.0858808	0.10342	0.183448	0.221056	0.260852	0.346871	0.426398	0.529497	0.614585	0.63146	0.687184	0.702512	0.704351	0.743323	0.764535	0.777681	0.789444	0.756534	0.747959	0.749009	0.766348	0.78928	0.799262	0.847187	0.908102	0.929422	0.950357	0.991316	0.966458	0.960138	0.928359	0.798841	0.668691	0.513599	0.401119	0.420858	0.44956	0.512426	0.559227	0.589095	0.588863	0.573077	0.553354	0.543181	0.543181	0.558248	0.596567	0.635547	0.675827	0.707479	0.708258	0.710335	0.713699	0.691662	0.681125	0.729994	0.790852	0.812302	0.809574	0.799203	0.791379	0.766348	0.694669	0.59168	0.543181	0.516737	0.44389	0.367657	0.332774	0.325915	0.31498	0.283715	0.226009	0.151825	0.151827	0.207283	0.230648	0.212114	0.201643	0.194192	0.205271	0.230649	0.243101	0.19228	0.202557	0.230649	0.220847	0.192281	0.15483	0.153633	0.153633	0.153633	0.12146	0.153633	0.172837	0.173902	0.192041	0.193	0.212117	0.177056	0.15513	0.184701	0.156312	0.108639	0.103866	0.106058	0.0644106	0.0429404	0.0979208	0.0979238	0.0607303	0.0964988	0.158947	0.210597	0.207731	0.209716	0.241775	0.307413	0.32703	0.307865	0.312622	0.322065	0.295803	0.27962	0.258549	0.224992	0.226625	0.255138	0.236186	0.223964	0.23383	0.178615	0.14275	0.165206	0.20415	0.217278	0.206171	0.170152	0.117213	0.115629	0.156312	0.164362	0.117213	0.135795	0.164359	0.128105	0.0644106	0	0.108631	0.108631	0.0288062	0.0869497	0.100246
0.375452	0.463619	0.500597	0.489901	0.508812	0.536573	0.542973	0.533731	0.527131	0.533384	0.523709	0.494111	0.47771	0.455095	0.463916	0.447438	0.374343	0.307302	0.258448	0.223878	0.217195	0.207652	0.182121	0.111939	0.0607071	0.0692127	0.135737	0.231151	0.191961	0.143971	0.173031	0.115579	0.103826	0.108598	0.111939	0.153574	0.154771	0.165143	0.176992	0.164021	0.211164	0.271479	0.335249	0.416715	0.440468	0.457599	0.446596	0.416719	0.385843	0.365238	0.293657	0.228965	0.169819	0.12878	0.153574	0.173833	0.191968	0.206761	0.217195	0.245283	0.315733	0.370506	0.388945	0.405072	0.433099	0.421024	0.447749	0.474132	0.479254	0.520269	0.562469	0.576698	0.685773	0.754768	0.781217	0.854695	0.875149	0.863286	0.849252	0.845503	0.841573	0.856113	0.875475	0.889252	0.876312	0.808351	0.756067	0.732552	0.675027	0.617661	0.59919	0.562473	0.493368	0.401883	0.339636	0.312511	0.272846	0.231168	0.197883	0.151769	0.109441	0.0910564	0.0214621	0.0383937	0.103381	0.192208	0.24015	0.297702	0.393995	0.47991	0.556774	0.643352	0.691654	0.730585	0.707731	0.7173	0.755576	0.755516	0.777384	0.789143	0.756245	0.755516	0.750934	0.769892	0.791077	0.800568	0.860884	0.91684	0.929066	0.95367	0.980474	0.955353	0.934886	0.878034	0.758795	0.622782	0.476555	0.400505	0.416737	0.449388	0.485645	0.53476	0.577498	0.583925	0.572858	0.554805	0.542973	0.542973	0.560669	0.602485	0.639639	0.686389	0.701192	0.701453	0.703025	0.705899	0.698554	0.704271	0.759403	0.807151	0.814935	0.806757	0.798897	0.788978	0.763163	0.694403	0.59363	0.542973	0.522215	0.463619	0.375452	0.3332	0.32579	0.312511	0.266872	0.194359	0.141723	0.170087	0.207204	0.202479	0.212034	0.211382	0.202479	0.213121	0.221597	0.211382	0.202477	0.23056	0.221597	0.211383	0.183378	0.139758	0.153574	0.153574	0.153574	0.121414	0.153574	0.192924	0.173836	0.191968	0.211164	0.212036	0.164021	0.160902	0.184631	0.137432	0.108598	0.102036	0.0731013	0.0287953	0.0191968	0.0607071	0.0978864	0.0978835	0.0614621	0.158886	0.21139	0.204072	0.203391	0.259334	0.317324	0.326905	0.326343	0.328596	0.314414	0.288754	0.279514	0.253411	0.224085	0.228965	0.255041	0.232161	0.223878	0.228157	0.178547	0.143981	0.182121	0.207652	0.217195	0.197883	0.151769	0.115584	0.117168	0.164299	0.156253	0.115584	0.135743	0.153873	0.086918	0.0287953	0	0.108589	0.108589	0.0643862	0.109437	0.0671889
0.34328	0.377016	0.369249	0.391634	0.416579	0.422614	0.427488	0.423157	0.421303	0.433473	0.465027	0.481274	0.50662	0.497823	0.481274	0.477529	0.493923	0.515357	0.502334	0.466317	0.441055	0.426085	0.421303	0.404926	0.367377	0.3282	0.331407	0.357073	0.291815	0.246684	0.259235	0.21647	0.207573	0.217112	0.22482	0.258352	0.253315	0.224	0.238337	0.279741	0.33746	0.388083	0.432184	0.491663	0.501212	0.500386	0.489696	0.470232	0.432717	0.404002	0.340043	0.299759	0.299759	0.292923	0.285278	0.282195	0.29182	0.320681	0.389632	0.490372	0.549254	0.597188	0.639396	0.660847	0.661472	0.640262	0.630703	0.589123	0.566825	0.571272	0.566416	0.628062	0.754481	0.761824	0.772383	0.80001	0.719134	0.69307	0.692743	0.683314	0.692148	0.699622	0.694868	0.709287	0.755289	0.785635	0.801011	0.838237	0.878709	0.867749	0.830959	0.790777	0.745172	0.675999	0.59123	0.536369	0.489246	0.447993	0.414365	0.355145	0.308982	0.285278	0.234245	0.245754	0.29182	0.324671	0.391391	0.466897	0.559453	0.616738	0.683628	0.788186	0.82866	0.807572	0.755773	0.747202	0.725768	0.699419	0.73126	0.749901	0.735843	0.759905	0.777097	0.798595	0.798595	0.81756	0.879858	0.905835	0.918349	0.940283	0.909988	0.842829	0.791929	0.694857	0.576479	0.484896	0.42065	0.361186	0.339097	0.365359	0.370366	0.397579	0.446029	0.472491	0.480893	0.463048	0.447787	0.475699	0.54825	0.609548	0.643986	0.661539	0.628062	0.614353	0.615323	0.620089	0.609307	0.582113	0.561753	0.526919	0.491867	0.506349	0.536795	0.54825	0.545474	0.564384	0.580148	0.530762	0.480893	0.477529	0.460755	0.430064	0.380911	0.339507	0.325667	0.325667	0.319531	0.29636	0.270877	0.267284	0.274755	0.271382	0.256023	0.256023	0.246684	0.225836	0.220888	0.232063	0.201489	0.211303	0.214547	0.197574	0.218798	0.218798	0.209556	0.201724	0.203314	0.211084	0.183309	0.201718	0.230472	0.192853	0.13738	0.156193	0.164237	0.117123	0.108557	0.108557	0.108557	0.108557	0.108557	0.09052	0.0868835	0.105542	0.13738	0.165633	0.141669	0.178479	0.236978	0.308378	0.335813	0.326359	0.307627	0.288478	0.269337	0.274755	0.279407	0.240451	0.217112	0.207573	0.182052	0.155012	0.176402	0.176402	0.155012	0.138382	0.164237	0.124735	0.108557	0.108557	0.108557	0.108557	0.103787	0.105977	0.10017	0.0858208	0.107274	0.0910217	0.0135685	0.0489246	0.09052	0.115137	0.112301	0.109395	0.146769	0.15171
0.343148	0.376872	0.385203	0.398931	0.420376	0.425922	0.427755	0.426029	0.421142	0.429469	0.459676	0.471824	0.497633	0.506427	0.491679	0.47231	0.48471	0.510497	0.506155	0.47085	0.441303	0.431073	0.421142	0.407037	0.375166	0.325824	0.326245	0.332939	0.270092	0.239781	0.241499	0.223908	0.214469	0.217029	0.223914	0.253218	0.258254	0.224734	0.245097	0.28742	0.344348	0.404646	0.422983	0.491476	0.511558	0.500196	0.499552	0.470052	0.415193	0.395099	0.339913	0.299644	0.299644	0.300256	0.297791	0.276155	0.282091	0.318832	0.411976	0.516497	0.553382	0.618747	0.653664	0.660594	0.656474	0.643742	0.62783	0.583879	0.566608	0.567499	0.56196	0.660656	0.754193	0.753033	0.798092	0.79115	0.71886	0.715787	0.695923	0.683052	0.692946	0.700143	0.696981	0.705636	0.742473	0.774725	0.796097	0.830642	0.87249	0.87249	0.837916	0.798115	0.756646	0.695062	0.598734	0.539243	0.495041	0.449461	0.418185	0.373197	0.324547	0.297791	0.240359	0.257363	0.29609	0.330723	0.423744	0.500201	0.594938	0.634152	0.728949	0.834368	0.84592	0.815199	0.773527	0.742223	0.716306	0.699152	0.725171	0.75621	0.746483	0.774719	0.789948	0.798289	0.798289	0.82464	0.887846	0.913576	0.924386	0.936199	0.885047	0.819266	0.764442	0.64773	0.544755	0.47706	0.423974	0.373568	0.343817	0.36522	0.358101	0.381847	0.429467	0.459278	0.480709	0.465644	0.447616	0.481667	0.566199	0.61771	0.648579	0.650065	0.610895	0.600795	0.607567	0.611789	0.600866	0.573934	0.545589	0.526718	0.503509	0.520135	0.544755	0.551052	0.545265	0.560242	0.579926	0.542896	0.498739	0.47231	0.460579	0.436271	0.388418	0.341538	0.325542	0.325542	0.318832	0.286139	0.265976	0.267182	0.26091	0.271278	0.255925	0.255925	0.239781	0.212312	0.203459	0.221425	0.211221	0.220594	0.230985	0.197499	0.218714	0.218714	0.203236	0.212312	0.189172	0.19278	0.192062	0.201641	0.240541	0.176854	0.133248	0.164174	0.156134	0.115496	0.108515	0.108515	0.108515	0.108515	0.108515	0.107233	0.109353	0.0749117	0.156134	0.151652	0.151652	0.194209	0.249003	0.317086	0.326236	0.316503	0.287731	0.288368	0.287731	0.29028	0.279301	0.234156	0.217029	0.203917	0.165017	0.160779	0.188438	0.167781	0.160779	0.13833	0.156134	0.12018	0.108515	0.108515	0.108515	0.108515	0.101959	0.0730457	0.112258	0.115093	0.0904854	0.048906	0.0135634	0.0909871	0.107233	0.085788	0.100132	0.133585	0.169951	0.20164
0.286036	0.31133	0.287889	0.238873	0.228756	0.186886	0.169293	0.21249	0.247156	0.26708	0.298279	0.311081	0.322247	0.345271	0.376814	0.36869	0.387485	0.434726	0.453569	0.461843	0.454299	0.454198	0.460403	0.439044	0.420981	0.40165	0.386313	0.358017	0.324042	0.33691	0.365691	0.384535	0.369217	0.34618	0.325581	0.321804	0.326724	0.321017	0.323346	0.324042	0.352445	0.393442	0.42195	0.507269	0.520136	0.500004	0.49274	0.445674	0.397709	0.384491	0.309403	0.250183	0.250183	0.28213	0.322845	0.327131	0.361216	0.409797	0.474438	0.514782	0.542299	0.641904	0.646896	0.622077	0.612398	0.574686	0.516037	0.48812	0.500024	0.506598	0.514518	0.582604	0.606521	0.615264	0.663475	0.608268	0.527381	0.493643	0.380588	0.335431	0.341869	0.367929	0.426449	0.479115	0.523177	0.547882	0.576287	0.603592	0.621507	0.629149	0.63254	0.64222	0.659951	0.675957	0.630008	0.578741	0.555982	0.528258	0.490701	0.470279	0.457297	0.466499	0.468907	0.432185	0.388793	0.41425	0.481142	0.522583	0.588081	0.602265	0.712654	0.794821	0.742719	0.67573	0.594973	0.518258	0.506056	0.499559	0.523839	0.549808	0.498392	0.482983	0.445774	0.439317	0.483316	0.514134	0.535285	0.522044	0.491673	0.477999	0.435567	0.422757	0.396511	0.300735	0.253979	0.203158	0.186886	0.228756	0.233902	0.256599	0.229202	0.226198	0.256545	0.257697	0.27901	0.307666	0.325581	0.372055	0.432226	0.441004	0.450078	0.441464	0.432598	0.449897	0.460708	0.457903	0.437952	0.404988	0.385402	0.385402	0.345144	0.326534	0.301957	0.270232	0.246181	0.254003	0.276529	0.300469	0.327044	0.305311	0.295093	0.292416	0.283302	0.249053	0.204671	0.173322	0.178543	0.214388	0.234817	0.239643	0.260143	0.293321	0.279194	0.279194	0.26708	0.27003	0.285534	0.275643	0.254525	0.231135	0.200952	0.146748	0.18599	0.187061	0.159234	0.171108	0.153469	0.181281	0.18912	0.18218	0.204722	0.11528	0.0990044	0.148868	0.11597	0.0813552	0.0813552	0.0813552	0.0813552	0.0813552	0.0813552	0.117038	0.15877	0.148882	0.178765	0.172281	0.198055	0.220069	0.236374	0.283498	0.284014	0.291276	0.271144	0.276224	0.270235	0.228601	0.182175	0.143591	0.157642	0.16271	0.16271	0.161681	0.142514	0.0892525	0.11597	0.09654	0.0651771	0.0225605	0	0	0	0	0	0	0.0904446	0.107189	0.0813552	0.0813552	0.09233	0.142008	0.11528	0.0919381	0.137261	0.182939	0.196167	0.199538
0.368703	0.37286	0.335169	0.289415	0.277319	0.235305	0.223866	0.260716	0.310381	0.342887	0.363302	0.392815	0.415336	0.422934	0.458166	0.465362	0.497301	0.557287	0.583689	0.605891	0.60813	0.596615	0.606132	0.588448	0.552881	0.535643	0.503133	0.447409	0.420822	0.443525	0.478186	0.503813	0.4855	0.462092	0.435065	0.42494	0.423364	0.427063	0.422868	0.420822	0.435525	0.462297	0.529271	0.592691	0.587999	0.576288	0.560007	0.515625	0.488901	0.457795	0.378052	0.332222	0.332222	0.360255	0.40084	0.422079	0.48461	0.550384	0.612027	0.657779	0.725993	0.832028	0.830859	0.804502	0.791383	0.741973	0.67889	0.650568	0.659539	0.664532	0.670585	0.683448	0.680629	0.717602	0.733075	0.676643	0.618118	0.571221	0.47374	0.441279	0.45592	0.488123	0.551308	0.617244	0.671776	0.711132	0.760101	0.798106	0.816006	0.821836	0.824687	0.838055	0.857116	0.874827	0.838209	0.773483	0.735883	0.705918	0.662691	0.614955	0.592026	0.600114	0.620079	0.569897	0.507037	0.538713	0.580805	0.628022	0.689535	0.71608	0.843529	0.922785	0.848095	0.786662	0.715274	0.656882	0.647307	0.635523	0.640031	0.639571	0.591613	0.568451	0.561619	0.591642	0.642894	0.664668	0.651971	0.640943	0.619317	0.594172	0.551167	0.521867	0.468352	0.376162	0.309147	0.247337	0.235305	0.277319	0.296867	0.293383	0.277319	0.281213	0.315123	0.330057	0.345557	0.395159	0.435065	0.493932	0.546992	0.559506	0.556818	0.544249	0.547224	0.542638	0.530334	0.511444	0.479519	0.447077	0.441264	0.441264	0.406604	0.390944	0.362305	0.339926	0.326397	0.334141	0.355771	0.377579	0.387528	0.375278	0.381678	0.380293	0.367704	0.335346	0.279421	0.232935	0.24255	0.292588	0.301979	0.304584	0.343975	0.363683	0.352397	0.352397	0.342887	0.357807	0.368703	0.328009	0.300218	0.262054	0.211909	0.197118	0.233185	0.230414	0.195661	0.206889	0.21137	0.216451	0.217973	0.207038	0.198972	0.13191	0.136504	0.173571	0.130787	0.108432	0.108432	0.108432	0.108432	0.108432	0.108432	0.132356	0.180833	0.196789	0.218548	0.235063	0.256793	0.280401	0.291011	0.320596	0.32641	0.342919	0.319875	0.304793	0.299871	0.240751	0.206727	0.19883	0.21078	0.216864	0.216864	0.198906	0.154539	0.115645	0.130787	0.139015	0.0579982	0.0121043	0	0	0	0	0	0	0.0488672	0.090922	0.108432	0.108432	0.123391	0.163206	0.13191	0.126532	0.173019	0.218138	0.213268	0.189515
0.320223	0.321944	0.294868	0.280549	0.268247	0.226887	0.218413	0.221979	0.218466	0.232551	0.24113	0.258067	0.29264	0.317695	0.387061	0.452705	0.514618	0.569403	0.616516	0.644386	0.6744	0.695591	0.706367	0.722245	0.712793	0.698405	0.679041	0.659418	0.641412	0.630783	0.625237	0.605849	0.575255	0.578707	0.568789	0.553054	0.532739	0.533606	0.558721	0.572725	0.580284	0.598894	0.642165	0.657108	0.634562	0.617193	0.584635	0.541513	0.52381	0.480544	0.442539	0.45928	0.484239	0.506796	0.549623	0.572323	0.583821	0.608161	0.6607	0.72151	0.809472	0.86517	0.81242	0.783445	0.784009	0.757058	0.738405	0.731601	0.71671	0.674521	0.641998	0.632234	0.640285	0.675596	0.64934	0.599045	0.534135	0.464858	0.379113	0.373622	0.390006	0.383087	0.411773	0.474176	0.53837	0.574549	0.596171	0.623662	0.672311	0.714422	0.732545	0.749842	0.78644	0.832933	0.833666	0.796379	0.763747	0.73653	0.742132	0.735807	0.711924	0.678292	0.664881	0.675304	0.665827	0.662059	0.679082	0.737283	0.793496	0.806319	0.895505	0.915766	0.771917	0.692131	0.621081	0.571162	0.555882	0.53534	0.543127	0.547107	0.507929	0.499244	0.496131	0.4867	0.484877	0.480151	0.478833	0.500808	0.476186	0.440483	0.403817	0.373683	0.343719	0.32251	0.320132	0.304922	0.294158	0.298493	0.314887	0.299809	0.264188	0.237188	0.248788	0.257113	0.273002	0.327175	0.373341	0.45262	0.499029	0.511212	0.509217	0.515192	0.528144	0.523587	0.524203	0.505967	0.471882	0.438938	0.427321	0.397792	0.337915	0.29722	0.260012	0.234404	0.187569	0.170993	0.210547	0.271795	0.296786	0.274498	0.276318	0.287686	0.293882	0.295544	0.286033	0.283965	0.290521	0.28963	0.286848	0.327035	0.362379	0.340884	0.317999	0.308771	0.301711	0.310018	0.301431	0.29225	0.292066	0.247244	0.212517	0.223058	0.228114	0.212842	0.200141	0.212808	0.208617	0.198115	0.21787	0.214976	0.182727	0.135158	0.151891	0.16627	0.119479	0.108391	0.108391	0.108391	0.108391	0.108391	0.108391	0.113656	0.135528	0.172389	0.211817	0.219123	0.223905	0.251389	0.262274	0.288002	0.303891	0.316361	0.2727	0.253994	0.253694	0.211114	0.213396	0.214767	0.208178	0.216781	0.216781	0.211695	0.179898	0.131674	0.119479	0.15904	0.133948	0.0881382	0.0812933	0.0642675	0.0287404	0	0	0	0.00958013	0.0214225	0.0387865	0.0709864	0.131821	0.170559	0.12848	0.109695	0.144249	0.175469	0.144542	0.124997
0.304351	0.30182	0.279429	0.281808	0.257113	0.223695	0.216698	0.210619	0.198678	0.192335	0.195512	0.21962	0.237616	0.268913	0.348171	0.447754	0.523873	0.570266	0.62431	0.656918	0.69189	0.727388	0.739301	0.761022	0.766102	0.752928	0.738289	0.731822	0.713345	0.689316	0.668526	0.631565	0.606805	0.617331	0.615729	0.599403	0.57058	0.569808	0.607665	0.622938	0.630737	0.644087	0.662743	0.67255	0.645991	0.619913	0.582377	0.545164	0.534222	0.4854	0.468763	0.505659	0.535233	0.555656	0.597285	0.622986	0.613946	0.632587	0.684152	0.755581	0.860342	0.87346	0.802387	0.77952	0.781739	0.762743	0.758404	0.758404	0.732448	0.672294	0.626285	0.607118	0.613778	0.62718	0.594104	0.567697	0.4862	0.418967	0.352918	0.357534	0.368421	0.347407	0.371892	0.427716	0.489252	0.528591	0.541733	0.562879	0.616772	0.671263	0.699217	0.71594	0.754767	0.812974	0.834078	0.805665	0.777122	0.750715	0.760769	0.775732	0.75715	0.709828	0.679317	0.705409	0.718059	0.693344	0.717162	0.778718	0.833789	0.830088	0.889175	0.881175	0.713868	0.642091	0.590799	0.546979	0.52058	0.498082	0.507187	0.507364	0.470505	0.477093	0.461951	0.440313	0.448574	0.425675	0.423729	0.450995	0.424794	0.386057	0.352295	0.316303	0.304351	0.308911	0.325046	0.325046	0.31746	0.319943	0.31931	0.308262	0.270755	0.223367	0.23181	0.228912	0.257113	0.308911	0.360917	0.454646	0.488528	0.500031	0.498373	0.510373	0.521014	0.522449	0.519337	0.491925	0.456194	0.421069	0.403047	0.355491	0.294998	0.246975	0.229835	0.195623	0.132255	0.115557	0.154698	0.219015	0.255817	0.242272	0.242272	0.25288	0.264924	0.277107	0.280998	0.298669	0.301748	0.280998	0.288321	0.34231	0.362029	0.324655	0.302033	0.289411	0.292129	0.289411	0.279206	0.288321	0.283574	0.238982	0.213181	0.230238	0.21523	0.206731	0.211208	0.204682	0.206731	0.19603	0.218381	0.218381	0.167525	0.13406	0.16193	0.157754	0.115557	0.10835	0.10835	0.10835	0.10835	0.10835	0.10835	0.10835	0.126436	0.176066	0.2046	0.206569	0.226148	0.248635	0.259465	0.271729	0.297022	0.299933	0.251391	0.239603	0.225285	0.216128	0.221713	0.218381	0.212021	0.216698	0.216698	0.216698	0.201339	0.151421	0.115557	0.157754	0.16193	0.116379	0.10835	0.105776	0.0729304	0	0	0	0	0	0.0367168	0.086718	0.162676	0.173439	0.123619	0.097015	0.13543	0.145149	0.109144	0.111676
0.227288	0.221864	0.210016	0.213061	0.176722	0.157402	0.13606	0.120442	0.150166	0.158282	0.153539	0.183054	0.2055	0.238555	0.284136	0.339382	0.371366	0.406375	0.456891	0.505992	0.554617	0.585826	0.601353	0.617523	0.615926	0.596975	0.581763	0.573146	0.561212	0.543713	0.52433	0.505091	0.499706	0.50398	0.51573	0.526959	0.519436	0.509597	0.504336	0.481503	0.487564	0.514407	0.557135	0.593985	0.574007	0.559238	0.529267	0.48848	0.467993	0.41107	0.397365	0.408935	0.405325	0.409685	0.420013	0.433549	0.463876	0.539084	0.598093	0.652889	0.720797	0.667981	0.579225	0.551454	0.541648	0.517911	0.501096	0.474032	0.453582	0.43845	0.42938	0.436382	0.469313	0.498167	0.492555	0.47753	0.384557	0.333341	0.269621	0.252244	0.237949	0.221695	0.258921	0.26988	0.291155	0.328594	0.348764	0.357179	0.379705	0.419769	0.460561	0.484814	0.495576	0.534076	0.581722	0.580276	0.580858	0.58103	0.587749	0.599355	0.594805	0.56885	0.535131	0.521125	0.531502	0.555061	0.613883	0.664696	0.704062	0.678182	0.720401	0.71163	0.563212	0.517437	0.466817	0.395413	0.346568	0.334098	0.357349	0.366689	0.343725	0.366132	0.337351	0.323613	0.347177	0.284873	0.273016	0.318279	0.294816	0.259354	0.245107	0.234431	0.232968	0.20533	0.189539	0.186318	0.194199	0.24678	0.251087	0.253501	0.240055	0.185989	0.202092	0.210907	0.230825	0.239523	0.28382	0.371038	0.37832	0.38061	0.364396	0.361864	0.354306	0.344428	0.332513	0.312958	0.295857	0.282455	0.290137	0.249316	0.201701	0.171661	0.169627	0.109772	0.0326298	0.0287477	0.0651195	0.122646	0.161611	0.143678	0.148864	0.170222	0.172715	0.178304	0.182878	0.189842	0.200098	0.213056	0.235289	0.266598	0.275001	0.257436	0.265436	0.265364	0.253469	0.235696	0.233502	0.217769	0.183672	0.167686	0.163378	0.192555	0.177262	0.172445	0.171285	0.14871	0.162163	0.139311	0.158222	0.148654	0.0952812	0.10398	0.150485	0.120599	0.0828718	0.0812312	0.0812312	0.0812312	0.0812312	0.0812312	0.0812312	0.0812312	0.108031	0.148654	0.145186	0.174669	0.216043	0.225257	0.232427	0.23474	0.26318	0.255706	0.202548	0.201454	0.185295	0.190993	0.175212	0.157827	0.132201	0.108308	0.108308	0.108308	0.143592	0.13436	0.0735379	0.106322	0.120357	0.0631584	0.0345166	0.103542	0.101757	0	0	0	0.0191457	0.0428123	0.0767207	0.121878	0.161534	0.127715	0.0757314	0.0777909	0.112511	0.102596	0.0744568	0.0984077
0.278993	0.267592	0.267783	0.256775	0.223694	0.204797	0.171184	0.134743	0.158403	0.200444	0.210093	0.223197	0.2842	0.34751	0.400774	0.443276	0.479612	0.533997	0.605974	0.689901	0.767605	0.806195	0.824146	0.841148	0.841148	0.815946	0.792681	0.778237	0.764708	0.732767	0.698609	0.685244	0.689976	0.697063	0.71198	0.729987	0.743623	0.731287	0.692291	0.644074	0.633546	0.668465	0.714067	0.73951	0.726858	0.72626	0.691224	0.633587	0.594299	0.552203	0.548312	0.552039	0.541997	0.541321	0.541321	0.555513	0.623833	0.741331	0.801616	0.823249	0.82756	0.765982	0.702925	0.674012	0.663656	0.649791	0.624862	0.570957	0.541321	0.541321	0.538786	0.541942	0.557059	0.560966	0.544046	0.488863	0.412471	0.371088	0.314972	0.290534	0.267592	0.272369	0.315531	0.318973	0.342634	0.396178	0.426501	0.433062	0.447413	0.490189	0.552281	0.600959	0.609577	0.630257	0.684705	0.718859	0.745126	0.758154	0.767891	0.775143	0.775143	0.761802	0.730204	0.690702	0.705781	0.756496	0.802919	0.823136	0.827852	0.791954	0.765958	0.72722	0.637962	0.576726	0.500969	0.425924	0.388026	0.387226	0.40023	0.403708	0.390348	0.395241	0.357278	0.336149	0.340338	0.282524	0.282524	0.331616	0.306212	0.284439	0.304116	0.308463	0.289308	0.240334	0.216534	0.210186	0.218019	0.263724	0.273595	0.281603	0.291413	0.256775	0.259278	0.293822	0.308605	0.316803	0.363129	0.419737	0.422776	0.422776	0.405985	0.392352	0.368134	0.34661	0.349914	0.330692	0.304116	0.29486	0.301952	0.246467	0.184069	0.167332	0.135327	0.0605195	0	0	0.0302597	0.0823723	0.142966	0.129471	0.133287	0.184069	0.184069	0.184073	0.218152	0.230067	0.249542	0.282582	0.30412	0.314716	0.328361	0.339054	0.36439	0.368142	0.325206	0.30412	0.30412	0.262769	0.223694	0.216534	0.218219	0.242088	0.231256	0.207483	0.206573	0.197048	0.184073	0.157504	0.173307	0.146383	0.108267	0.145159	0.184069	0.134906	0.108267	0.108267	0.108267	0.108267	0.108267	0.108267	0.108267	0.108267	0.146383	0.173307	0.17063	0.225513	0.263724	0.273595	0.284439	0.281603	0.287356	0.267936	0.211738	0.220298	0.215173	0.201181	0.191383	0.173307	0.133287	0.108267	0.108267	0.108267	0.153107	0.153107	0.0969969	0.112842	0.112387	0.0823723	0.0302597	0.108259	0.108259	0	0	0	0.0605195	0.0975885	0.121045	0.153107	0.150018	0.127667	0.0969969	0.108267	0.0975885	0.0605195	0.0456318	0.0866535
0.197812	0.185528	0.191663	0.162515	0.138567	0.136962	0.143802	0.104276	0.102091	0.125423	0.152894	0.16275	0.214139	0.257712	0.313707	0.348666	0.393881	0.425061	0.469238	0.534222	0.568373	0.582324	0.597657	0.609074	0.618587	0.616294	0.610317	0.60497	0.591716	0.561446	0.543403	0.541751	0.542393	0.540844	0.559478	0.570931	0.576557	0.559785	0.534252	0.510641	0.51403	0.560475	0.592792	0.598822	0.58025	0.574699	0.522099	0.477847	0.463213	0.433035	0.419597	0.41375	0.403733	0.405841	0.407468	0.426065	0.50355	0.601081	0.615713	0.625415	0.633978	0.60103	0.541092	0.485939	0.472212	0.443482	0.429925	0.403579	0.378786	0.378786	0.379894	0.394026	0.419972	0.43197	0.425468	0.370756	0.337294	0.308402	0.255883	0.237233	0.221903	0.234622	0.255348	0.241746	0.251214	0.272307	0.275143	0.287688	0.302803	0.324957	0.355656	0.386849	0.408029	0.435511	0.480662	0.503159	0.525496	0.533888	0.544438	0.556155	0.564453	0.557266	0.545837	0.525922	0.534596	0.558756	0.603534	0.628666	0.638862	0.61566	0.576456	0.577385	0.539604	0.440111	0.362834	0.315044	0.295824	0.288635	0.294882	0.311077	0.306095	0.306243	0.28199	0.274765	0.284272	0.249866	0.25887	0.2998	0.258202	0.233682	0.255227	0.202897	0.169913	0.149718	0.142317	0.137961	0.16323	0.207254	0.215497	0.210944	0.221967	0.200459	0.181259	0.201486	0.22164	0.256779	0.301696	0.344363	0.354739	0.35508	0.334544	0.317989	0.29739	0.28752	0.309652	0.27061	0.231657	0.232304	0.240927	0.172446	0.116839	0.126289	0.0778922	0.0191311	0.00229573	0.0120816	0.0192685	0.0354918	0.106863	0.0885696	0.0626261	0.130097	0.138967	0.116052	0.142047	0.162209	0.192837	0.221875	0.232366	0.250136	0.282494	0.288891	0.293587	0.278887	0.240595	0.238803	0.226629	0.182861	0.165617	0.162339	0.162715	0.183021	0.159681	0.132661	0.160484	0.143476	0.116052	0.118693	0.148528	0.107949	0.0847599	0.138892	0.148458	0.092027	0.0811695	0.0811695	0.0811695	0.0811695	0.0811695	0.0811695	0.0847599	0.0952089	0.148541	0.158101	0.162919	0.226801	0.238063	0.237807	0.237807	0.219744	0.220454	0.21504	0.170282	0.198336	0.195719	0.160334	0.168571	0.145863	0.0951681	0.0828088	0.0844163	0.0812344	0.133353	0.133353	0.0984405	0.118588	0.0977667	0.102757	0.0525106	0.108705	0.103205	0.00956555	0.0213899	0.0270565	0.0942069	0.104271	0.0858305	0.122866	0.102066	0.114478	0.0832178	0.054113	0.0387275	0.00676901	0.0358149	0.0714794
0.183928	0.180527	0.172642	0.126243	0.108185	0.120952	0.15299	0.120952	0.108185	0.108185	0.150094	0.220139	0.266259	0.319183	0.403655	0.464722	0.528009	0.575185	0.629781	0.691709	0.706897	0.716722	0.734641	0.738176	0.763141	0.814144	0.852574	0.865413	0.839353	0.785339	0.769426	0.778323	0.77029	0.771044	0.797118	0.810537	0.809716	0.778131	0.75725	0.75725	0.760861	0.781622	0.778473	0.733693	0.672827	0.645994	0.613814	0.609532	0.605614	0.572252	0.539822	0.525126	0.529481	0.540908	0.547761	0.589126	0.675532	0.716582	0.701592	0.712491	0.696097	0.660349	0.606586	0.531368	0.492804	0.450322	0.446046	0.446046	0.432731	0.432731	0.436098	0.453364	0.473314	0.465489	0.435457	0.394282	0.371707	0.357005	0.335819	0.329303	0.3306	0.342104	0.321764	0.284299	0.27878	0.258888	0.248024	0.286866	0.317947	0.324551	0.324551	0.339733	0.38463	0.447569	0.514928	0.548626	0.568437	0.577684	0.585855	0.600751	0.633395	0.664484	0.690857	0.717497	0.706408	0.677698	0.703158	0.695442	0.675161	0.641664	0.581615	0.586165	0.545095	0.437013	0.356505	0.318788	0.296498	0.263264	0.279597	0.3085	0.305978	0.305978	0.310909	0.319864	0.324292	0.308362	0.2907	0.28939	0.250034	0.220575	0.236201	0.15299	0.108185	0.123431	0.135231	0.130684	0.15299	0.187212	0.205449	0.20989	0.232653	0.229888	0.210299	0.223354	0.264108	0.323899	0.363735	0.383138	0.378626	0.38247	0.36349	0.358236	0.352807	0.352627	0.349499	0.296189	0.255862	0.236511	0.222229	0.149968	0.100426	0.0865859	0.0366608	0	0.0120766	0.0573714	0.0930609	0.102844	0.0956189	0.0544888	0	0.0728191	0.105615	0.108185	0.141184	0.19362	0.241025	0.275105	0.27878	0.312111	0.352501	0.352627	0.360776	0.342104	0.324551	0.305091	0.252629	0.216369	0.216369	0.216369	0.210299	0.188352	0.138065	0.12077	0.162834	0.135172	0.108185	0.142773	0.173174	0.126243	0.123431	0.173174	0.149968	0.108185	0.108185	0.108185	0.108185	0.108185	0.108185	0.108185	0.123431	0.16727	0.218048	0.218048	0.239955	0.287493	0.275833	0.253976	0.234119	0.207797	0.211227	0.223663	0.207135	0.227138	0.21764	0.183928	0.188958	0.161684	0.116202	0.115381	0.121708	0.11002	0.143746	0.143746	0.12662	0.145407	0.116696	0.118376	0.0870444	0.115533	0.0802233	0.0487556	0.0907142	0.108185	0.105615	0.0965588	0.0844795	0.0970499	0.0739618	0.109018	0.0714465	0	0.0241532	0.0676136	0.105927	0.154186
0.162368	0.16062	0.129531	0.097431	0.0983727	0.120425	0.15857	0.141385	0.135179	0.142099	0.19041	0.258972	0.304032	0.377227	0.45171	0.49789	0.545938	0.598563	0.635227	0.672404	0.669932	0.669677	0.69793	0.722835	0.743136	0.773808	0.800817	0.811023	0.80162	0.774732	0.761444	0.757462	0.74835	0.750956	0.769646	0.778423	0.783102	0.76937	0.756961	0.756961	0.758464	0.770431	0.756353	0.706743	0.659559	0.65477	0.640664	0.617603	0.591566	0.563232	0.536369	0.520128	0.512757	0.513668	0.522937	0.573175	0.6565	0.672494	0.66738	0.676555	0.636841	0.614812	0.569189	0.490482	0.45493	0.408833	0.402339	0.411457	0.405532	0.405532	0.405183	0.418746	0.438398	0.425871	0.397847	0.38059	0.355047	0.352323	0.333858	0.316465	0.327114	0.337884	0.31766	0.298651	0.302186	0.274214	0.266746	0.28848	0.294576	0.297392	0.297392	0.307558	0.338283	0.38572	0.447182	0.500522	0.535977	0.557359	0.570791	0.578244	0.597259	0.624172	0.647041	0.672701	0.66293	0.641176	0.666154	0.634629	0.614237	0.589811	0.534407	0.543127	0.49224	0.406556	0.328517	0.301575	0.281251	0.247442	0.289082	0.313855	0.298632	0.29601	0.310788	0.301362	0.287496	0.27784	0.243069	0.242004	0.233356	0.203834	0.214811	0.141576	0.100114	0.126097	0.126538	0.134068	0.14598	0.15819	0.172202	0.175989	0.209669	0.22356	0.211212	0.228167	0.28379	0.335949	0.363624	0.366647	0.355437	0.372799	0.353791	0.34947	0.338952	0.329937	0.310781	0.271672	0.242476	0.216905	0.195574	0.135899	0.0968812	0.0594148	0.0162439	0.00229398	0.0302251	0.0961177	0.0935715	0.0761443	0.0544712	0.0214105	0	0.0290398	0.0753014	0.108372	0.163694	0.203968	0.241811	0.285859	0.284577	0.339377	0.371581	0.359513	0.368932	0.332243	0.319332	0.304826	0.258904	0.22639	0.217914	0.216286	0.211212	0.186839	0.15108	0.144485	0.166599	0.129392	0.111713	0.159056	0.168169	0.118569	0.128187	0.170169	0.135071	0.108143	0.108143	0.108143	0.108143	0.108143	0.108143	0.108143	0.128187	0.177498	0.208482	0.216167	0.253056	0.279988	0.259159	0.233527	0.217508	0.205371	0.215576	0.228628	0.214869	0.217487	0.208325	0.181215	0.17995	0.151544	0.113397	0.113484	0.115173	0.111879	0.139163	0.139163	0.132936	0.163502	0.153781	0.137031	0.123062	0.111197	0.0543557	0.0932271	0.107858	0.0913612	0.0865446	0.0811833	0.101202	0.0699514	0.0572671	0.10142	0.0586456	0.034464	0.0766278	0.129323	0.148238	0.190451
0.115445	0.103749	0.0366329	0.0366513	0.0787908	0.11724	0.175664	0.205531	0.216204	0.246583	0.301409	0.346488	0.414227	0.482006	0.520944	0.532384	0.566179	0.614876	0.604279	0.583372	0.547205	0.529078	0.587871	0.67728	0.698251	0.6624	0.648587	0.648587	0.678977	0.732772	0.732772	0.694658	0.688413	0.691235	0.693871	0.688413	0.700183	0.738138	0.756673	0.756673	0.756305	0.744262	0.710499	0.683662	0.683662	0.71345	0.692735	0.619943	0.56584	0.551198	0.538451	0.504504	0.455481	0.432401	0.448442	0.506794	0.569793	0.570356	0.56236	0.555189	0.520944	0.524756	0.465927	0.39349	0.366387	0.290695	0.27126	0.304859	0.324304	0.324304	0.312592	0.316319	0.352538	0.352358	0.352358	0.355939	0.341035	0.333956	0.295963	0.28585	0.311559	0.326163	0.332649	0.359158	0.371277	0.339474	0.308206	0.265481	0.223609	0.216204	0.216204	0.216204	0.216204	0.223184	0.270345	0.359993	0.442624	0.493834	0.524736	0.528907	0.520417	0.516124	0.528048	0.540496	0.540496	0.542679	0.550197	0.500136	0.490906	0.485184	0.465413	0.469044	0.411326	0.351876	0.289873	0.279548	0.267532	0.253877	0.291948	0.304593	0.274897	0.266122	0.268174	0.230825	0.205842	0.199536	0.169626	0.199757	0.205842	0.175675	0.169883	0.115445	0.0898731	0.12086	0.101838	0.129991	0.132828	0.120854	0.115413	0.101333	0.151075	0.20088	0.216204	0.243377	0.311873	0.341035	0.344999	0.334247	0.324045	0.339685	0.325413	0.301108	0.287271	0.26791	0.249154	0.232162	0.217882	0.206031	0.175664	0.126147	0.101838	0.0787908	0.0366513	0.0120674	0.0667411	0.108901	0.0544473	0	0	0	0	0.0241348	0.067562	0.115643	0.184599	0.206642	0.240018	0.29316	0.308427	0.397406	0.412512	0.377804	0.356233	0.303656	0.305565	0.324304	0.305565	0.259922	0.223184	0.216204	0.216204	0.216204	0.216204	0.205531	0.175664	0.126147	0.123337	0.173042	0.149854	0.108102	0.131508	0.16271	0.123015	0.108102	0.108102	0.108102	0.108102	0.108102	0.108102	0.108102	0.131508	0.174427	0.184945	0.218514	0.26081	0.253422	0.227326	0.211415	0.210723	0.222685	0.227326	0.212823	0.202681	0.21811	0.199506	0.172186	0.173042	0.136089	0.108102	0.102766	0.0945895	0.110165	0.127472	0.127472	0.146475	0.173328	0.192255	0.18378	0.145527	0.0908401	0.0744979	0.115413	0.0845952	0.0573277	0.09299	0.10035	0.0865199	0.0366329	0.0366329	0.0865199	0.10035	0.141077	0.211504	0.241719	0.240841	0.253877
0.118628	0.0989632	0.0432542	0.0864869	0.119218	0.118858	0.162653	0.204306	0.226218	0.274473	0.319178	0.363155	0.43614	0.472554	0.519185	0.531281	0.575687	0.616398	0.584758	0.566931	0.551162	0.538683	0.587213	0.649035	0.671859	0.640093	0.62295	0.621328	0.641906	0.682405	0.682405	0.651157	0.64232	0.63363	0.6366	0.644212	0.656614	0.687403	0.707513	0.719411	0.727933	0.717836	0.70133	0.697068	0.695228	0.711458	0.673999	0.600932	0.561272	0.554166	0.539853	0.510168	0.471009	0.448729	0.458859	0.506604	0.549013	0.547442	0.526736	0.519786	0.50177	0.484308	0.413793	0.365416	0.333372	0.291586	0.26871	0.283178	0.297166	0.298791	0.297637	0.31228	0.355301	0.34624	0.346693	0.345037	0.335588	0.315019	0.282889	0.302929	0.317389	0.322597	0.325699	0.343142	0.337301	0.307324	0.282443	0.247479	0.221314	0.214507	0.211265	0.211265	0.214507	0.220566	0.265075	0.324134	0.380883	0.425254	0.458589	0.471231	0.482494	0.477918	0.479971	0.486264	0.487887	0.493859	0.496884	0.460037	0.454047	0.460076	0.461341	0.431451	0.38056	0.343424	0.289763	0.273663	0.257076	0.247929	0.268958	0.2824	0.253627	0.243094	0.234437	0.206173	0.199776	0.194975	0.183404	0.207973	0.194671	0.168526	0.142882	0.122293	0.135069	0.115742	0.0963391	0.144923	0.141267	0.127566	0.124262	0.10893	0.139629	0.189588	0.219387	0.25735	0.323379	0.340391	0.339623	0.331309	0.323361	0.3322	0.331685	0.289063	0.287152	0.263223	0.239215	0.21439	0.188628	0.165532	0.126738	0.105615	0.0985724	0.113569	0.0738301	0.0269726	0.0972374	0.0922968	0.0213942	0	0	0	0.00955097	0.0542134	0.104527	0.136561	0.195603	0.23392	0.270566	0.313089	0.335743	0.419157	0.400882	0.363	0.341448	0.301457	0.301582	0.310673	0.301582	0.27584	0.242847	0.226218	0.217748	0.216121	0.216121	0.206111	0.176495	0.145416	0.147579	0.179191	0.151139	0.131874	0.152495	0.163487	0.118803	0.108061	0.108061	0.108061	0.108061	0.108061	0.108061	0.111628	0.146652	0.191084	0.199163	0.236492	0.25521	0.227353	0.215552	0.211144	0.210643	0.226665	0.215715	0.196523	0.21076	0.241456	0.183009	0.160953	0.170457	0.125136	0.108061	0.0994294	0.0842885	0.119354	0.122335	0.119789	0.178887	0.189203	0.226029	0.226699	0.137332	0.0792781	0.115836	0.112429	0.0649719	0.0939579	0.0935002	0.0717498	0.0412277	0.00460033	0.0357603	0.0789677	0.121612	0.181259	0.244446	0.251414	0.263105	0.281398
0.13425	0.121479	0.125607	0.179978	0.161575	0.133652	0.167016	0.211423	0.259724	0.333894	0.351057	0.375153	0.42181	0.439736	0.505332	0.513663	0.557877	0.574096	0.531928	0.54961	0.566539	0.562818	0.57728	0.569652	0.582148	0.571962	0.546926	0.540084	0.540084	0.540084	0.540084	0.527646	0.498885	0.460334	0.463043	0.50412	0.533605	0.540084	0.561166	0.608938	0.647765	0.670703	0.7067	0.740864	0.728946	0.699706	0.637309	0.573795	0.559481	0.564023	0.548603	0.540084	0.526983	0.500001	0.48456	0.479093	0.479553	0.480451	0.452999	0.447208	0.426339	0.376351	0.31492	0.28095	0.250337	0.274465	0.28	0.238254	0.216039	0.223014	0.259724	0.313367	0.344412	0.329936	0.329936	0.329317	0.318092	0.292419	0.278026	0.307892	0.314858	0.301918	0.290847	0.28095	0.241628	0.216039	0.216039	0.216039	0.216039	0.209526	0.19604	0.19604	0.209526	0.209978	0.229537	0.228215	0.21772	0.241535	0.27042	0.302354	0.359818	0.369202	0.338182	0.324057	0.330959	0.356132	0.386642	0.376377	0.389719	0.42181	0.427867	0.394338	0.367075	0.333212	0.289653	0.268338	0.236062	0.229537	0.236124	0.229928	0.212658	0.193668	0.181519	0.194117	0.217538	0.214571	0.198912	0.200604	0.187571	0.176866	0.152757	0.152757	0.160891	0.0981845	0.0825625	0.139006	0.133662	0.163149	0.195433	0.167016	0.149865	0.193325	0.230409	0.276264	0.33037	0.341229	0.340776	0.340476	0.340776	0.356461	0.349903	0.296046	0.280027	0.24369	0.205136	0.155219	0.0954733	0.0544058	0.0241164	0.0675106	0.0852274	0.145185	0.109313	0.0573746	0.108852	0.0713377	0	0	0	0	0.0486813	0.100161	0.122976	0.151935	0.225538	0.288951	0.308931	0.336865	0.358995	0.411029	0.367906	0.347084	0.341047	0.291475	0.278579	0.270048	0.278579	0.291475	0.30083	0.259724	0.223014	0.216039	0.216039	0.216039	0.216039	0.216039	0.205375	0.196368	0.190488	0.20352	0.202192	0.163149	0.116025	0.10802	0.10802	0.10802	0.10802	0.10802	0.10802	0.123243	0.179609	0.222516	0.22178	0.221891	0.2198	0.193599	0.203184	0.212825	0.210563	0.216931	0.201085	0.218348	0.237012	0.229928	0.150932	0.146469	0.162586	0.116025	0.10802	0.0967197	0.0675106	0.119728	0.127993	0.130811	0.21639	0.236426	0.241745	0.232519	0.145185	0.127379	0.172911	0.135985	0.102688	0.0954733	0.0544058	0	0.0241164	0.0675106	0.105766	0.153951	0.206547	0.253684	0.280959	0.285633	0.321657	0.368784
0.164241	0.151793	0.167363	0.192037	0.169731	0.174144	0.216615	0.249591	0.295388	0.363244	0.3671	0.397267	0.442725	0.473945	0.53209	0.521599	0.556968	0.561121	0.530319	0.549592	0.541521	0.524809	0.534832	0.527074	0.533375	0.532914	0.516792	0.512886	0.512886	0.512886	0.507784	0.485904	0.45599	0.435749	0.448157	0.482809	0.507784	0.516135	0.54033	0.579754	0.611282	0.639653	0.679218	0.70572	0.679104	0.647694	0.60471	0.560689	0.550259	0.542654	0.520529	0.512886	0.507776	0.488453	0.462234	0.446426	0.453605	0.468201	0.429503	0.412515	0.39065	0.341956	0.30605	0.266676	0.24138	0.256426	0.278415	0.248995	0.234639	0.247577	0.287181	0.325814	0.335762	0.330703	0.324923	0.318942	0.304112	0.28909	0.288835	0.318972	0.32999	0.292026	0.27825	0.257123	0.214666	0.202842	0.212742	0.215957	0.215957	0.210522	0.199978	0.203549	0.21341	0.21089	0.22322	0.213437	0.192264	0.22322	0.243568	0.272748	0.322101	0.348769	0.332883	0.323933	0.329788	0.356583	0.385709	0.377672	0.39629	0.427859	0.416504	0.38629	0.350461	0.310169	0.287721	0.258653	0.225111	0.232313	0.226287	0.206785	0.211044	0.182629	0.173738	0.219778	0.248361	0.226249	0.196337	0.191957	0.195996	0.190364	0.155057	0.148136	0.146306	0.0843645	0.0934278	0.123421	0.106622	0.139955	0.176021	0.181083	0.16864	0.214473	0.232303	0.277134	0.328615	0.33591	0.32867	0.329125	0.327245	0.338607	0.312473	0.265631	0.24581	0.210222	0.171269	0.125457	0.0776861	0.0447425	0.0524994	0.0973255	0.072486	0.160653	0.130581	0.0946272	0.108811	0.0609548	0.0269947	0.0269947	0.0344116	0.0477203	0.112638	0.14318	0.144139	0.199316	0.29422	0.343666	0.327879	0.358488	0.384783	0.415343	0.376672	0.348379	0.315959	0.272748	0.281067	0.268331	0.287085	0.284725	0.295602	0.27563	0.24729	0.242951	0.242951	0.242951	0.239468	0.229283	0.209056	0.19601	0.207194	0.199174	0.179253	0.139955	0.113224	0.107979	0.107979	0.107979	0.113224	0.125167	0.133364	0.147467	0.19693	0.231452	0.221695	0.204414	0.2224	0.210454	0.212682	0.216848	0.207389	0.212466	0.203581	0.233681	0.213109	0.176819	0.129235	0.140939	0.140939	0.0862657	0.0809841	0.0825973	0.0951289	0.128422	0.153531	0.160764	0.241062	0.267	0.217283	0.207762	0.162767	0.144136	0.150408	0.0994627	0.0760283	0.0543882	0.0213779	0.0095437	0.0589774	0.110846	0.12945	0.174902	0.21833	0.258948	0.291542	0.316024	0.349707	0.400114
0.242365	0.251622	0.280836	0.299155	0.327703	0.380521	0.417461	0.440584	0.471062	0.502634	0.513352	0.559743	0.594917	0.598457	0.62141	0.598322	0.596477	0.582837	0.555061	0.55131	0.507515	0.469426	0.478486	0.465734	0.463202	0.483328	0.50467	0.502753	0.490862	0.485709	0.471281	0.436556	0.413886	0.432789	0.470332	0.495738	0.50759	0.526561	0.553932	0.565494	0.586121	0.625197	0.656893	0.661419	0.638172	0.639649	0.640228	0.638466	0.629389	0.584054	0.546683	0.536445	0.541478	0.541073	0.497656	0.480027	0.491656	0.474768	0.411796	0.371293	0.345079	0.317459	0.300458	0.262752	0.256709	0.273697	0.309455	0.327516	0.355058	0.383158	0.403891	0.4043	0.392856	0.382297	0.363758	0.348246	0.34346	0.356474	0.37809	0.399747	0.376778	0.305257	0.278863	0.231605	0.193101	0.20544	0.233456	0.242859	0.242859	0.241945	0.243722	0.255314	0.250183	0.242859	0.226168	0.179993	0.155768	0.208208	0.246354	0.251499	0.271484	0.326941	0.365818	0.377777	0.384248	0.41638	0.449444	0.462074	0.494484	0.49944	0.455841	0.418138	0.378708	0.351873	0.338339	0.305299	0.293125	0.306232	0.295487	0.291535	0.290556	0.264267	0.271955	0.284334	0.282689	0.268578	0.250067	0.257596	0.258534	0.233678	0.185222	0.157086	0.150654	0.096405	0.11716	0.138908	0.156089	0.161906	0.178561	0.228329	0.273027	0.296649	0.292136	0.320465	0.347751	0.343542	0.333507	0.330225	0.313729	0.307	0.262128	0.238979	0.221832	0.164656	0.133653	0.125858	0.126089	0.134922	0.125955	0.105374	0.0600987	0.157144	0.148769	0.151229	0.171467	0.159278	0.165176	0.175258	0.208965	0.251873	0.28282	0.298043	0.317969	0.379975	0.442266	0.447918	0.434187	0.471332	0.481957	0.478184	0.4327	0.370239	0.301392	0.28784	0.321933	0.313846	0.348833	0.329543	0.310791	0.328784	0.346168	0.350794	0.350794	0.350794	0.341233	0.312414	0.280596	0.271387	0.268075	0.216522	0.178825	0.161906	0.161906	0.156863	0.145063	0.140062	0.166913	0.212371	0.243233	0.249713	0.255598	0.281249	0.270812	0.269727	0.306166	0.284089	0.251451	0.237053	0.232746	0.247986	0.234857	0.233735	0.177443	0.116061	0.0981542	0.113068	0.0789079	0	0.00954007	0.0807839	0.128256	0.143564	0.183389	0.208488	0.262818	0.272073	0.202518	0.189657	0.154952	0.120544	0.0928332	0.0264301	0.0269845	0.0269845	0.0325182	0.0759124	0.146358	0.182518	0.209251	0.244268	0.284556	0.347254	0.397382	0.439152	0.477463	0.524448
0.387361	0.433649	0.488301	0.534475	0.565718	0.596913	0.627619	0.646694	0.67626	0.703844	0.721138	0.754543	0.766837	0.758257	0.758648	0.733801	0.718314	0.701022	0.662109	0.642063	0.604021	0.587022	0.590989	0.561738	0.574948	0.616092	0.635663	0.608241	0.560524	0.539466	0.545735	0.558456	0.556701	0.54502	0.545355	0.581333	0.627863	0.659049	0.680772	0.694907	0.726552	0.754122	0.770715	0.786834	0.793538	0.810064	0.827467	0.831939	0.821174	0.785966	0.760372	0.742015	0.713344	0.702363	0.696619	0.667183	0.611955	0.545762	0.465874	0.403981	0.36673	0.334311	0.311788	0.295501	0.326204	0.369568	0.416954	0.456111	0.475817	0.498724	0.51514	0.490024	0.47292	0.474621	0.477909	0.493944	0.501273	0.49392	0.491683	0.48207	0.439112	0.385484	0.343848	0.29673	0.2874	0.286866	0.273959	0.269739	0.269739	0.279539	0.291632	0.289738	0.274912	0.269739	0.250327	0.226231	0.250396	0.307133	0.326825	0.30362	0.335299	0.404874	0.448681	0.45855	0.482213	0.538978	0.571662	0.584317	0.599059	0.584476	0.553702	0.534185	0.509089	0.485215	0.461444	0.453343	0.466801	0.45839	0.443709	0.439124	0.418741	0.399091	0.403276	0.388832	0.36673	0.362292	0.348976	0.340968	0.322105	0.287511	0.231199	0.216536	0.231272	0.208896	0.231337	0.267	0.291632	0.296712	0.306855	0.350389	0.406262	0.418741	0.425212	0.439703	0.442982	0.425379	0.403662	0.384758	0.347675	0.334173	0.309824	0.297612	0.255013	0.195558	0.191928	0.210063	0.193751	0.188818	0.179116	0.149997	0.13088	0.181741	0.182941	0.201671	0.255076	0.285701	0.31084	0.352985	0.390291	0.387262	0.391216	0.436673	0.477875	0.540688	0.58977	0.588914	0.600888	0.625606	0.606735	0.569227	0.52123	0.457357	0.400767	0.381947	0.395853	0.401718	0.419291	0.3974	0.376187	0.365709	0.352601	0.350659	0.350659	0.350659	0.354942	0.367459	0.375147	0.365728	0.330015	0.293528	0.29372	0.296712	0.296712	0.278157	0.232821	0.209313	0.249434	0.274572	0.294646	0.330831	0.35504	0.388463	0.39257	0.40057	0.420078	0.388991	0.332551	0.303942	0.310789	0.302183	0.272436	0.258758	0.211743	0.159624	0.128214	0.0976797	0.0388275	0	0.0486256	0.128897	0.15966	0.194836	0.235264	0.258402	0.276252	0.258382	0.203036	0.175752	0.11801	0.0740558	0.0911761	0.102899	0.107896	0.107896	0.131702	0.190015	0.230022	0.262043	0.329759	0.374761	0.438124	0.51777	0.5662	0.626416	0.672916	0.703255
0.33244	0.348427	0.355025	0.359459	0.32041	0.313574	0.327947	0.32005	0.343393	0.357401	0.371986	0.388282	0.387925	0.398437	0.417815	0.417852	0.409842	0.397624	0.364528	0.365775	0.315494	0.277492	0.243086	0.197171	0.213166	0.237605	0.238552	0.229584	0.18872	0.161783	0.177525	0.213166	0.227625	0.203505	0.180034	0.211279	0.236891	0.248592	0.265558	0.27968	0.316697	0.322745	0.350496	0.388895	0.366669	0.35209	0.367579	0.341062	0.323563	0.323563	0.323563	0.316346	0.29611	0.280315	0.298599	0.289084	0.250341	0.232534	0.191006	0.176804	0.182706	0.172697	0.176522	0.14725	0.149451	0.157706	0.177525	0.197171	0.195768	0.215729	0.215052	0.189872	0.211366	0.236476	0.262514	0.295751	0.28205	0.256082	0.25094	0.22502	0.193143	0.160845	0.132861	0.116327	0.131692	0.122745	0.091414	0.0808915	0.0808915	0.091414	0.100845	0.091414	0.0808915	0.0808915	0.0808915	0.100938	0.149451	0.148033	0.157865	0.108195	0.149451	0.157706	0.161783	0.161783	0.199723	0.269704	0.283787	0.28381	0.283867	0.276995	0.276936	0.28381	0.267047	0.236128	0.215192	0.227395	0.232804	0.22136	0.231401	0.224481	0.215052	0.220199	0.2335	0.226709	0.22502	0.250109	0.235759	0.195244	0.169571	0.144579	0.0971713	0.133478	0.155106	0.126564	0.147458	0.161783	0.161783	0.161783	0.161783	0.177487	0.21179	0.21179	0.213706	0.218815	0.243383	0.236141	0.222603	0.209067	0.161751	0.190628	0.187943	0.161751	0.111086	0.0808915	0.13355	0.14765	0.091414	0.0808915	0.0808915	0.0808915	0.0852664	0.134812	0.114393	0.0971713	0.132861	0.156743	0.177487	0.220643	0.221952	0.183125	0.195984	0.274326	0.277459	0.328766	0.375996	0.362741	0.383204	0.383204	0.324144	0.290566	0.269242	0.196926	0.166984	0.156235	0.178175	0.16755	0.173545	0.170132	0.154456	0.141702	0.0887437	0.0808915	0.0808915	0.0808915	0.091414	0.122745	0.151882	0.151882	0.127091	0.121769	0.147458	0.161783	0.161783	0.16076	0.141702	0.0985043	0.147585	0.119613	0.1235	0.157865	0.187335	0.248581	0.247893	0.226709	0.243383	0.203039	0.153147	0.169571	0.202218	0.162486	0.141198	0.141198	0.104331	0.0808915	0.067502	0.0365687	0.00724491	0	0.0899288	0.137459	0.144024	0.207937	0.209584	0.214791	0.230331	0.205004	0.170382	0.142256	0.0694807	0.0365687	0.067502	0.0808915	0.0808915	0.0808915	0.116371	0.154829	0.155262	0.203555	0.265323	0.260778	0.301483	0.356231	0.347951	0.388895	0.403151	0.390845
0.402892	0.402837	0.390696	0.365892	0.311227	0.313455	0.32595	0.326779	0.343172	0.333028	0.340499	0.343336	0.328943	0.335159	0.35171	0.376064	0.382715	0.372758	0.349231	0.356095	0.315788	0.262414	0.218362	0.20241	0.197876	0.172268	0.156176	0.178108	0.167487	0.161721	0.161721	0.161721	0.161721	0.161721	0.175619	0.211245	0.18575	0.170468	0.201466	0.239677	0.290603	0.291408	0.322026	0.357548	0.308542	0.269492	0.262254	0.211709	0.203427	0.232822	0.242581	0.244685	0.256131	0.242419	0.242581	0.242581	0.23672	0.207161	0.160343	0.169651	0.180692	0.188175	0.201286	0.174072	0.176113	0.1645	0.161721	0.161721	0.163951	0.19436	0.180807	0.170468	0.21772	0.243291	0.255039	0.268592	0.228699	0.203295	0.214336	0.18797	0.169651	0.128748	0.0971344	0.0808607	0.0808607	0.0808607	0.0808607	0.0808607	0.0808607	0.0808607	0.0808607	0.103077	0.142942	0.161721	0.161721	0.157646	0.149394	0.0984668	0.141648	0.138164	0.149394	0.107765	0.113139	0.158902	0.218732	0.283598	0.298162	0.292085	0.28457	0.276853	0.269271	0.255009	0.236052	0.210027	0.206114	0.220586	0.212259	0.243411	0.284297	0.268832	0.271895	0.277631	0.266147	0.253215	0.258235	0.28457	0.262778	0.219464	0.202961	0.183226	0.161721	0.166422	0.133749	0.0808607	0.0808607	0.103077	0.142942	0.161721	0.161721	0.183537	0.218732	0.220586	0.227565	0.229576	0.244904	0.229158	0.207354	0.194045	0.147529	0.176846	0.167478	0.123825	0.0954206	0.0808607	0.106538	0.0898946	0.00724216	0.0365548	0.0674763	0.0808607	0.08871	0.141648	0.160699	0.166921	0.193238	0.227987	0.23672	0.240534	0.231358	0.253361	0.293299	0.312511	0.284602	0.315181	0.358823	0.336899	0.337874	0.321778	0.250665	0.236808	0.214563	0.144524	0.142942	0.141666	0.105254	0.0639215	0.0898946	0.115138	0.0929433	0.101059	0.0755866	0.0543053	0.0213453	0	0	0	0	0	0	0	0	0.0144843	0.0261129	0.0839185	0.108068	0.095469	0.147594	0.114313	0.136427	0.169253	0.184107	0.22074	0.217214	0.181448	0.187872	0.1335	0.0971344	0.15477	0.182319	0.141145	0.119888	0.0965861	0.0448466	0	0	0	0.00724216	0.0365548	0.125958	0.154682	0.165917	0.220714	0.201443	0.188698	0.197757	0.178418	0.152846	0.125361	0.104084	0.147402	0.161721	0.161721	0.177458	0.213085	0.246005	0.262943	0.279024	0.32372	0.350588	0.325056	0.343046	0.383059	0.383919	0.431416	0.438493	0.421007
0.459801	0.468828	0.468247	0.433975	0.400109	0.400532	0.410377	0.425306	0.420363	0.408283	0.408494	0.396398	0.373778	0.368071	0.383483	0.412347	0.42944	0.434886	0.400521	0.385861	0.362829	0.299326	0.278456	0.271561	0.267483	0.231519	0.210893	0.217219	0.207563	0.215546	0.215546	0.215546	0.215546	0.215546	0.236835	0.265356	0.233874	0.222178	0.254889	0.310433	0.359603	0.351286	0.367397	0.392833	0.346203	0.318251	0.302595	0.265356	0.277722	0.311641	0.323317	0.324413	0.32805	0.318725	0.323317	0.323317	0.310521	0.256042	0.197614	0.205631	0.20547	0.226634	0.222359	0.194582	0.231012	0.220335	0.215546	0.215546	0.217223	0.240983	0.230201	0.222178	0.2691	0.295776	0.2916	0.298048	0.269424	0.239713	0.243079	0.216648	0.205631	0.162951	0.13754	0.107773	0.107773	0.107773	0.107773	0.107773	0.107773	0.107773	0.107773	0.150615	0.200268	0.215546	0.215546	0.203055	0.166634	0.128411	0.153599	0.18217	0.166634	0.133347	0.162776	0.225194	0.278697	0.349104	0.370294	0.348319	0.336937	0.325145	0.313783	0.287891	0.280318	0.266718	0.267725	0.27772	0.283218	0.335564	0.366462	0.349407	0.357172	0.355318	0.327619	0.312652	0.3267	0.336937	0.296833	0.263515	0.253104	0.23127	0.215546	0.192884	0.140647	0.107773	0.107773	0.150615	0.200268	0.215546	0.215546	0.245281	0.278697	0.27772	0.290806	0.290183	0.286047	0.262214	0.224805	0.206013	0.168083	0.176481	0.15918	0.13471	0.1285	0.107773	0.0903692	0.0485701	0.0182607	0.0785481	0.101024	0.107773	0.114942	0.153599	0.197697	0.222929	0.264673	0.307268	0.310521	0.303535	0.308961	0.343456	0.379358	0.355373	0.336662	0.356533	0.400518	0.381016	0.350162	0.322239	0.269257	0.274463	0.217849	0.183209	0.200268	0.192884	0.11109	0.0301231	0.0485701	0.120487	0.10857	0.078551	0.0980746	0.0952553	0.0542816	0	0	0	0	0	0	0	0	0.0365214	0.0377143	0.0798073	0.0937174	0.13817	0.172516	0.145092	0.171968	0.214978	0.235585	0.228423	0.231199	0.216436	0.195972	0.14223	0.13754	0.183229	0.185994	0.162214	0.116196	0.0673564	0.0240614	0	0	0	0.0182607	0.0785481	0.145084	0.17514	0.199692	0.211157	0.210851	0.17497	0.153589	0.154642	0.130513	0.0952553	0.14264	0.201731	0.215546	0.215546	0.241076	0.29081	0.320213	0.340268	0.365386	0.3978	0.410919	0.385172	0.404132	0.438582	0.469328	0.533756	0.527482	0.508341
0.468436	0.471256	0.440834	0.383489	0.359436	0.366511	0.389486	0.398434	0.363417	0.350153	0.349513	0.34435	0.338861	0.335434	0.359913	0.407274	0.427526	0.422278	0.35763	0.338336	0.319311	0.240075	0.227609	0.188976	0.200851	0.212339	0.235413	0.273223	0.288754	0.29626	0.29626	0.286469	0.256926	0.230871	0.248385	0.259007	0.225507	0.222093	0.254602	0.292665	0.319356	0.300732	0.319389	0.341692	0.29297	0.27122	0.252629	0.219478	0.202048	0.172848	0.161598	0.186429	0.226338	0.236824	0.242396	0.242396	0.23892	0.238055	0.236411	0.259851	0.252272	0.261499	0.238284	0.205402	0.230922	0.170085	0.156176	0.196305	0.211474	0.204686	0.183565	0.186083	0.224352	0.231624	0.214705	0.233928	0.217551	0.201395	0.218043	0.206686	0.206011	0.157446	0.151535	0.112965	0.107732	0.107732	0.107732	0.107732	0.107732	0.107732	0.123737	0.1764	0.166833	0.134665	0.134665	0.131473	0.121654	0.112865	0.127703	0.16745	0.19278	0.190014	0.213638	0.246429	0.260135	0.316586	0.321871	0.278802	0.277153	0.267394	0.263897	0.273068	0.29574	0.297589	0.313618	0.324366	0.333034	0.37204	0.359942	0.354335	0.373589	0.355695	0.348396	0.355253	0.350879	0.332233	0.293424	0.283206	0.267775	0.231772	0.215463	0.208838	0.19538	0.18853	0.18853	0.219834	0.231877	0.215463	0.225929	0.260993	0.277556	0.267717	0.273729	0.261813	0.24666	0.23615	0.217773	0.194089	0.154577	0.164697	0.152367	0.118936	0.1016	0.0608192	0.0886423	0.0877908	0.079893	0.100832	0.0709448	0.026933	0.0397295	0.0787271	0.119681	0.150766	0.193537	0.205599	0.219975	0.254423	0.273793	0.284867	0.286953	0.263003	0.285106	0.316648	0.353239	0.306497	0.254344	0.252215	0.222906	0.21619	0.127406	0.121531	0.0933032	0.0820561	0.0842726	0.0151676	0.0233572	0.10901	0.0910837	0.0182547	0.0428871	0.101849	0.0614084	0.00723663	0.0102345	0.00723663	0	0.021329	0.0542639	0.0758545	0.080799	0.0844951	0.0669506	0.0854754	0.098037	0.150147	0.157379	0.133577	0.18643	0.219014	0.20948	0.177141	0.201346	0.18573	0.12716	0.0979214	0.112087	0.117774	0.123699	0.112249	0.0404376	0.0148154	0.0045705	0	0	0	0.0437116	0.122096	0.143324	0.171739	0.177527	0.156912	0.173442	0.135426	0.121467	0.13587	0.159453	0.203515	0.251045	0.258573	0.276799	0.301421	0.333114	0.377309	0.407351	0.439976	0.449495	0.454236	0.462882	0.447954	0.471115	0.500956	0.535136	0.564689	0.492206	0.436678
0.468329	0.455619	0.406954	0.362075	0.351554	0.36438	0.386889	0.383711	0.338395	0.322682	0.324897	0.328314	0.328931	0.313899	0.345139	0.413636	0.425656	0.407902	0.336095	0.324176	0.29015	0.216483	0.205622	0.159138	0.170995	0.2029	0.237529	0.285556	0.316496	0.32307	0.32307	0.311403	0.27751	0.236183	0.255037	0.252438	0.222335	0.222009	0.253982	0.271465	0.306949	0.300361	0.304582	0.310457	0.269052	0.256773	0.238146	0.205474	0.165084	0.122868	0.107691	0.131451	0.179596	0.208888	0.215381	0.215381	0.215381	0.229708	0.249611	0.277508	0.265044	0.262014	0.23953	0.20238	0.207454	0.142121	0.1505	0.200115	0.208888	0.179596	0.168667	0.18358	0.190594	0.196779	0.194132	0.217044	0.212011	0.212013	0.210266	0.209402	0.205474	0.162785	0.160946	0.115672	0.107691	0.107691	0.107691	0.107691	0.107691	0.107691	0.137435	0.183089	0.14015	0.107691	0.107691	0.107691	0.107691	0.107691	0.125667	0.174996	0.204749	0.208888	0.228838	0.257888	0.253982	0.290537	0.306949	0.264127	0.258575	0.243214	0.248206	0.295218	0.306388	0.317333	0.341623	0.340543	0.352567	0.386889	0.355047	0.360696	0.379068	0.353184	0.360696	0.368077	0.348036	0.322682	0.290655	0.289962	0.266189	0.229708	0.215381	0.215381	0.215381	0.215381	0.215381	0.240799	0.240799	0.215381	0.231343	0.265153	0.276919	0.265153	0.263555	0.252911	0.227662	0.228838	0.217472	0.179596	0.142709	0.162091	0.146023	0.0903003	0.0664872	0.0784881	0.100947	0.107691	0.101451	0.078491	0.0365119	0	0.0364935	0.0861908	0.0999678	0.135571	0.172384	0.186962	0.200115	0.242658	0.266515	0.265153	0.252438	0.231094	0.269218	0.304582	0.31386	0.250382	0.210996	0.235076	0.21069	0.162644	0.0972683	0.110997	0.0398426	0.103354	0.0785223	0.0120215	0.0542402	0.115006	0.0607923	0	0.0798572	0.115006	0.0365119	0.0182468	0.0134614	0.0182468	0	0.0542402	0.0951826	0.102375	0.107691	0.0964252	0.0747046	0.0833194	0.101451	0.152292	0.152292	0.134555	0.212013	0.211809	0.185852	0.162091	0.184366	0.159058	0.0834114	0.102504	0.105132	0.0742145	0.110997	0.0929425	0.0120215	0	0	0	0	0	0.0798572	0.151494	0.132802	0.170262	0.141621	0.127604	0.142144	0.132323	0.126987	0.113056	0.175117	0.25555	0.279147	0.280095	0.303699	0.330236	0.368301	0.414913	0.44383	0.475734	0.473551	0.469893	0.48159	0.47017	0.494215	0.522718	0.554993	0.557978	0.455484	0.395515
0.34748	0.339361	0.313745	0.304034	0.297115	0.294802	0.294537	0.265357	0.222837	0.230182	0.24623	0.261874	0.257314	0.247421	0.312329	0.389096	0.380659	0.357449	0.290788	0.278266	0.236317	0.172497	0.165427	0.135563	0.146685	0.158278	0.166666	0.178556	0.186779	0.188387	0.188387	0.196513	0.219729	0.211073	0.220103	0.190561	0.163097	0.170208	0.210185	0.228395	0.278266	0.279404	0.266123	0.261257	0.235269	0.228501	0.199046	0.150524	0.10048	0.0991523	0.121851	0.139769	0.151666	0.159868	0.161474	0.161474	0.161474	0.178453	0.209406	0.225178	0.193552	0.198543	0.193628	0.156593	0.174528	0.146117	0.154889	0.143983	0.120438	0.139528	0.152277	0.14639	0.126742	0.156916	0.173232	0.195909	0.196577	0.195687	0.158188	0.147132	0.110119	0.0810067	0.116549	0.123291	0.134562	0.124755	0.101548	0.0840289	0.0807373	0.0840289	0.124252	0.145401	0.0937922	0.0807373	0.0807373	0.0807373	0.0807373	0.0807373	0.0889267	0.119951	0.101888	0.111096	0.164864	0.198925	0.190529	0.232361	0.264659	0.214802	0.200359	0.193145	0.219693	0.281761	0.2525	0.263842	0.26886	0.233124	0.253298	0.274656	0.220721	0.233125	0.242531	0.229109	0.252875	0.249125	0.24195	0.22448	0.187577	0.174989	0.133883	0.110926	0.10765	0.10765	0.110926	0.128273	0.151593	0.175443	0.16778	0.145747	0.184858	0.212099	0.207102	0.188723	0.183764	0.161614	0.128057	0.154921	0.132708	0.0979235	0.0881737	0.1136	0.0959062	0.0577365	0.0504355	0.0746703	0.0648772	0.0239021	0.017357	0.0182398	0.00723111	0.00456702	0.0596236	0.10215	0.0718018	0.105654	0.130477	0.16135	0.142719	0.152251	0.169217	0.142339	0.12844	0.119908	0.184737	0.230739	0.235372	0.182476	0.166969	0.207841	0.178942	0.104974	0.0905451	0.108826	0.0542778	0.130077	0.083803	0.0554632	0.100786	0.128975	0.0686443	0.0609256	0.125511	0.123261	0.0591596	0.0563294	0.0411222	0.0395964	0.00456702	0.0795837	0.103717	0.0361158	0.0385213	0.059778	0.0690659	0.0740919	0.0933329	0.152234	0.137771	0.12388	0.192115	0.143812	0.123605	0.114297	0.138137	0.111151	0.0306828	0.0909784	0.0758144	0.0525705	0.114962	0.0910247	0.0522351	0.0538249	0.0538249	0.0538249	0.0538249	0.0538249	0.118261	0.163157	0.11364	0.158235	0.106788	0.101163	0.116373	0.10628	0.126526	0.143183	0.194083	0.247386	0.258471	0.28126	0.287168	0.300837	0.356914	0.376503	0.364961	0.379972	0.378104	0.382818	0.400021	0.389845	0.424647	0.458278	0.47572	0.438318	0.319421	0.285548
0.397796	0.386539	0.373725	0.373725	0.361103	0.349659	0.338084	0.288767	0.265964	0.277297	0.27723	0.296218	0.282377	0.296218	0.371045	0.411718	0.380946	0.365927	0.32126	0.28596	0.256971	0.205317	0.192835	0.193549	0.208908	0.215217	0.215217	0.215217	0.215217	0.215217	0.215217	0.230245	0.274347	0.302958	0.287549	0.238872	0.215217	0.22184	0.253788	0.269013	0.294991	0.306715	0.300739	0.280419	0.265926	0.252272	0.21045	0.156862	0.115092	0.144871	0.195849	0.215217	0.215217	0.215217	0.215217	0.215217	0.215217	0.248024	0.296852	0.287549	0.238872	0.240616	0.240616	0.203551	0.216888	0.217306	0.195849	0.144871	0.144871	0.195849	0.199225	0.15744	0.13251	0.157371	0.172085	0.190105	0.199444	0.199951	0.165657	0.12689	0.0601515	0.038044	0.107609	0.190227	0.215217	0.199225	0.15744	0.115092	0.107609	0.115092	0.158884	0.158884	0.115092	0.107609	0.107609	0.107609	0.107609	0.107609	0.097925	0.105052	0.105052	0.132783	0.18295	0.204346	0.218958	0.248014	0.261158	0.216351	0.216351	0.233655	0.266687	0.315152	0.289936	0.314005	0.306721	0.276607	0.301276	0.289641	0.253424	0.264951	0.276842	0.283764	0.304053	0.30422	0.296974	0.261171	0.212309	0.170143	0.124013	0.107609	0.107609	0.107609	0.115092	0.15744	0.199225	0.195849	0.181227	0.193549	0.253424	0.266155	0.22985	0.216888	0.20467	0.15744	0.132476	0.161967	0.13251	0.107609	0.101741	0.0861265	0.0907087	0.0861265	0.0752424	0	0.0850717	0.101741	0.0861265	0.0453544	0	0.0147978	0.0850663	0.100229	0.0902271	0.12689	0.134504	0.186857	0.152176	0.152176	0.157371	0.114132	0.119951	0.124009	0.164183	0.215139	0.225465	0.174852	0.144863	0.175743	0.149586	0.0902794	0.119528	0.119951	0.120308	0.172253	0.124013	0.107609	0.148281	0.161967	0.115092	0.124013	0.172253	0.145492	0.107609	0.101741	0.0843986	0.0749488	0.0147978	0.0946586	0.108438	0.0147978	0.0453544	0.0861265	0.101741	0.107609	0.144871	0.193989	0.156315	0.158884	0.17267	0.111703	0.114918	0.0997223	0.122455	0.0946586	0.0147978	0.0672522	0.096407	0.108754	0.142981	0.121095	0.107609	0.107609	0.107609	0.107609	0.107609	0.107609	0.152176	0.164183	0.105052	0.140423	0.0818137	0.0699542	0.114918	0.0843986	0.161413	0.238872	0.302271	0.349514	0.378779	0.404644	0.404644	0.443672	0.510417	0.499977	0.474353	0.494574	0.499818	0.499818	0.505902	0.506117	0.541708	0.567473	0.5447	0.447723	0.337074	0.315082
0.311557	0.308717	0.299154	0.294065	0.278702	0.276065	0.268547	0.220067	0.218818	0.213787	0.208988	0.252167	0.232739	0.267726	0.34133	0.352788	0.324022	0.335154	0.303082	0.240353	0.224196	0.166607	0.152084	0.156177	0.134355	0.13446	0.13446	0.139663	0.148216	0.14665	0.138	0.141343	0.161911	0.178328	0.16888	0.150571	0.151551	0.173188	0.215024	0.228222	0.248828	0.281407	0.276066	0.237721	0.230898	0.208595	0.162022	0.112812	0.0894021	0.140515	0.154367	0.13446	0.13446	0.138	0.148327	0.158158	0.164611	0.204229	0.222567	0.195698	0.171875	0.189443	0.188579	0.151728	0.173495	0.173495	0.142616	0.121759	0.143874	0.154771	0.124661	0.101471	0.0991966	0.133351	0.155734	0.172217	0.191125	0.196243	0.162928	0.099937	0.0392007	0.0404917	0.102325	0.117069	0.107568	0.121892	0.126286	0.0853833	0.0806761	0.0853833	0.126806	0.10483	0.0571024	0.0591148	0.0710448	0.079079	0.0806761	0.0806761	0.074258	0.0855664	0.117597	0.140109	0.142926	0.164602	0.199991	0.21081	0.21814	0.189314	0.208164	0.236143	0.251035	0.282049	0.255718	0.276707	0.243805	0.205517	0.22861	0.204319	0.194455	0.202	0.213678	0.205736	0.20858	0.209424	0.1893	0.172485	0.153242	0.121469	0.0926351	0.0908751	0.102586	0.107568	0.111597	0.146883	0.145279	0.123549	0.140902	0.17811	0.199111	0.175344	0.146781	0.169679	0.145902	0.101471	0.0975867	0.124731	0.080752	0.0537841	0.0506599	0.0364539	0.0773102	0.0889182	0.043645	0.0746134	0.0435881	0.0562866	0.097529	0.072882	0.0268921	0.0338649	0.104334	0.0862363	0.105434	0.134052	0.118151	0.18723	0.128659	0.126842	0.12098	0.0792219	0.112215	0.114157	0.126191	0.184808	0.210529	0.163343	0.112761	0.143605	0.123486	0.0686243	0.122085	0.11646	0.133443	0.14261	0.0876573	0.0806761	0.131616	0.136414	0.0824319	0.0945375	0.12897	0.0856884	0.0521955	0.0407572	0.0736894	0.0957519	0.032237	0.109714	0.114633	0.0412859	0.0886861	0.112088	0.0817487	0.0823054	0.135404	0.152135	0.102263	0.126806	0.106802	0.0661006	0.101061	0.079227	0.109812	0.0915535	0.0342807	0.0486854	0.0711942	0.0936294	0.133794	0.114526	0.104391	0.0946301	0.0842446	0.0806761	0.0806761	0.0806761	0.125048	0.120257	0.0648374	0.109511	0.0640825	0.043645	0.100971	0.0755467	0.150366	0.187749	0.256813	0.28558	0.301263	0.304863	0.317368	0.364078	0.396315	0.372992	0.371179	0.401874	0.38414	0.375724	0.39074	0.398322	0.424531	0.43812	0.39165	0.299927	0.244022	0.240944
0.350483	0.361523	0.339954	0.317135	0.313066	0.324402	0.314358	0.290044	0.292302	0.251093	0.240433	0.285745	0.268808	0.304118	0.365608	0.365608	0.344234	0.365608	0.332271	0.264087	0.230484	0.194138	0.190874	0.162404	0.115496	0.107527	0.107527	0.131251	0.162579	0.157526	0.122681	0.107527	0.107527	0.107527	0.107527	0.131251	0.179322	0.237005	0.276757	0.268699	0.285745	0.311788	0.290628	0.256775	0.244921	0.216317	0.171574	0.125476	0.131251	0.18281	0.149183	0.107527	0.107527	0.122681	0.166253	0.202591	0.229358	0.264749	0.24472	0.215053	0.215053	0.219832	0.216722	0.202591	0.19981	0.193842	0.192443	0.215053	0.19981	0.150271	0.107527	0.107527	0.109916	0.142872	0.176059	0.169383	0.180691	0.207644	0.151264	0.102071	0.0901627	0.102219	0.0950375	0.0541575	0	0.0541575	0.0950375	0.102219	0.107527	0.102219	0.0950375	0.0541575	0	0.0364562	0.0783714	0.101296	0.107527	0.107527	0.107527	0.120217	0.15206	0.148203	0.134402	0.156276	0.18119	0.196204	0.218632	0.204142	0.228685	0.270658	0.285407	0.298854	0.264706	0.2663	0.23167	0.190075	0.209943	0.207137	0.216153	0.227553	0.219994	0.205161	0.203046	0.174729	0.154841	0.179322	0.195146	0.166253	0.128118	0.153248	0.197245	0.215053	0.20902	0.187207	0.137225	0.114679	0.167845	0.223574	0.197804	0.137225	0.139936	0.18281	0.137225	0.107527	0.0998154	0.0860594	0.0364379	0	0	0	0.0541575	0.0950375	0.0872616	0.0783685	0.018219	0.018219	0.0783685	0.100793	0.107527	0.104454	0.138784	0.0966158	0.128116	0.1445	0.119182	0.179348	0.141927	0.120211	0.084145	0.0784026	0.103197	0.110828	0.110828	0.128651	0.19891	0.192224	0.13097	0.160157	0.15206	0.115496	0.162404	0.20127	0.19981	0.150271	0.107527	0.107527	0.140294	0.142872	0.101296	0.0998154	0.0860594	0.0364379	0.0120032	0.0570226	0.104972	0.114799	0.0935032	0.154789	0.16386	0.153248	0.192441	0.162404	0.115496	0.114679	0.161844	0.150243	0.102219	0.0950375	0.0541575	0.0364379	0.0860594	0.112643	0.160157	0.167699	0.122681	0.107527	0.107527	0.125476	0.174729	0.204437	0.202591	0.166253	0.122681	0.107527	0.107527	0.107527	0.104973	0.0723764	0.0364379	0.0903566	0.0911858	0.0544122	0.0723805	0.162404	0.216153	0.246736	0.324689	0.358029	0.360646	0.379442	0.429466	0.469453	0.479639	0.474408	0.498494	0.509287	0.475009	0.463454	0.471772	0.470436	0.451803	0.433417	0.357877	0.290141	0.277085	0.23739
0.357511	0.362648	0.320734	0.300105	0.306248	0.308115	0.283601	0.26522	0.260413	0.229981	0.240341	0.285636	0.270962	0.31123	0.369306	0.360218	0.33521	0.352878	0.308965	0.244438	0.207956	0.202903	0.186083	0.139316	0.112707	0.107486	0.10911	0.143998	0.16241	0.168924	0.146793	0.134357	0.134357	0.134357	0.134357	0.156452	0.195037	0.243836	0.263244	0.247737	0.280814	0.30195	0.275539	0.254262	0.235222	0.207058	0.159456	0.121665	0.147336	0.177862	0.130524	0.111034	0.121376	0.152797	0.200824	0.211853	0.233142	0.264648	0.238316	0.225013	0.236791	0.236012	0.230864	0.211853	0.195857	0.195853	0.192367	0.1881	0.169151	0.12922	0.107486	0.107486	0.113702	0.154282	0.189495	0.154573	0.163218	0.213789	0.127244	0.111993	0.107428	0.0862652	0.0763162	0.0445382	0.0268715	0.0413864	0.0629862	0.0756812	0.0839009	0.0894604	0.0773313	0.0445382	0.0268715	0.0707827	0.100602	0.0797105	0.0875902	0.100992	0.107486	0.115495	0.139928	0.123734	0.128038	0.149024	0.155377	0.190117	0.236944	0.21651	0.224581	0.271873	0.279429	0.27374	0.233495	0.228597	0.215154	0.174252	0.197506	0.213245	0.197173	0.207438	0.18408	0.180863	0.171933	0.12827	0.140485	0.161663	0.15209	0.156222	0.119145	0.151189	0.162918	0.166412	0.173455	0.157633	0.123454	0.114676	0.175962	0.220144	0.152412	0.100561	0.137732	0.154434	0.0968385	0.0806144	0.0713678	0.0453046	0.0144402	0	0	0	0.0217637	0.0648241	0.0849085	0.0606802	0.0268715	0.0223566	0.0542587	0.0936544	0.100992	0.121792	0.15857	0.114862	0.152712	0.154818	0.128747	0.165278	0.176244	0.116866	0.0577862	0.105049	0.0976944	0.110652	0.104351	0.0625242	0.156065	0.187783	0.107752	0.135559	0.13435	0.0858718	0.110261	0.134782	0.11887	0.076595	0.0537429	0.0573427	0.104411	0.115489	0.0541399	0.0408198	0.0134347	0.0409081	0.0606802	0.109536	0.116766	0.126243	0.147239	0.187398	0.195298	0.192638	0.203542	0.16595	0.139556	0.139316	0.168157	0.142654	0.0972746	0.0616731	0.0214023	0.0144402	0.0480958	0.0930799	0.14215	0.174695	0.146793	0.134357	0.134357	0.144642	0.175556	0.200241	0.196954	0.18242	0.146793	0.127816	0.114401	0.107486	0.0877019	0.0394412	0.0072201	0.054768	0.103558	0.0765917	0.110391	0.186983	0.225606	0.27273	0.337856	0.36073	0.338877	0.378545	0.417015	0.434803	0.456797	0.456136	0.47777	0.479367	0.456316	0.454992	0.464822	0.466691	0.432054	0.403724	0.328254	0.286641	0.271196	0.217067
0.377024	0.343194	0.28992	0.277848	0.260768	0.242021	0.209786	0.182651	0.179021	0.192296	0.24025	0.285527	0.279965	0.337344	0.378483	0.333591	0.30344	0.312202	0.264589	0.213429	0.20698	0.208924	0.150156	0.107445	0.107445	0.107445	0.114592	0.156437	0.154945	0.175235	0.204282	0.214889	0.214889	0.214889	0.214889	0.201116	0.205005	0.232019	0.219862	0.215988	0.265901	0.297429	0.275562	0.240274	0.227915	0.198293	0.137121	0.122587	0.167571	0.160035	0.115408	0.122587	0.166127	0.234337	0.264548	0.230814	0.239887	0.264548	0.239078	0.258341	0.303707	0.310692	0.276876	0.230814	0.214889	0.199658	0.150156	0.107445	0.107445	0.107445	0.107445	0.107445	0.13983	0.19399	0.204045	0.160578	0.168812	0.192284	0.108239	0.114743	0.0910749	0.0569791	0.0924246	0.107445	0.107445	0.090094	0.0484222	0	0.0239881	0.0671513	0.096205	0.107445	0.107445	0.100717	0.0783089	0.0182051	0.0484222	0.090094	0.107445	0.0997395	0.0979538	0.102471	0.108239	0.128292	0.136956	0.168674	0.241731	0.214872	0.205045	0.249627	0.262889	0.265222	0.21793	0.188493	0.188493	0.156494	0.177432	0.184176	0.152211	0.156384	0.116831	0.110347	0.0723213	0.0364285	0.101994	0.0840809	0.0263095	0.0859939	0.0888233	0.0949652	0.0541163	0.0364285	0.0783118	0.101219	0.107445	0.110751	0.160035	0.162272	0.0541163	0.0239881	0.110744	0.0885849	0	0	0	0	0	0	0	0	0.0239881	0.0671513	0.096205	0.107445	0.0924246	0.0671532	0.0924246	0.107445	0.090094	0.126437	0.158355	0.158945	0.172274	0.152553	0.124539	0.151366	0.198065	0.117566	0.0663353	0.132021	0.116831	0.110347	0.0723213	0.0606535	0.14021	0.158945	0.0805775	0.107437	0.107437	0	0.0239881	0.0671513	0.096205	0.107445	0.107445	0.096205	0.116831	0.118604	0.102141	0.122587	0.166127	0.202437	0.208861	0.187065	0.157724	0.201453	0.260464	0.276547	0.276808	0.264548	0.236114	0.214889	0.214889	0.208861	0.187065	0.137121	0.0924246	0.0569791	0.0119941	0	0.0364285	0.0783118	0.116527	0.174596	0.204282	0.214889	0.214889	0.214889	0.214889	0.197094	0.177175	0.184734	0.204282	0.192296	0.140219	0.107445	0.101219	0.0783118	0.0364285	0.0182051	0.0783089	0.109268	0.182671	0.199653	0.246908	0.287264	0.323435	0.323435	0.279965	0.337344	0.345149	0.339099	0.389164	0.392382	0.407266	0.409127	0.409039	0.4314	0.456342	0.469096	0.430004	0.361622	0.302107	0.289299	0.250902	0.214889
0.331878	0.303332	0.274128	0.271653	0.248394	0.239968	0.223076	0.192728	0.20068	0.218401	0.245938	0.285758	0.285989	0.347077	0.361673	0.298842	0.290737	0.300633	0.263695	0.227021	0.225856	0.190086	0.129122	0.107404	0.107404	0.109027	0.123776	0.168029	0.15479	0.153253	0.178046	0.187956	0.187956	0.187956	0.193125	0.191078	0.203923	0.230915	0.210452	0.223485	0.265799	0.298144	0.260863	0.206216	0.218454	0.181615	0.125163	0.132747	0.173231	0.144175	0.114314	0.132747	0.182713	0.24124	0.2428	0.21574	0.244273	0.258571	0.230506	0.248622	0.265536	0.258764	0.229387	0.198422	0.187956	0.169022	0.129122	0.112621	0.124501	0.132654	0.134255	0.134255	0.166326	0.190806	0.171304	0.141109	0.149781	0.145166	0.0991065	0.109263	0.0722936	0.0962185	0.0929316	0.080553	0.080553	0.104852	0.0900553	0.026851	0.0522199	0.0968074	0.0842379	0.080553	0.0838371	0.0816239	0.0586698	0.0323574	0.0900553	0.104852	0.080553	0.0713135	0.0596748	0.0991867	0.0816579	0.11224	0.137504	0.147834	0.240532	0.21255	0.193822	0.229584	0.254416	0.291075	0.256595	0.19477	0.191464	0.178568	0.187577	0.169988	0.160229	0.160465	0.114916	0.0817306	0.0330353	0.0709833	0.107459	0.0484037	0.0161328	0.0491275	0.0856753	0.0796498	0.0445043	0.0799845	0.118574	0.101793	0.0988248	0.103161	0.140608	0.110433	0.0258207	0.0424522	0.105582	0.0674843	0	0	0	0	0.00455659	0.0147703	0.0236197	0.026851	0.0522199	0.0968074	0.0842379	0.080553	0.0929316	0.0606833	0.0929316	0.077398	0.102601	0.133745	0.144442	0.212915	0.188267	0.149124	0.123298	0.144897	0.206786	0.13583	0.111571	0.153291	0.13573	0.100903	0.0511222	0.101415	0.145814	0.129398	0.0914141	0.113608	0.107168	0.0323574	0.0691596	0.119246	0.123908	0.131072	0.134255	0.133831	0.15533	0.150056	0.156087	0.172322	0.203994	0.211692	0.21674	0.20817	0.202602	0.269838	0.30836	0.288934	0.285962	0.264521	0.229069	0.214807	0.214807	0.208124	0.175047	0.124219	0.107348	0.0997849	0.0317547	0.0142332	0.0789655	0.116416	0.120384	0.168087	0.204858	0.214807	0.214807	0.214807	0.214807	0.210238	0.199768	0.181826	0.192193	0.19686	0.166326	0.116027	0.0997363	0.108871	0.0722872	0.0169565	0.0562228	0.120819	0.186415	0.209316	0.281291	0.28943	0.312084	0.314766	0.285275	0.349353	0.348705	0.344105	0.406401	0.395296	0.384703	0.377624	0.382254	0.408639	0.425515	0.425515	0.380702	0.325882	0.298686	0.280488	0.235806	0.214807
0.238133	0.240067	0.240067	0.272238	0.276885	0.279226	0.265703	0.241937	0.252142	0.262513	0.264346	0.283332	0.28531	0.331765	0.335489	0.287045	0.303654	0.323188	0.291897	0.240091	0.211368	0.150014	0.107363	0.107363	0.107363	0.114505	0.152068	0.182512	0.137017	0.107363	0.107363	0.107363	0.107363	0.107363	0.131051	0.17905	0.196869	0.20426	0.206822	0.231507	0.265698	0.269731	0.21461	0.161597	0.189326	0.151828	0.114505	0.15329	0.171313	0.125285	0.114505	0.15329	0.194167	0.203889	0.183337	0.17905	0.238801	0.240067	0.208702	0.186922	0.137017	0.107363	0.107363	0.107363	0.107363	0.107363	0.107363	0.131051	0.17905	0.208253	0.214726	0.214726	0.199506	0.152681	0.106684	0.108755	0.114624	0.108156	0.101916	0.0840167	0.0787876	0.114656	0.054075	0	0	0.072266	0.104813	0.107363	0.0996635	0.0859283	0.0363824	0	0.0239698	0.0671001	0.0961318	0.107363	0.104813	0.072266	0	0	0.0181912	0.0782491	0.10064	0.151828	0.180437	0.168033	0.23936	0.21083	0.204434	0.240055	0.264332	0.314138	0.295956	0.237791	0.209989	0.188349	0.197914	0.161031	0.161031	0.15125	0.10819	0.0639605	0.0239698	0.0964685	0.0915184	0.0181912	0	0.0483853	0.0900254	0.107363	0.107363	0.145579	0.161597	0.100714	0.0744773	0.0827041	0.0978791	0.054075	0.0239698	0.0363824	0.0885172	0.0747524	0	0	0	0	0.0239698	0.0671001	0.0961318	0.107363	0.0996635	0.0859283	0.0363824	0	0.054075	0.0402613	0.054075	0.0239698	0.110659	0.1485	0.163645	0.227571	0.214554	0.186216	0.187646	0.211165	0.232062	0.192422	0.183337	0.199862	0.171313	0.125285	0.107363	0.151828	0.171856	0.151828	0.16894	0.182532	0.148956	0.131051	0.177264	0.193992	0.18933	0.202283	0.214726	0.230639	0.276666	0.310456	0.322087	0.310456	0.276666	0.230639	0.244898	0.306099	0.356703	0.408152	0.377901	0.326525	0.314156	0.263666	0.222081	0.214726	0.214726	0.208253	0.17905	0.124843	0.116742	0.13192	0.0796139	0.0687399	0.137872	0.151828	0.150042	0.19215	0.214726	0.214726	0.214726	0.214726	0.214726	0.229325	0.240067	0.206651	0.166	0.171604	0.193992	0.149585	0.104813	0.133946	0.110511	0.0687399	0.0961318	0.145579	0.208763	0.243308	0.290185	0.276653	0.274007	0.295058	0.295537	0.343709	0.346962	0.34683	0.399391	0.36073	0.305065	0.290318	0.301444	0.328362	0.327622	0.294041	0.261797	0.284687	0.298641	0.250711	0.214726	0.214726
0.250264	0.234233	0.236403	0.27769	0.25753	0.253097	0.252337	0.242332	0.257587	0.272246	0.271792	0.286108	0.298471	0.325105	0.334749	0.291786	0.291812	0.302823	0.256286	0.192926	0.16848	0.130722	0.100838	0.107322	0.107322	0.112622	0.149529	0.145105	0.0966912	0.0874569	0.100838	0.107322	0.107322	0.110865	0.147112	0.184307	0.177242	0.196064	0.230044	0.227581	0.251471	0.232806	0.192348	0.159143	0.174054	0.14692	0.115701	0.165557	0.158563	0.117669	0.118301	0.165557	0.197396	0.188018	0.189572	0.18568	0.226744	0.21692	0.182787	0.158775	0.123266	0.107322	0.107322	0.107322	0.107322	0.107322	0.112536	0.149985	0.185023	0.185421	0.187814	0.187814	0.168894	0.124919	0.0921536	0.125129	0.111953	0.0985562	0.105612	0.0483669	0.0916672	0.101095	0.0191073	0.0268306	0.0268306	0.0212099	0.0405909	0.0676779	0.0686158	0.0452357	0.0144182	0.00227656	0.0495569	0.0984013	0.0841738	0.0804917	0.061606	0.0168491	0.0223226	0.0342023	0.0520762	0.0851882	0.111342	0.159263	0.20768	0.203991	0.238653	0.207066	0.205983	0.241421	0.264771	0.31521	0.311966	0.289877	0.237507	0.195021	0.213546	0.162652	0.162588	0.140892	0.10754	0.0805498	0.0538428	0.111822	0.0802948	0.0323328	0.0305185	0.102523	0.123413	0.107322	0.114227	0.162119	0.159855	0.111656	0.0931547	0.0997136	0.0838096	0.0444705	0.0521802	0.027396	0.0544097	0.0913065	0.0268306	0.0268306	0.0268306	0.0268306	0.0521802	0.0967337	0.0841738	0.0804917	0.0712592	0.0452357	0.0144182	0.00720911	0.0218121	0.00509071	0.0196025	0.069107	0.127361	0.17641	0.201014	0.218777	0.245411	0.227023	0.226601	0.232321	0.220651	0.218181	0.205528	0.207877	0.17721	0.146435	0.147452	0.183228	0.197151	0.179868	0.203973	0.190359	0.158999	0.176855	0.216829	0.22118	0.232176	0.235327	0.241474	0.251876	0.282704	0.312195	0.321964	0.312195	0.284428	0.262142	0.295953	0.346001	0.375331	0.410234	0.358667	0.325064	0.314563	0.271055	0.243089	0.227889	0.212928	0.19205	0.176614	0.152173	0.128772	0.140898	0.138015	0.119699	0.152695	0.151941	0.173279	0.194395	0.201609	0.211449	0.214644	0.21304	0.204826	0.212723	0.221924	0.195207	0.171171	0.148499	0.161509	0.151941	0.128536	0.153089	0.148255	0.126073	0.113529	0.1619	0.239121	0.248951	0.272936	0.281234	0.261731	0.306396	0.326213	0.333122	0.348067	0.337941	0.373009	0.334026	0.273393	0.283635	0.301733	0.31923	0.303938	0.259292	0.254554	0.259624	0.247981	0.208907	0.187814	0.187814
0.246435	0.216227	0.227033	0.239908	0.193399	0.201394	0.227033	0.24744	0.274375	0.287672	0.297031	0.333014	0.339177	0.324613	0.328186	0.282275	0.249084	0.234567	0.173844	0.119937	0.108074	0.101838	0.0899567	0.107281	0.107281	0.101985	0.0948204	0.0540338	0	0.0483484	0.0899567	0.107281	0.107281	0.1224	0.167316	0.159791	0.151952	0.216072	0.229957	0.194245	0.211204	0.193393	0.171725	0.151712	0.14745	0.134095	0.126508	0.171728	0.135055	0.107281	0.129398	0.171728	0.19002	0.183197	0.18738	0.171728	0.177897	0.1499	0.107281	0.107281	0.107281	0.107281	0.107281	0.107281	0.107281	0.107281	0.130951	0.178748	0.16047	0.115232	0.107281	0.107281	0.107281	0.107281	0.110582	0.151712	0.134098	0.100563	0.0781895	0.0181773	0.0722111	0.104733	0.107281	0.107281	0.107281	0.107281	0.0960584	0.0670489	0.0239515	0	0	0.0119758	0.0782236	0.102961	0.0363547	0	0.0119758	0.0568923	0.0922838	0.140005	0.192003	0.208094	0.178913	0.182373	0.239908	0.275142	0.291674	0.272711	0.249429	0.246162	0.264186	0.317472	0.33586	0.337683	0.270665	0.230168	0.238346	0.172012	0.170963	0.14417	0.108108	0.115722	0.0994756	0.134095	0.119543	0.107281	0.1224	0.171728	0.148716	0.107281	0.140005	0.193399	0.149928	0.125189	0.141817	0.138163	0.115232	0.107281	0.0995874	0.0700802	0.0148748	0.0819979	0.107281	0.107281	0.107281	0.107281	0.0995874	0.0858628	0.0363547	0	0	0	0	0.036373	0.0781924	0.101065	0.130951	0.177128	0.215659	0.270432	0.285092	0.285092	0.299218	0.273211	0.27988	0.28055	0.264483	0.279038	0.253725	0.231331	0.214424	0.22326	0.271202	0.29487	0.289479	0.276452	0.2472	0.216227	0.234448	0.286531	0.311224	0.324329	0.339247	0.326279	0.321841	0.321841	0.321841	0.321841	0.321841	0.321841	0.328696	0.364298	0.422065	0.427435	0.416354	0.413334	0.35051	0.329829	0.326553	0.315292	0.309104	0.271202	0.213821	0.159791	0.146057	0.156839	0.156951	0.154519	0.170963	0.156255	0.163521	0.162866	0.183665	0.173466	0.165873	0.202128	0.214562	0.208094	0.178913	0.167606	0.171728	0.156928	0.151712	0.12363	0.123626	0.155054	0.170964	0.186073	0.191785	0.175657	0.152564	0.193694	0.231885	0.235149	0.279031	0.297381	0.275142	0.310887	0.318291	0.306072	0.306091	0.282294	0.313899	0.275929	0.228355	0.272711	0.285092	0.267869	0.232551	0.205405	0.208287	0.16047	0.115232	0.107281	0.107281	0.107281
0.177061	0.176733	0.194474	0.182611	0.161412	0.180147	0.194474	0.220725	0.226155	0.233313	0.251631	0.283745	0.263904	0.245562	0.276302	0.241547	0.194832	0.178673	0.134141	0.114525	0.0924486	0.108008	0.105971	0.0804303	0.0804303	0.0755084	0.0540163	0.0212317	0	0.0894161	0.105971	0.0804303	0.0804303	0.100362	0.146744	0.118931	0.140223	0.199566	0.175176	0.154377	0.186684	0.179836	0.156319	0.134044	0.114602	0.123166	0.139618	0.147175	0.0978788	0.0804303	0.114651	0.147175	0.167769	0.166519	0.153996	0.147175	0.147573	0.120945	0.0804303	0.0804303	0.0804303	0.0804303	0.0804303	0.0804303	0.0804303	0.0804303	0.115707	0.154222	0.113609	0.0856757	0.0804303	0.0804303	0.0804303	0.0804303	0.0847803	0.134044	0.113741	0.0671171	0.0363602	0.00720361	0.0284353	0.0635852	0.0804303	0.0804303	0.0804303	0.0804303	0.0829528	0.0960719	0.0446079	0	0	0.022304	0.0991609	0.0892297	0.0144072	0	0.022304	0.0922428	0.0925094	0.133037	0.165536	0.157273	0.156965	0.143754	0.182611	0.240658	0.24782	0.269191	0.27157	0.232822	0.239511	0.292633	0.333671	0.350428	0.273562	0.259022	0.259931	0.1832	0.182633	0.155837	0.107715	0.147997	0.109353	0.123166	0.120173	0.0804303	0.100362	0.146808	0.110453	0.0804303	0.133037	0.161412	0.102529	0.0908928	0.105487	0.101026	0.0856757	0.0804303	0.0712048	0.0669103	0.0776461	0.0552944	0.0804303	0.0804303	0.0804303	0.0804303	0.0712048	0.0452012	0.0144072	0	0	0	0	0.0671124	0.100521	0.0784034	0.115707	0.154792	0.18697	0.253832	0.247164	0.247164	0.248683	0.235547	0.270435	0.260008	0.217311	0.234796	0.200394	0.175819	0.177835	0.178282	0.219385	0.220687	0.225888	0.218944	0.173832	0.177159	0.214508	0.23607	0.251407	0.262197	0.264044	0.247175	0.24129	0.24129	0.24129	0.24129	0.24129	0.24129	0.247338	0.285217	0.337265	0.326374	0.319853	0.311332	0.259692	0.2512	0.254768	0.237192	0.23546	0.219385	0.190244	0.186737	0.14447	0.147232	0.198529	0.177761	0.182633	0.178634	0.182289	0.184621	0.17769	0.160642	0.148599	0.156806	0.16086	0.157273	0.156965	0.147123	0.147175	0.153464	0.134044	0.153124	0.168752	0.178013	0.202473	0.190655	0.193838	0.173017	0.152568	0.173145	0.182687	0.230209	0.300206	0.277808	0.240658	0.264874	0.278776	0.290147	0.27091	0.260786	0.305657	0.276541	0.247333	0.269191	0.247164	0.208537	0.188033	0.193054	0.168225	0.113609	0.0856757	0.0804303	0.0804303	0.0804303
0.228975	0.263943	0.2397	0.216062	0.206936	0.210376	0.218744	0.218126	0.208661	0.237627	0.266814	0.284875	0.252822	0.252822	0.284242	0.236869	0.208661	0.199872	0.144939	0.104652	0.0989177	0.119845	0.0847426	0	0	0.0378993	0.0847479	0.107199	0.121341	0.171597	0.152778	0.107199	0.121341	0.161909	0.174709	0.135663	0.161351	0.191613	0.151597	0.132647	0.161901	0.186626	0.147085	0.0989177	0.0933133	0.123169	0.135654	0.0975458	0.0483115	0.0721601	0.132986	0.151597	0.152775	0.156259	0.152775	0.142122	0.142437	0.132986	0.107199	0.107199	0.107199	0.107199	0.107199	0.107199	0.107199	0.107199	0.105933	0.0898838	0.0483115	0.0721601	0.100722	0.107199	0.107199	0.107199	0.102489	0.104652	0.063557	0	0.0284244	0.0721601	0.100722	0.100722	0.0721601	0.0284244	0	0	0.0423713	0.096623	0.098922	0.0721601	0.0284244	0.051022	0.114481	0.0552453	0.048313	0.0893883	0.102489	0.123536	0.114091	0.152775	0.151597	0.115659	0.167897	0.203439	0.2397	0.284875	0.284875	0.32339	0.336448	0.286755	0.275903	0.300953	0.32338	0.352594	0.302291	0.288774	0.267976	0.194399	0.188062	0.168687	0.135654	0.165465	0.128868	0.154236	0.151597	0.121341	0.161909	0.174709	0.153074	0.176248	0.200772	0.156265	0.107199	0.121341	0.163017	0.174713	0.136652	0.107199	0.0847479	0.0781298	0.096623	0.10205	0.107199	0.107199	0.0893883	0.048313	0.00947482	0	0.0378993	0.0847479	0.121341	0.163017	0.201444	0.203439	0.167897	0.139898	0.204536	0.255121	0.294181	0.352609	0.347483	0.35867	0.397717	0.425631	0.429722	0.381473	0.336061	0.356664	0.347488	0.352619	0.356164	0.352619	0.36451	0.337398	0.322151	0.313679	0.32603	0.36451	0.374829	0.387083	0.389858	0.360174	0.338988	0.333786	0.362785	0.381951	0.349423	0.321595	0.321595	0.321595	0.315536	0.317802	0.317658	0.29737	0.30112	0.266988	0.236878	0.237445	0.186637	0.121341	0.117199	0.143378	0.158823	0.19919	0.156831	0.155392	0.20779	0.181998	0.19532	0.194399	0.187584	0.187584	0.160786	0.133989	0.107191	0.0535955	0	0.0267978	0.107191	0.100715	0.108025	0.128866	0.11565	0.181008	0.204963	0.203425	0.233041	0.221793	0.216054	0.211859	0.227394	0.267989	0.275914	0.294329	0.328892	0.262054	0.213757	0.23072	0.241553	0.28439	0.288622	0.294169	0.317643	0.272793	0.250133	0.237429	0.178764	0.144621	0.131624	0.127465	0.114481	0.051022	0.0189496	0.0599254	0.0947516	0.107199
0.252727	0.263843	0.220912	0.21598	0.200696	0.202474	0.227506	0.200916	0.217837	0.265361	0.275317	0.284766	0.252727	0.252727	0.265869	0.210297	0.217837	0.191545	0.123494	0.0721328	0.110855	0.119799	0.0378849	0	0	0.0847103	0.113654	0.107159	0.127074	0.171532	0.137906	0.107159	0.127074	0.174643	0.161848	0.131583	0.161289	0.180945	0.151539	0.115224	0.1379	0.211775	0.135605	0.0662985	0.105888	0.135603	0.123122	0.0721285	0.0721285	0.104612	0.142068	0.151539	0.132597	0.1562	0.174637	0.132935	0.142383	0.142068	0.107159	0.107159	0.107159	0.107159	0.107159	0.107159	0.107159	0.107159	0.0893545	0.0482947	0.0721285	0.104612	0.102451	0.107159	0.107159	0.107159	0.100684	0.0721328	0.0284137	0	0.0635327	0.104612	0.102451	0.102451	0.104612	0.0635327	0	0	0.0189424	0.0599027	0.0932834	0.104612	0.0635327	0.0893479	0.114437	0.0133949	0.0898496	0.105893	0.100684	0.104614	0.124573	0.174637	0.151539	0.114053	0.149759	0.195261	0.239609	0.284766	0.284766	0.333644	0.34734	0.308353	0.323676	0.339498	0.310231	0.339498	0.354615	0.328758	0.267874	0.207711	0.18799	0.181928	0.173862	0.153008	0.140796	0.188708	0.151539	0.127074	0.174643	0.161848	0.15877	0.191782	0.186808	0.136601	0.107159	0.127074	0.179708	0.178709	0.156206	0.107159	0.113654	0.102005	0.0599027	0.0947158	0.107159	0.107159	0.105893	0.0898496	0.0211776	0	0.0847103	0.113654	0.127074	0.179708	0.204901	0.195261	0.149759	0.149756	0.236969	0.277267	0.308362	0.361024	0.355013	0.365962	0.428824	0.438753	0.410338	0.362519	0.335934	0.363011	0.351974	0.35603	0.352485	0.35603	0.364373	0.335136	0.315274	0.31356	0.33886	0.364373	0.369383	0.404613	0.385545	0.349418	0.33886	0.336337	0.370477	0.382277	0.357414	0.321474	0.321474	0.321474	0.314848	0.313704	0.30603	0.30264	0.301006	0.255907	0.23905	0.23123	0.174647	0.121295	0.124576	0.154178	0.17074	0.199114	0.182176	0.195246	0.194324	0.168623	0.208573	0.207711	0.187512	0.187512	0.160725	0.133937	0.10715	0.0535751	0	0.0267875	0.10715	0.0873167	0.107984	0.115606	0.128817	0.221098	0.231212	0.216176	0.245695	0.246243	0.215971	0.234299	0.267881	0.303076	0.27581	0.269391	0.296036	0.229075	0.202468	0.218654	0.216384	0.297238	0.338837	0.317522	0.294057	0.236774	0.237528	0.211775	0.152713	0.157626	0.11867	0.0606429	0.114437	0.0893479	0.0423552	0.0965862	0.102011	0.107159
0.199986	0.168411	0.1453	0.177632	0.168645	0.170922	0.192792	0.167781	0.206764	0.24367	0.236623	0.227402	0.179898	0.172947	0.174092	0.13389	0.159652	0.118351	0.0670406	0.0803386	0.105849	0.0893138	0	0.0212074	0.0539546	0.10737	0.0954916	0.0363187	0.0806958	0.123025	0.0948043	0.0803386	0.110327	0.14664	0.100248	0.0783139	0.128043	0.158039	0.13389	0.0965525	0.105849	0.184226	0.109026	0.0353324	0.0954916	0.136519	0.123807	0.0704903	0.0910776	0.109026	0.109026	0.115045	0.0988854	0.149274	0.158856	0.0966682	0.111609	0.107885	0.0539546	0.0754222	0.0803386	0.0803386	0.0803386	0.0803386	0.0803386	0.0803386	0.0803386	0.0803386	0.0924038	0.0921373	0.0418232	0.0539546	0.0571675	0.0284028	0	0	0.0143908	0.0451496	0.114471	0.13389	0.0846836	0.0881371	0.140063	0.14359	0.0965072	0.0803386	0.0803386	0.0711236	0.0617859	0.105277	0.0948045	0.118351	0.112936	0.0977672	0.147007	0.11452	0.085578	0.118795	0.167781	0.192834	0.132566	0.0803386	0.0803386	0.0803386	0.132566	0.217501	0.223761	0.279563	0.30894	0.284346	0.338116	0.368183	0.311555	0.336667	0.387344	0.357251	0.285919	0.232555	0.214599	0.225965	0.222917	0.187318	0.201104	0.219314	0.161228	0.145037	0.176531	0.170128	0.19558	0.20338	0.167178	0.160677	0.160677	0.169367	0.172359	0.141232	0.170922	0.131953	0.153832	0.14664	0.0907892	0.0803386	0.0803386	0.0635127	0.0863517	0.120913	0.151709	0.176312	0.218694	0.212139	0.201546	0.214372	0.182495	0.191991	0.231977	0.276593	0.329952	0.329579	0.322435	0.341119	0.322453	0.322453	0.373426	0.326518	0.265849	0.249459	0.249828	0.26108	0.224785	0.209881	0.18455	0.193104	0.193104	0.165843	0.198088	0.247986	0.280787	0.273073	0.277768	0.315271	0.254477	0.243105	0.263742	0.266998	0.263027	0.224263	0.244068	0.226515	0.191991	0.176015	0.202114	0.228834	0.209835	0.195651	0.176531	0.150844	0.156628	0.136965	0.146877	0.141797	0.142195	0.153455	0.174606	0.201342	0.18176	0.209664	0.203932	0.17963	0.228787	0.228787	0.203932	0.201371	0.184406	0.160458	0.148429	0.147543	0.120937	0.125712	0.154615	0.136478	0.167781	0.190052	0.223482	0.29429	0.302508	0.287257	0.307299	0.300529	0.26778	0.294321	0.28578	0.262143	0.194486	0.208345	0.246804	0.192792	0.201605	0.236623	0.241271	0.310662	0.337042	0.284733	0.244011	0.191902	0.21236	0.195483	0.133491	0.130673	0.104927	0.054722	0.101803	0.105849	0.0948043	0.123025	0.0806958	0.0363187
0.220923	0.208208	0.196743	0.214016	0.217041	0.201422	0.204682	0.213237	0.236789	0.258666	0.281351	0.248806	0.204143	0.193325	0.16849	0.151424	0.140677	0.126263	0.100372	0.107077	0.0897855	0.0482563	0	0.0539309	0.0946399	0.093112	0.066108	0.0780406	0.101858	0.133839	0.12767	0.107077	0.148433	0.171401	0.122167	0.100872	0.142274	0.181072	0.151424	0.119714	0.0897855	0.114279	0.110364	0.0480281	0.066108	0.131568	0.15013	0.106042	0.114811	0.110364	0.110364	0.128369	0.125487	0.167237	0.143918	0.114318	0.108465	0.101644	0.0946399	0.101791	0.107077	0.107077	0.107077	0.107077	0.107077	0.107077	0.107077	0.107077	0.0921081	0.056784	0.0656628	0.0946399	0.0890208	0.0720735	0	0	0.0362854	0.0856993	0.147169	0.151424	0.110372	0.1142	0.151663	0.182025	0.136651	0.107077	0.107077	0.0993979	0.0976182	0.0912372	0.104532	0.126263	0.104017	0.134798	0.171401	0.129152	0.115012	0.159487	0.213237	0.205014	0.139351	0.107077	0.107077	0.107077	0.139351	0.238294	0.269328	0.288292	0.327083	0.31191	0.374199	0.414883	0.347659	0.363377	0.404258	0.36407	0.306434	0.245693	0.240126	0.265185	0.247194	0.22517	0.251019	0.226947	0.193031	0.194415	0.215816	0.232125	0.253583	0.250999	0.221068	0.214154	0.214154	0.220743	0.202278	0.182049	0.201422	0.186424	0.187377	0.171401	0.124951	0.107077	0.107077	0.104534	0.0815349	0.136497	0.200872	0.239519	0.275926	0.263717	0.268861	0.264671	0.237083	0.262964	0.315033	0.366202	0.407065	0.406819	0.393542	0.393838	0.386057	0.386057	0.419496	0.375346	0.321668	0.311312	0.311542	0.294916	0.27534	0.263642	0.232364	0.239427	0.239427	0.221489	0.268409	0.327867	0.362303	0.351324	0.348158	0.371279	0.325931	0.322318	0.338601	0.353507	0.33284	0.300609	0.306501	0.305283	0.262964	0.234837	0.275928	0.294677	0.257457	0.22354	0.215816	0.203582	0.201744	0.180964	0.188429	0.196345	0.207583	0.174009	0.192128	0.226965	0.162704	0.18572	0.215807	0.193025	0.239415	0.239415	0.215807	0.204977	0.200759	0.173136	0.165558	0.193728	0.164118	0.171442	0.176791	0.167706	0.213237	0.250043	0.282577	0.324124	0.348289	0.338268	0.350292	0.334284	0.320972	0.348539	0.297177	0.255702	0.241192	0.261162	0.254142	0.204682	0.234513	0.281351	0.281738	0.303927	0.293678	0.254717	0.246258	0.195383	0.20328	0.209014	0.126004	0.0604937	0.0908042	0.0899785	0.0840844	0.0897855	0.12767	0.133839	0.101858	0.0780406
0.182931	0.184427	0.15879	0.159844	0.162643	0.142046	0.168049	0.193021	0.199088	0.226166	0.250096	0.180897	0.140535	0.137993	0.120814	0.133788	0.108842	0.106054	0.0725217	0.0267591	0.0211548	0.0283812	0.0423095	0.0904474	0.1187	0.0770723	0.0695323	0.1187	0.106448	0.129733	0.12892	0.0910155	0.146825	0.137365	0.0838282	0.0820244	0.135739	0.16693	0.107863	0.0575445	0.0211548	0.0635092	0.10722	0.0551426	0.0425057	0.113073	0.151258	0.1335	0.137838	0.11412	0.10967	0.132651	0.142605	0.162493	0.118607	0.109046	0.0847659	0.0900289	0.0984923	0.03591	0.0267591	0.0267591	0.0267591	0.0267591	0.0267591	0.0267591	0.0267591	0.0267591	0.0222631	0.0119488	0.0669693	0.0884787	0.0677752	0.0907127	0.0238975	0.0445262	0.0852648	0.142631	0.166335	0.137365	0.0869307	0.0818986	0.0963217	0.145269	0.144561	0.121157	0.0946075	0.0940702	0.129889	0.107574	0.115996	0.139424	0.128404	0.143758	0.142221	0.0909118	0.0856586	0.135225	0.16946	0.123795	0.0748088	0.0704624	0.0619377	0.0383018	0.0460137	0.183122	0.25868	0.279347	0.329479	0.324545	0.404406	0.45513	0.384542	0.395234	0.416843	0.36367	0.314868	0.253135	0.250131	0.274441	0.239161	0.217706	0.239716	0.193572	0.187208	0.192957	0.198784	0.210749	0.202017	0.186162	0.162168	0.160554	0.160554	0.160832	0.141484	0.144534	0.155798	0.169397	0.180253	0.161846	0.131771	0.100969	0.0835501	0.122985	0.106142	0.157664	0.15714	0.19236	0.222477	0.216858	0.233133	0.226091	0.224635	0.251786	0.264111	0.285783	0.313489	0.312803	0.30673	0.320621	0.322902	0.317297	0.336663	0.281697	0.224663	0.222415	0.222362	0.205362	0.200095	0.177926	0.153066	0.177973	0.176397	0.156041	0.207432	0.246073	0.253638	0.211835	0.216786	0.264899	0.212951	0.21048	0.231795	0.243141	0.196953	0.19435	0.180986	0.195294	0.191831	0.156746	0.170715	0.140531	0.120555	0.135203	0.156572	0.11881	0.103875	0.0864347	0.060591	0.109078	0.199019	0.162813	0.191101	0.229469	0.140632	0.147422	0.196985	0.176491	0.218604	0.233237	0.217862	0.201825	0.211055	0.176484	0.147594	0.176033	0.179059	0.20084	0.204441	0.213172	0.250549	0.272838	0.293881	0.316949	0.343666	0.331317	0.333828	0.310064	0.297889	0.300699	0.228395	0.218001	0.236566	0.241789	0.203548	0.168973	0.210171	0.248694	0.228591	0.231026	0.227689	0.22344	0.243913	0.183992	0.183387	0.198812	0.099388	0.0520557	0.0831519	0.109973	0.0770359	0.0390069	0.0973382	0.116717	0.0920212	0.100472
0.212645	0.22251	0.203503	0.192632	0.179434	0.179195	0.204147	0.209251	0.21771	0.252565	0.230089	0.163247	0.148256	0.142166	0.137388	0.151308	0.120404	0.0856356	0.0450957	0	0	0.0598085	0.0964421	0.120404	0.142166	0.108134	0.110288	0.151308	0.13374	0.151308	0.151308	0.133322	0.181907	0.143454	0.106996	0.114436	0.161044	0.156884	0.0756542	0.0299042	0	0.0534934	0.106987	0.0669342	0.0745214	0.134808	0.144534	0.15412	0.158695	0.126167	0.111066	0.129392	0.169162	0.158695	0.119617	0.104904	0.0749999	0.0996574	0.0845812	0.0147134	0	0	0	0	0	0	0	0	0	0	0.0450957	0.0856356	0.0839175	0.0745214	0.0668688	0.0958575	0.144663	0.213015	0.206156	0.155424	0.114436	0.106996	0.114436	0.156542	0.19809	0.194733	0.144045	0.123306	0.167578	0.167578	0.155653	0.18191	0.207717	0.19809	0.156542	0.114436	0.110288	0.151308	0.148689	0.0964391	0.0897647	0.0879976	0.0856356	0.0450957	0.0551401	0.161036	0.24109	0.307925	0.362355	0.35355	0.43806	0.481924	0.423406	0.447253	0.44225	0.379732	0.342205	0.304966	0.29331	0.313355	0.288283	0.267479	0.284333	0.251238	0.251278	0.263308	0.263441	0.263308	0.251278	0.230508	0.21399	0.21399	0.21399	0.202391	0.18103	0.189142	0.205046	0.216846	0.21935	0.203503	0.192632	0.156542	0.114436	0.144045	0.173868	0.215651	0.217738	0.252178	0.287404	0.289629	0.311618	0.317902	0.33015	0.351057	0.351057	0.36011	0.370808	0.371595	0.383207	0.39493	0.383207	0.372711	0.353081	0.291715	0.252341	0.252341	0.252341	0.239244	0.215458	0.191736	0.192446	0.2035	0.204147	0.20522	0.239576	0.260626	0.265167	0.228102	0.239576	0.284333	0.239244	0.251278	0.27503	0.275264	0.227365	0.22757	0.207717	0.22757	0.227361	0.194408	0.169173	0.123306	0.114436	0.155968	0.168922	0.123306	0.106996	0.0964421	0.0695553	0.10782	0.174249	0.162694	0.201334	0.203631	0.134808	0.14083	0.194616	0.185792	0.200606	0.2466	0.250463	0.241104	0.267479	0.239244	0.21399	0.237511	0.268821	0.302486	0.317902	0.330861	0.347132	0.360106	0.398661	0.408289	0.411993	0.414806	0.411993	0.384057	0.360106	0.3265	0.27539	0.27539	0.278295	0.284333	0.239576	0.20371	0.213015	0.23034	0.218872	0.213912	0.209177	0.220559	0.246592	0.16542	0.161036	0.162694	0.0964421	0.101161	0.113481	0.119267	0.104453	0.0598085	0.0598085	0.119617	0.104904	0.0964391
0.195013	0.190509	0.16589	0.155238	0.161053	0.187993	0.198632	0.201599	0.22196	0.248296	0.189607	0.151545	0.162403	0.146783	0.142176	0.146783	0.117024	0.0881874	0.0644441	0.0534775	0.0534775	0.0964023	0.100856	0.0896161	0.121702	0.0904901	0.101817	0.151251	0.143054	0.160982	0.16589	0.158829	0.173383	0.124808	0.106955	0.108769	0.132344	0.100479	0.0298943	0.00945319	0.0143688	0.065941	0.103508	0.084211	0.106037	0.138045	0.132153	0.166958	0.173646	0.139246	0.127807	0.152272	0.200773	0.153815	0.111394	0.0900373	0.0735576	0.103737	0.0570165	0.0189064	0.0362461	0.0503711	0.0534775	0.0422773	0.0189064	0	0	0	0	0	0.0143688	0.040925	0.0678483	0.0769795	0.119177	0.119856	0.151547	0.210612	0.165491	0.124367	0.117266	0.13436	0.156995	0.180714	0.194651	0.203065	0.183676	0.160988	0.173799	0.185729	0.175718	0.176374	0.167917	0.150614	0.127445	0.11021	0.106061	0.127523	0.0964772	0.0570165	0.0802096	0.0209723	0.100215	0.0995684	0.123255	0.181833	0.260083	0.357427	0.424922	0.419949	0.489058	0.522409	0.471156	0.487369	0.452751	0.390959	0.364094	0.341488	0.307183	0.312282	0.288166	0.256807	0.260322	0.225224	0.229463	0.243411	0.237757	0.242342	0.239153	0.222135	0.213909	0.213909	0.213909	0.207332	0.184242	0.161946	0.172122	0.204448	0.209896	0.195909	0.191286	0.183676	0.161647	0.174315	0.202314	0.243462	0.258759	0.290633	0.31682	0.301975	0.32733	0.333825	0.341947	0.359163	0.348688	0.349	0.343183	0.334521	0.353583	0.357852	0.344104	0.329178	0.283897	0.244192	0.234485	0.225967	0.2199	0.204069	0.171089	0.170492	0.184171	0.179542	0.193752	0.18258	0.191972	0.213094	0.220748	0.188749	0.203274	0.251407	0.207874	0.230867	0.246457	0.228637	0.188213	0.205629	0.16501	0.183041	0.18156	0.124195	0.0871575	0.0605323	0.0703315	0.128569	0.108901	0.0605323	0.0422773	0.094528	0.110622	0.10886	0.137202	0.158082	0.205025	0.174412	0.121215	0.12028	0.181337	0.188357	0.170157	0.217871	0.226929	0.215569	0.261465	0.270704	0.267385	0.277732	0.301075	0.334162	0.346896	0.366692	0.393535	0.412307	0.443089	0.416442	0.407106	0.414648	0.396572	0.355652	0.328195	0.299182	0.276566	0.270925	0.262575	0.269889	0.21995	0.194656	0.197633	0.213794	0.219182	0.212559	0.197251	0.2118	0.226115	0.133684	0.138809	0.123884	0.0891844	0.0867973	0.115001	0.108995	0.132436	0.127887	0.0748557	0.122576	0.115833	0.0949107
0.170514	0.149407	0.149407	0.136918	0.155849	0.195318	0.192737	0.205999	0.222341	0.223107	0.165629	0.151193	0.171137	0.151193	0.137283	0.142057	0.120313	0.106914	0.106914	0.106914	0.106914	0.0963687	0.0744647	0.0845168	0.0995816	0.0896444	0.113395	0.151193	0.160921	0.17114	0.184986	0.180057	0.155305	0.114349	0.106914	0.101084	0.0855704	0.0450614	0	0	0.0450614	0.0963656	0.0959214	0.104346	0.119526	0.129293	0.144424	0.173723	0.188385	0.163122	0.160921	0.198666	0.217544	0.146984	0.0855704	0.0749428	0.0896444	0.0896444	0.0298815	0.0450614	0.0855704	0.101084	0.106914	0.0963687	0.0597629	0	0	0	0	0	0	0.0298815	0.0755967	0.107744	0.151193	0.133639	0.151193	0.185651	0.133636	0.107744	0.123212	0.169044	0.202237	0.213828	0.197939	0.203991	0.20489	0.202237	0.191344	0.191344	0.197831	0.181772	0.13322	0.106914	0.106914	0.106914	0.101084	0.0855704	0.0450614	0.0298815	0.0724251	0.133059	0.180057	0.180057	0.203991	0.25671	0.359575	0.423484	0.504271	0.51209	0.541155	0.57087	0.51209	0.496868	0.459448	0.415394	0.388865	0.368649	0.318115	0.298178	0.278608	0.246415	0.222694	0.198307	0.222694	0.216977	0.216681	0.22821	0.227187	0.217573	0.213828	0.213828	0.213828	0.213828	0.194585	0.143936	0.131621	0.184638	0.192737	0.191569	0.19159	0.192299	0.207559	0.213828	0.233395	0.274821	0.298827	0.334816	0.335166	0.312844	0.346689	0.348718	0.356597	0.366362	0.343589	0.336202	0.311381	0.287771	0.326228	0.331947	0.311696	0.27518	0.215487	0.208749	0.222341	0.192737	0.184986	0.17114	0.133059	0.157858	0.17114	0.167195	0.180057	0.143593	0.151193	0.163122	0.173723	0.173723	0.185651	0.23063	0.188991	0.212483	0.222341	0.179297	0.149322	0.181768	0.131621	0.142057	0.148576	0.0755967	0.0298815	0	0.0550981	0.110196	0.0550981	0	0.0597629	0.119526	0.114176	0.110196	0.107737	0.147414	0.188984	0.165294	0.114176	0.0896964	0.163122	0.185984	0.160921	0.19403	0.198666	0.191344	0.240924	0.298831	0.320739	0.320739	0.335171	0.36354	0.374098	0.409948	0.445804	0.466778	0.466762	0.418354	0.406806	0.398662	0.37702	0.323229	0.299068	0.286687	0.275055	0.263107	0.251047	0.243063	0.203991	0.192485	0.191344	0.212483	0.223523	0.215385	0.177694	0.184088	0.174116	0.114176	0.134227	0.109429	0.0972927	0.0896964	0.0963656	0.0957845	0.143345	0.181768	0.13396	0.126071	0.113018	0.113395
0.157984	0.136104	0.165888	0.14887	0.146601	0.17557	0.158619	0.174708	0.177409	0.172757	0.136203	0.129449	0.150044	0.120732	0.103448	0.120948	0.0903096	0.0534366	0.0534366	0.0534366	0.0534366	0.0463448	0.0503894	0.100664	0.0878681	0.104636	0.1282	0.129675	0.14818	0.135533	0.154276	0.12997	0.0884517	0.077316	0.0801548	0.0770154	0.0618432	0.0382434	0.0267183	0.0267183	0.0724113	0.104484	0.0770046	0.116753	0.121876	0.122713	0.163979	0.170177	0.187728	0.168252	0.154747	0.1786	0.163615	0.0990978	0.0613481	0.0785408	0.113037	0.0662767	0.0133591	0.0653647	0.088344	0.0329502	0.0267183	0.0944561	0.0944561	0.0267183	0.0267183	0.0267183	0.0267183	0.0267183	0.0267183	0.0623072	0.111309	0.108551	0.137528	0.122882	0.142003	0.153585	0.119598	0.0992531	0.092563	0.127413	0.112196	0.113749	0.135397	0.163674	0.135358	0.137381	0.157854	0.146736	0.143016	0.154856	0.122003	0.0837003	0.0767601	0.0668629	0.0472316	0.0130508	0.0266781	0.055063	0.0881199	0.155672	0.168161	0.18691	0.219099	0.274095	0.382056	0.401414	0.510297	0.521965	0.510009	0.54503	0.479147	0.452717	0.43115	0.398006	0.359715	0.330725	0.259584	0.231666	0.233558	0.203775	0.172294	0.177215	0.210821	0.170269	0.18174	0.186666	0.17359	0.152983	0.133591	0.133591	0.131998	0.123886	0.139743	0.122797	0.0939784	0.148508	0.150329	0.149764	0.160148	0.146646	0.157136	0.163547	0.192885	0.233291	0.25793	0.283072	0.250804	0.241843	0.280144	0.25909	0.254837	0.25386	0.242206	0.245601	0.218634	0.212525	0.287655	0.289132	0.234194	0.180628	0.148347	0.179701	0.194864	0.143319	0.151581	0.141761	0.0931155	0.133137	0.137865	0.139484	0.133172	0.104199	0.139913	0.133924	0.150497	0.1891	0.189054	0.216449	0.172192	0.181179	0.179703	0.101153	0.0790828	0.130708	0.116487	0.119939	0.141332	0.10398	0.0525505	0.00453407	0.0684122	0.106913	0.0385047	0.00717894	0.0964173	0.110675	0.0927739	0.105527	0.0873885	0.135464	0.163211	0.160341	0.110984	0.0654501	0.134787	0.161765	0.142003	0.1671	0.158776	0.161886	0.192986	0.227497	0.240463	0.240463	0.253402	0.282905	0.299437	0.332837	0.341079	0.362264	0.359695	0.329459	0.328826	0.318777	0.321071	0.264037	0.241886	0.232919	0.217379	0.211423	0.205612	0.189208	0.171762	0.1596	0.151781	0.186706	0.201083	0.192657	0.149686	0.159148	0.122529	0.0817585	0.105419	0.0546304	0.0662774	0.099782	0.0753498	0.0707342	0.0980991	0.148508	0.166068	0.13286	0.0968517	0.120263
0.197162	0.193207	0.202881	0.18847	0.194261	0.208932	0.181325	0.186596	0.177153	0.167849	0.139388	0.130124	0.143359	0.0897731	0.0964928	0.114089	0.0538078	0	0	0	0	0.0238513	0.0736228	0.102142	0.0895761	0.114089	0.128076	0.144755	0.148816	0.125975	0.137478	0.0836016	0.0659571	0.0895803	0.106832	0.106832	0.106832	0.106832	0.106832	0.106832	0.100142	0.101687	0.102949	0.15779	0.162802	0.160798	0.2003	0.18839	0.179191	0.185295	0.180002	0.168289	0.131454	0.0994546	0.104603	0.152532	0.170466	0.0937359	0.0481461	0.0538078	0.0944237	0.101559	0.106832	0.151078	0.151078	0.106832	0.106832	0.106832	0.106832	0.106832	0.106832	0.140988	0.17101	0.155456	0.17101	0.177935	0.19259	0.151926	0.117928	0.116165	0.0962951	0.0855036	0.0362026	0.0481461	0.100642	0.181629	0.139033	0.124665	0.1736	0.194436	0.176351	0.181629	0.166616	0.121888	0.0956565	0.0667684	0.0612939	0.100142	0.152259	0.195971	0.231833	0.273227	0.285144	0.330223	0.388176	0.460455	0.534132	0.534132	0.63523	0.668318	0.631621	0.634884	0.585713	0.556263	0.511275	0.465231	0.434753	0.382608	0.282493	0.244656	0.240641	0.202881	0.2058	0.219016	0.219451	0.194261	0.197162	0.198515	0.181629	0.136339	0.106832	0.106832	0.100642	0.0778653	0.107622	0.104295	0.11475	0.161355	0.189641	0.178	0.185998	0.20767	0.213664	0.227876	0.272873	0.309293	0.333723	0.337035	0.30009	0.30009	0.303947	0.27523	0.263039	0.262931	0.276922	0.271448	0.234904	0.23888	0.297966	0.292604	0.21275	0.156825	0.16435	0.208248	0.202881	0.156006	0.17101	0.148094	0.101559	0.130124	0.133534	0.145446	0.134651	0.139033	0.181629	0.148219	0.159123	0.20901	0.184907	0.18933	0.173362	0.176421	0.146075	0.0362026	0.0181013	0.0910662	0.114089	0.107141	0.137478	0.131743	0.0834235	0.0238513	0.0538078	0.114089	0.0603077	0.0362208	0.114089	0.102026	0.0959919	0.0910662	0.0812234	0.123829	0.13212	0.149788	0.117928	0.101559	0.149272	0.177153	0.17101	0.186596	0.192645	0.267156	0.313973	0.320494	0.320494	0.320494	0.333237	0.36974	0.39424	0.407454	0.404944	0.42871	0.43002	0.419101	0.409361	0.395461	0.407666	0.362278	0.311874	0.288267	0.275296	0.275296	0.275296	0.236632	0.216545	0.213527	0.216448	0.241107	0.245153	0.222981	0.203676	0.207733	0.1493	0.100142	0.0778624	0.0181013	0.0362026	0.0855036	0.0991708	0.106832	0.11475	0.159123	0.21275	0.204546	0.151926	0.151078
0.18058	0.196158	0.191972	0.195717	0.212572	0.203964	0.16627	0.172761	0.165523	0.158193	0.132661	0.125052	0.138297	0.0746379	0.105445	0.106582	0.0211429	0	0	0	0	0.0483307	0.100836	0.0787072	0.0900575	0.113859	0.11938	0.17654	0.150375	0.132926	0.132926	0.0664602	0.0963738	0.104254	0.0800939	0.0800939	0.0800939	0.0800939	0.0800939	0.0800939	0.0707165	0.0857504	0.136261	0.175444	0.168415	0.163176	0.202488	0.184772	0.163698	0.200159	0.200466	0.151664	0.113626	0.112592	0.109629	0.146957	0.131589	0.0997426	0.0852338	0.0223272	0.0680665	0.100177	0.111979	0.156094	0.139403	0.0853174	0.0817115	0.0902193	0.101846	0.106792	0.106792	0.14227	0.150711	0.135355	0.148772	0.156092	0.141581	0.0814702	0.0835069	0.108572	0.0760009	0.0437788	0.0143469	0.0811922	0.0852507	0.134434	0.127416	0.0940896	0.120232	0.144991	0.14743	0.146664	0.137423	0.0780723	0.0568474	0.0927364	0.149675	0.170472	0.201777	0.23474	0.273668	0.321796	0.345993	0.396392	0.45119	0.512913	0.555516	0.559981	0.660723	0.692217	0.615143	0.606619	0.583226	0.54232	0.476812	0.43383	0.413271	0.337052	0.246217	0.22713	0.222629	0.19514	0.229272	0.213889	0.194877	0.203134	0.18058	0.191054	0.173458	0.122657	0.106792	0.106792	0.100266	0.109301	0.0980688	0.0890484	0.111979	0.138416	0.184882	0.187637	0.183094	0.203814	0.208783	0.230396	0.281174	0.305442	0.324536	0.315202	0.284568	0.288745	0.287049	0.278205	0.261164	0.25796	0.268424	0.250976	0.230747	0.245017	0.283319	0.279082	0.190866	0.15153	0.1783	0.205913	0.182874	0.155419	0.170944	0.1342	0.103536	0.129678	0.139284	0.148033	0.132478	0.139636	0.158099	0.116319	0.142305	0.197913	0.161285	0.159563	0.180635	0.174667	0.110744	0.019414	0.0222122	0.0601372	0.101602	0.0908549	0.117196	0.13001	0.101318	0.0444212	0.0211429	0.106582	0.0920616	0.0795284	0.122389	0.0941478	0.102518	0.0689173	0.0836821	0.109257	0.0920484	0.122263	0.101438	0.0825359	0.120653	0.153663	0.158357	0.165613	0.171884	0.243322	0.264267	0.273734	0.292309	0.312206	0.337828	0.380427	0.399138	0.406281	0.412167	0.425427	0.417398	0.410711	0.395004	0.382376	0.390154	0.338077	0.297246	0.28754	0.271529	0.268807	0.270915	0.238044	0.238659	0.246978	0.24253	0.24956	0.250355	0.221144	0.211059	0.188076	0.117696	0.070907	0.0362081	0.00226531	0.0303677	0.069939	0.0974156	0.106792	0.111979	0.140243	0.181951	0.205026	0.169913	0.15102
0.150963	0.195062	0.205643	0.218524	0.224485	0.185657	0.134149	0.150963	0.150963	0.150963	0.133435	0.133435	0.150963	0.110036	0.104216	0.0718541	0	0	0	0	0	0.0743263	0.110028	0.0596719	0.0959186	0.114002	0.126116	0.182986	0.162208	0.162061	0.150963	0.110036	0.104216	0.0718541	0	0	0	0	0	0	0.0238331	0.0956965	0.161477	0.179015	0.167506	0.177779	0.208428	0.200415	0.20439	0.219284	0.205307	0.150963	0.110897	0.0973211	0.101809	0.10754	0.0308841	0.110028	0.0880126	0.0361932	0.077806	0.100565	0.130304	0.170337	0.0941255	0.0361932	0.0119166	0.0566111	0.0918277	0.106751	0.106751	0.104216	0.0952791	0.0959186	0.0909966	0.0858908	0.104216	0.0895122	0.0838284	0.0957637	0.0833599	0.0238331	0	0.0718541	0.104216	0.0815927	0.0667141	0.0238331	0.0119166	0.0778368	0.114002	0.126116	0.155329	0.152139	0.197016	0.258981	0.299725	0.297312	0.307665	0.332382	0.389285	0.460881	0.510724	0.559885	0.585281	0.609126	0.622424	0.644102	0.715131	0.684351	0.581624	0.585267	0.573654	0.516651	0.44765	0.392358	0.333266	0.25061	0.200614	0.205852	0.207575	0.215004	0.228821	0.198363	0.181491	0.181546	0.150963	0.170876	0.150963	0.106751	0.106751	0.106751	0.103701	0.125879	0.100066	0.106751	0.106751	0.106751	0.149187	0.198369	0.207065	0.193738	0.193738	0.235295	0.285439	0.278196	0.282451	0.266868	0.238698	0.259727	0.283334	0.288048	0.255458	0.230545	0.226841	0.210036	0.231656	0.262839	0.281401	0.254924	0.159677	0.152416	0.19306	0.196678	0.159001	0.155736	0.17088	0.12457	0.113852	0.155426	0.159541	0.120414	0.10754	0.114002	0.101948	0.0735667	0.11397	0.160157	0.156009	0.162713	0.163458	0.127192	0.104216	0.106751	0.106751	0.0990953	0.0854384	0.0964191	0.114002	0.105195	0.106742	0.0533713	0	0.0718541	0.104216	0.144749	0.160676	0.111831	0.0854384	0.0596719	0.0959186	0.0909966	0.0508752	0.0854384	0.0989839	0.0481094	0.0537667	0.102064	0.125879	0.11571	0.140603	0.159541	0.114662	0.139313	0.218413	0.291199	0.348203	0.392575	0.404411	0.416556	0.419435	0.398306	0.382331	0.391032	0.374572	0.351805	0.329559	0.275086	0.283064	0.296938	0.258468	0.250704	0.261016	0.269861	0.322892	0.337571	0.312674	0.293255	0.288048	0.255458	0.210745	0.138927	0.077806	0.0361932	0	0.0481094	0.0895122	0.106751	0.106751	0.106751	0.106751	0.118952	0.133432	0.168161	0.170876	0.150963
0.133381	0.198397	0.206569	0.186004	0.186605	0.142162	0.0970473	0.133381	0.133381	0.133381	0.113179	0.113179	0.133381	0.0843612	0.0632709	0.0282947	0	0	0	0	0	0.0970959	0.108611	0.0570737	0.104746	0.110951	0.133311	0.168779	0.181068	0.183708	0.133381	0.0843612	0.0632709	0.0282947	0	0	0	0	0	0	0.0443874	0.123563	0.164691	0.170844	0.167996	0.191595	0.188604	0.187115	0.1921	0.167199	0.169122	0.133381	0.0791093	0.0615508	0.107813	0.0919916	0.0286809	0.108611	0.0642919	0.0667807	0.100024	0.0780158	0.115135	0.13503	0.0789609	0.0667807	0.0221937	0.0917869	0.0920522	0.0800327	0.0800327	0.0632709	0.0700403	0.104746	0.0666465	0.029188	0.0632709	0.105447	0.101416	0.070396	0.101241	0.0443874	0	0.0282947	0.0632709	0.0550211	0.0200084	0.0443874	0.0221937	0.0986707	0.110951	0.133311	0.180366	0.16642	0.191029	0.238094	0.259569	0.249472	0.258136	0.27599	0.33312	0.388253	0.421829	0.452754	0.466647	0.496206	0.51243	0.548024	0.599368	0.547529	0.485891	0.512422	0.492477	0.426683	0.358416	0.292136	0.233274	0.200343	0.1699	0.153665	0.16777	0.198579	0.17431	0.172829	0.153185	0.134306	0.133381	0.155546	0.133381	0.0800327	0.0800327	0.0800327	0.112506	0.117901	0.0667854	0.0800327	0.0800327	0.0800327	0.102022	0.141479	0.156495	0.146462	0.146462	0.203061	0.241653	0.21488	0.233525	0.226357	0.192369	0.226811	0.242397	0.225235	0.191189	0.172196	0.18402	0.162342	0.183848	0.209082	0.222256	0.188867	0.113047	0.139228	0.17231	0.159975	0.118343	0.139296	0.146083	0.0904436	0.0878016	0.139283	0.127717	0.0697559	0.0919916	0.110806	0.088457	0.0982884	0.0963005	0.124198	0.177986	0.18127	0.126487	0.0574535	0.0632709	0.0800327	0.0800327	0.0708528	0.0449777	0.104941	0.110806	0.0699043	0.106702	0.053351	0	0.0282947	0.0632709	0.132558	0.139699	0.0766995	0.0449777	0.0570737	0.104746	0.0666465	0.0160276	0.0449777	0.108813	0.0889742	0.0211267	0.0750466	0.117901	0.0772583	0.132119	0.127717	0.0852522	0.132379	0.216937	0.240755	0.278936	0.321579	0.329618	0.338123	0.329533	0.303832	0.312224	0.330271	0.28752	0.262666	0.245223	0.217862	0.227147	0.21901	0.189761	0.200883	0.217216	0.218301	0.261262	0.262739	0.233109	0.219775	0.225235	0.191189	0.147276	0.0949856	0.100024	0.0667807	0	0.0889742	0.105447	0.0800327	0.0800327	0.0800327	0.0800327	0.119579	0.122557	0.136058	0.155546	0.133381
0.141733	0.199769	0.185703	0.152309	0.158038	0.122564	0.113922	0.160553	0.141734	0.104135	0.0984287	0.105406	0.0894394	0.0210809	0	0	0	0	0	0	0.0377119	0.119253	0.110349	0.0853732	0.125783	0.134986	0.155487	0.161101	0.169958	0.173324	0.107491	0.0339918	0	0	0	0	0.0377119	0.0843292	0.10667	0.10667	0.137276	0.197987	0.207628	0.208269	0.198881	0.194358	0.178878	0.178878	0.178878	0.15202	0.142669	0.116615	0.0869232	0.0970703	0.104135	0.0549721	0.0717992	0.105404	0.0686352	0.0984287	0.10154	0.0659959	0.104135	0.07601	0.07601	0.104136	0.0603709	0.0632427	0.105409	0.10667	0.10667	0.10667	0.126494	0.178887	0.18974	0.149075	0.113532	0.155493	0.20309	0.230174	0.278412	0.30927	0.320006	0.294549	0.241482	0.230174	0.240006	0.253864	0.277294	0.312129	0.33797	0.376417	0.405516	0.420475	0.448205	0.465711	0.483318	0.497815	0.497548	0.493332	0.495487	0.483132	0.48707	0.489528	0.489528	0.517761	0.533318	0.538704	0.547535	0.509445	0.490243	0.519891	0.481645	0.405507	0.323999	0.274551	0.262639	0.229591	0.203525	0.198218	0.190906	0.188794	0.150847	0.161379	0.141733	0.122926	0.141733	0.134986	0.0843236	0.0282839	0.0718035	0.0760135	0.119253	0.113136	0.10667	0.10667	0.10667	0.10667	0.10667	0.10667	0.115087	0.146671	0.19889	0.224104	0.217048	0.199999	0.226468	0.216843	0.199999	0.217048	0.207628	0.170749	0.134992	0.149073	0.172046	0.134992	0.153478	0.180122	0.188795	0.152023	0.118136	0.160553	0.188794	0.170749	0.152318	0.181353	0.153478	0.10667	0.134992	0.181353	0.14016	0.113532	0.153478	0.161382	0.11662	0.0961453	0.0679836	0.106661	0.162198	0.17384	0.170749	0.126494	0.10667	0.10667	0.10667	0.10667	0.10667	0.150847	0.150847	0.101545	0.105406	0.0853732	0.0889466	0.10667	0.128239	0.181353	0.153478	0.0843292	0.0471418	0.0853732	0.0984287	0.0421618	0	0.00942798	0.107491	0.100217	0	0.0421618	0.0961453	0.0889466	0.113527	0.105406	0.105411	0.189501	0.245849	0.236453	0.286742	0.334794	0.336516	0.336516	0.340717	0.369745	0.405516	0.400219	0.341634	0.337972	0.349987	0.341634	0.337313	0.321115	0.313977	0.299485	0.289215	0.274876	0.27729	0.253862	0.220913	0.219903	0.20309	0.135977	0.10667	0.115087	0.160553	0.142673	0.0889466	0.125783	0.124004	0.0596292	0.018856	0	0	0.106661	0.106661	0.100217	0.128229	0.0984287
0.141679	0.187775	0.16104	0.164585	0.169896	0.132277	0.125739	0.160492	0.125739	0.0717762	0.110307	0.116571	0.048056	0.0094244	0	0	0	0	0	0	0.0842916	0.119207	0.0983914	0.107452	0.125735	0.146303	0.155428	0.137218	0.130923	0.146603	0.10745	0.0471202	0	0	0	0	0.0842916	0.113093	0.106629	0.106629	0.151965	0.207549	0.197912	0.208189	0.188722	0.161318	0.178811	0.178811	0.178811	0.173774	0.113485	0.105366	0.113484	0.0970335	0.0717762	0.0133287	0.0970267	0.0928167	0.0805199	0.110307	0.0777141	0.0983914	0.104095	0.0507534	0.0507534	0.0894099	0.0947132	0.0388571	0.0889129	0.106629	0.106629	0.106629	0.120696	0.162149	0.194294	0.167004	0.115044	0.135926	0.188495	0.226978	0.267901	0.306846	0.319885	0.303936	0.25289	0.226978	0.239915	0.257243	0.286639	0.31201	0.354767	0.387437	0.405362	0.438919	0.459	0.465534	0.494758	0.507521	0.493415	0.493144	0.485154	0.471033	0.493767	0.489342	0.489342	0.517564	0.533116	0.513168	0.518328	0.509252	0.490057	0.509687	0.461881	0.38743	0.301731	0.274447	0.262539	0.209263	0.203448	0.208622	0.17531	0.161321	0.15079	0.151084	0.141679	0.12288	0.141679	0.103668	0.0376976	0.0632187	0.104095	0.0947148	0.119207	0.0842971	0.106629	0.106629	0.106629	0.106629	0.106629	0.106629	0.113489	0.156006	0.211792	0.206699	0.199923	0.216966	0.21758	0.207551	0.216966	0.199923	0.197912	0.170684	0.130932	0.162692	0.164593	0.130932	0.161321	0.188724	0.180054	0.137224	0.122521	0.160492	0.198806	0.170684	0.157985	0.181284	0.134941	0.106629	0.15342	0.181284	0.128191	0.115044	0.161321	0.15342	0.101944	0.0596066	0.0421458	0.10662	0.109902	0.114654	0.170684	0.137224	0.106629	0.106629	0.106629	0.106629	0.106629	0.15079	0.15079	0.0942477	0.0759827	0.107452	0.105369	0.106629	0.140107	0.181284	0.134941	0.113093	0.0507534	0.107452	0.0659708	0.0188488	0	0.0210729	0.10745	0.0868851	0	0.0188488	0.0596066	0.0868922	0.0868902	0.116571	0.141366	0.207336	0.245755	0.264049	0.329851	0.342535	0.336388	0.336388	0.354889	0.395601	0.405362	0.387437	0.337844	0.341504	0.349855	0.337844	0.337185	0.320993	0.313291	0.290336	0.283522	0.274772	0.271356	0.248818	0.220023	0.21982	0.188495	0.135926	0.106629	0.113489	0.160492	0.151085	0.105369	0.125735	0.113484	0.0961088	0.0421458	0	0	0.10662	0.10662	0.0868851	0.115035	0.0659708
0.119442	0.15824	0.145265	0.173574	0.170649	0.129062	0.113276	0.133229	0.0960751	0.0799413	0.105326	0.0888726	0	0	0	0	0	0	0	0.0282624	0.113829	0.1013	0.0886872	0.110825	0.110825	0.142432	0.139092	0.113829	0.107351	0.124975	0.10706	0.0484925	0.0282624	0.0631987	0.0799413	0.0799413	0.105326	0.113829	0.0631987	0.0903403	0.145916	0.174836	0.155369	0.178743	0.148433	0.127411	0.161549	0.161224	0.17097	0.149155	0.0443367	0.0667044	0.0999097	0.0779267	0.0799413	0.0779267	0.0999097	0.0728705	0.086344	0.102647	0.0431649	0.0916821	0.091947	0.0851549	0.111852	0.144581	0.156011	0.128735	0.121303	0.150098	0.159882	0.159882	0.159882	0.159882	0.186503	0.226887	0.23575	0.239823	0.239823	0.239823	0.239823	0.239823	0.239823	0.273859	0.312034	0.319762	0.319762	0.335761	0.372059	0.40987	0.456981	0.472542	0.497217	0.534018	0.511528	0.482645	0.48698	0.450459	0.411724	0.427715	0.417706	0.396648	0.403558	0.369452	0.368465	0.398416	0.411479	0.384695	0.420077	0.43647	0.401594	0.407525	0.353321	0.274557	0.193377	0.179062	0.132228	0.09603	0.15301	0.131911	0.0799413	0.120209	0.13954	0.13954	0.13954	0.120423	0.13954	0.0977323	0.0799413	0.091947	0.0916821	0.0696722	0.105326	0.0799413	0.0799413	0.0799413	0.0851549	0.111852	0.145726	0.159882	0.165023	0.194613	0.202375	0.165607	0.169706	0.191881	0.17976	0.172092	0.173232	0.133229	0.148433	0.127411	0.0947401	0.14628	0.113954	0.0972838	0.153437	0.172596	0.145852	0.0997519	0.103105	0.13954	0.149682	0.107351	0.0918865	0.1013	0.0544516	0.0667091	0.126145	0.127411	0.0750493	0.0779267	0.0999097	0.0667044	0	0	0.0221684	0.0916821	0.091947	0.0877013	0.140037	0.158872	0.159882	0.159882	0.159882	0.159882	0.159882	0.16453	0.132228	0.0799413	0.0907254	0.13954	0.113277	0.0799413	0.091947	0.0916821	0.0221684	0.0888726	0.0499383	0.0916821	0.0221684	0	0	0.0378117	0.108389	0.0826541	0.0449264	0.0651956	0.0536879	0.0211026	0.0378117	0.11436	0.136845	0.168697	0.202728	0.23377	0.271899	0.243312	0.24558	0.260183	0.278734	0.299976	0.273239	0.241701	0.203286	0.217613	0.224515	0.221844	0.208797	0.166351	0.17544	0.208828	0.224237	0.210728	0.208844	0.183638	0.159882	0.155853	0.139631	0.152519	0.131301	0.09603	0.133229	0.133229	0.113276	0.129062	0.100958	0.115535	0.0824485	0.0799413	0.0799413	0.105326	0.107351	0.0918865	0.0950198	0.0416165
0.118725	0.143206	0.160993	0.190687	0.178674	0.150672	0.139016	0.150675	0.119122	0.106548	0.0893417	0.0480178	0	0	0	0	0	0	0	0.0717172	0.119116	0.0836688	0.102257	0.113785	0.113785	0.156523	0.143434	0.119116	0.101142	0.103629	0.107368	0.0370924	0.0717172	0.104017	0.106548	0.106548	0.0893417	0.119116	0.104017	0.124333	0.170554	0.174475	0.170551	0.192071	0.153379	0.141571	0.149864	0.155078	0.186482	0.119471	0.0237878	0.0361242	0.0776578	0.100374	0.106548	0.100374	0.0776578	0.0539167	0.0987267	0.0919557	0.0197098	0.0565033	0.0916529	0.114444	0.160925	0.195771	0.17769	0.153431	0.173138	0.202576	0.213095	0.213095	0.213095	0.213095	0.235008	0.282525	0.313137	0.319641	0.319641	0.319641	0.319641	0.319641	0.319641	0.348574	0.401541	0.426184	0.426184	0.443509	0.497246	0.547497	0.588874	0.613286	0.650388	0.682616	0.651175	0.618501	0.608828	0.56355	0.536207	0.55491	0.534655	0.494208	0.470449	0.437802	0.443597	0.459042	0.465047	0.437748	0.463699	0.474091	0.428513	0.414517	0.365232	0.287452	0.229133	0.199751	0.139048	0.135976	0.181146	0.138662	0.106548	0.148875	0.16037	0.16037	0.16037	0.144058	0.16037	0.118943	0.106548	0.0916529	0.0565033	0.0448831	0.0893417	0.106548	0.106548	0.106548	0.114444	0.160925	0.199437	0.213095	0.220394	0.25233	0.249759	0.214005	0.200231	0.204001	0.214347	0.19237	0.167657	0.150675	0.153379	0.141571	0.136897	0.170554	0.128514	0.134132	0.186451	0.197628	0.166172	0.121564	0.133127	0.16037	0.115489	0.101142	0.107335	0.0836688	0.0895338	0.0998756	0.134292	0.141571	0.101288	0.100374	0.0776578	0.0361242	0	0	0.0118939	0.0565033	0.0916529	0.113635	0.151853	0.195449	0.213095	0.213095	0.213095	0.213095	0.213095	0.190691	0.139048	0.106548	0.121246	0.16037	0.129617	0.106548	0.0916529	0.0565033	0.0118939	0.0480178	0.0607381	0.0565033	0.0118939	0	0	0.0611305	0.109819	0.0847329	0.0852757	0.0880816	0.0941721	0.0536643	0.0611305	0.127735	0.139549	0.182637	0.22935	0.263171	0.268814	0.286223	0.317036	0.322653	0.320737	0.339393	0.334963	0.282794	0.264681	0.274563	0.2875	0.28964	0.256184	0.219975	0.238335	0.283526	0.278859	0.262231	0.262339	0.231215	0.213095	0.200747	0.186458	0.196535	0.185503	0.135976	0.150675	0.150675	0.139016	0.150672	0.120876	0.115856	0.0954017	0.106548	0.106548	0.0893417	0.101142	0.107335	0.0657813	0.0653382
0.11762	0.14605	0.177087	0.204478	0.176837	0.141462	0.123672	0.111965	0.063796	0.0479429	0.0452937	0.0171282	0	0	0	0	0	0.00715436	0.0361116	0.107946	0.0927107	0.0697481	0.114887	0.113742	0.133224	0.166694	0.140716	0.112307	0.0850287	0.0939917	0.0991888	0.0437578	0.106298	0.0918165	0.0266268	0.0266268	0.0344479	0.111658	0.101091	0.0782384	0.117273	0.120929	0.153812	0.159924	0.123626	0.119071	0.120708	0.141953	0.172463	0.0857011	0.00451854	0.00715436	0.0180472	0.0250801	0.0266268	0.0250801	0.0180472	0.0250782	0.0886197	0.0897312	0.0799442	0.110507	0.162045	0.206789	0.247127	0.235911	0.234764	0.2571	0.253106	0.223533	0.213013	0.213013	0.213013	0.228411	0.268278	0.314568	0.358065	0.389409	0.399396	0.399396	0.399396	0.399396	0.399396	0.406107	0.429496	0.466653	0.50628	0.549169	0.586099	0.595749	0.617944	0.65043	0.679987	0.677314	0.6373	0.612749	0.594256	0.56176	0.549514	0.536874	0.477706	0.430161	0.416414	0.405703	0.398922	0.403273	0.404407	0.36226	0.394531	0.402126	0.345527	0.331927	0.286509	0.212217	0.171109	0.139268	0.131935	0.182581	0.206399	0.186284	0.186387	0.195071	0.192003	0.184993	0.176619	0.167684	0.162914	0.11551	0.106507	0.101574	0.0899788	0.0882797	0.100072	0.106507	0.106507	0.106507	0.123336	0.169194	0.152588	0.133134	0.131201	0.137269	0.119827	0.105617	0.129566	0.155513	0.170889	0.119728	0.106514	0.120784	0.134786	0.143119	0.141229	0.148005	0.110303	0.133844	0.167243	0.156273	0.125041	0.100998	0.112696	0.105246	0.0542694	0.0941134	0.100025	0.0537612	0.102084	0.0778622	0.0673264	0.0904565	0.053647	0.0548745	0.0634556	0.0749921	0.0798804	0.0798804	0.0814936	0.0899788	0.116775	0.158962	0.191186	0.208016	0.213013	0.213013	0.213013	0.213013	0.213013	0.186862	0.133798	0.106507	0.106775	0.111317	0.0589142	0.0506953	0.0732162	0.0517983	0.0144862	0.00941363	0.0149963	0.0118897	0.00225927	0	0.0210865	0.0900432	0.110064	0.09502	0.0996711	0.0416938	0.0926069	0.0942641	0.0904565	0.132001	0.153691	0.211094	0.260699	0.288836	0.294011	0.321668	0.337088	0.310498	0.279555	0.306457	0.3118	0.258203	0.270214	0.261757	0.255427	0.241751	0.218121	0.214617	0.230549	0.249721	0.23038	0.22347	0.226793	0.210447	0.213013	0.19982	0.167611	0.147007	0.166626	0.141355	0.150618	0.15126	0.135145	0.151635	0.153752	0.176025	0.182958	0.186387	0.186387	0.169648	0.125341	0.091135	0.0435778	0.0875132
0.119031	0.15056	0.174323	0.208294	0.167515	0.120174	0.119026	0.0831378	0.0415689	0.0428135	0.0372571	0.0360786	0	0	0	0	0	0.0180393	0.0775957	0.107847	0.0479812	0.0877781	0.127638	0.113698	0.167312	0.160573	0.130818	0.101065	0.0717845	0.102179	0.0776294	0.0652884	0.113698	0.0601011	0	0	0.0360786	0.109735	0.0918856	0.0907542	0.095663	0.109735	0.170806	0.13232	0.127638	0.113698	0.113698	0.138933	0.137984	0.0798436	0	0	0	0	0	0	0	0.0118848	0.0564603	0.091583	0.106467	0.148789	0.19784	0.245101	0.274353	0.244086	0.261465	0.294564	0.269142	0.227097	0.212933	0.212933	0.212933	0.238153	0.287284	0.329828	0.378522	0.413913	0.42586	0.42586	0.42586	0.42586	0.42586	0.42586	0.440446	0.483688	0.536395	0.588987	0.611389	0.610562	0.635085	0.670294	0.692533	0.6675	0.632643	0.607069	0.581831	0.561617	0.551377	0.519691	0.454232	0.407011	0.393403	0.391298	0.363236	0.379546	0.371908	0.317895	0.366222	0.364241	0.304921	0.291389	0.237804	0.18466	0.166762	0.129679	0.151406	0.206848	0.214585	0.208336	0.212933	0.201125	0.203138	0.188992	0.17739	0.180988	0.150798	0.113549	0.106467	0.106467	0.106467	0.106467	0.106467	0.106467	0.106467	0.106467	0.13403	0.170424	0.128416	0.106467	0.100297	0.0775987	0.0892693	0.0941004	0.107293	0.141463	0.132059	0.083605	0.102179	0.113698	0.149274	0.160702	0.141463	0.141463	0.108833	0.133079	0.153263	0.128024	0.121207	0.0988313	0.091583	0.0564603	0.0477543	0.102179	0.0776294	0.0370641	0.106458	0.0798436	0.0360967	0.0775987	0.100297	0.106467	0.106467	0.106467	0.106467	0.106467	0.106467	0.106467	0.135872	0.185361	0.206959	0.212933	0.212933	0.212933	0.212933	0.212933	0.212933	0.19784	0.148789	0.106467	0.095329	0.0665398	0.0237696	0.0716626	0.0745141	0.0852108	0.0360786	0	0	0	0	0	0.0536234	0.107253	0.101537	0.107253	0.0831378	0.0222592	0.0564603	0.113667	0.120202	0.135708	0.199608	0.25838	0.288013	0.304687	0.339271	0.322248	0.321143	0.315538	0.276001	0.305104	0.312994	0.274684	0.275318	0.250403	0.235049	0.226237	0.206959	0.212933	0.22741	0.238062	0.21459	0.205046	0.214585	0.208336	0.212933	0.202422	0.173006	0.133493	0.160248	0.148761	0.15056	0.167713	0.133076	0.130008	0.151737	0.1953	0.212933	0.212933	0.212933	0.202422	0.144416	0.0536813	0.0477543	0.102179
0.0690933	0.112394	0.140147	0.187944	0.13823	0.0891828	0.105617	0.0609296	0.038783	0.0541393	0.0350427	0.0534923	0.0266065	0.0266065	0.0266065	0.0266065	0.0266065	0.0354404	0.0968418	0.0851644	0.0269286	0.106599	0.133205	0.110511	0.184497	0.14194	0.116649	0.0899743	0.0604114	0.100395	0.0600731	0.0800834	0.103012	0.028912	0.00504819	0.00504819	0.0484462	0.103274	0.0832508	0.103274	0.0830055	0.106417	0.181185	0.114522	0.133405	0.105473	0.101488	0.131435	0.113514	0.0817996	0.00451509	0	0	0	0	0.00940644	0.0210341	0.0282481	0.0415369	0.0649395	0.0815566	0.136292	0.148314	0.1583	0.162797	0.129376	0.168681	0.166686	0.144708	0.136263	0.133032	0.133032	0.133032	0.152703	0.174698	0.171835	0.18918	0.180766	0.182819	0.189735	0.196652	0.196652	0.194766	0.203116	0.224435	0.259446	0.274612	0.310923	0.334788	0.348667	0.383591	0.40711	0.411619	0.358908	0.324529	0.293423	0.287452	0.281647	0.258313	0.228266	0.193011	0.18126	0.195583	0.218651	0.204683	0.275154	0.268712	0.219217	0.304888	0.302222	0.250657	0.249843	0.201797	0.171293	0.165236	0.120802	0.142282	0.1546	0.134707	0.110476	0.0899103	0.10102	0.132025	0.108009	0.108394	0.124558	0.0698571	0.0548327	0.053213	0.053213	0.053213	0.053213	0.053213	0.053213	0.053213	0.053213	0.0880825	0.108574	0.0422015	0.0320627	0.0425786	0.0425786	0.0811865	0.0968418	0.0594901	0.109693	0.0875614	0.062021	0.106282	0.108128	0.157796	0.155226	0.109693	0.109693	0.0566527	0.0797861	0.109518	0.0845902	0.105473	0.0565785	0.0221362	0.0118806	0.0484462	0.0998262	0.0599939	0.0320602	0.100251	0.0778026	0.0320627	0.0438757	0.0516413	0.053213	0.053213	0.053213	0.060233	0.0734696	0.0798195	0.0798195	0.10597	0.122644	0.0831822	0.0798195	0.0798195	0.0798195	0.0734696	0.060233	0.053213	0.107248	0.107248	0.053213	0.0498743	0.0401978	0.0299698	0.0968418	0.0534923	0.096697	0.0534923	0.0266065	0.0266065	0.0266065	0.0266065	0.0266065	0.0811865	0.111604	0.0947129	0.113954	0.0661404	0.0314363	0.033507	0.109422	0.132527	0.140675	0.23439	0.286291	0.293852	0.297024	0.340797	0.276321	0.276321	0.294303	0.248235	0.274037	0.270121	0.214713	0.153248	0.0995587	0.110711	0.127509	0.080155	0.0833502	0.120126	0.134453	0.0851702	0.0800003	0.127216	0.108009	0.076439	0.0851389	0.11161	0.0727827	0.119098	0.121646	0.121646	0.165317	0.123297	0.0928575	0.0870296	0.0891059	0.0833502	0.0814316	0.0846238	0.0975834	0.118113	0.0743822	0.0609957	0.096697
0.0902179	0.113129	0.14371	0.182359	0.138318	0.100988	0.0954358	0.0717299	0.0824003	0.0847512	0.0750346	0.098756	0.106386	0.106386	0.106386	0.106386	0.106386	0.101134	0.0940287	0.0892013	0.0775396	0.141355	0.150442	0.132975	0.202538	0.166933	0.153146	0.132978	0.098756	0.0851459	0.0717299	0.100988	0.0832517	0.00691451	0.0222423	0.0222423	0.047718	0.0954358	0.100988	0.113612	0.0955902	0.109651	0.179426	0.137353	0.142966	0.0967659	0.0788891	0.131634	0.125684	0.0955902	0.0237515	0	0	0	0	0.0479447	0.0892057	0.106386	0.129858	0.177419	0.221396	0.261939	0.272312	0.274144	0.264084	0.265428	0.308827	0.312341	0.31266	0.319154	0.319154	0.319154	0.319154	0.311705	0.311297	0.303102	0.292251	0.288745	0.306523	0.333066	0.359616	0.359616	0.352536	0.3877	0.440026	0.491393	0.503389	0.526657	0.558164	0.57288	0.594684	0.607041	0.607041	0.563092	0.542606	0.532855	0.509674	0.470181	0.417565	0.353678	0.319154	0.319154	0.300018	0.288545	0.306299	0.344947	0.312988	0.271246	0.318003	0.297311	0.255832	0.261925	0.238104	0.219533	0.20473	0.182008	0.197684	0.209242	0.18085	0.145715	0.151622	0.191968	0.18522	0.145715	0.154894	0.158995	0.11427	0.106386	0.106386	0.106386	0.106386	0.106386	0.106386	0.106386	0.106386	0.106386	0.0997236	0.0775366	0.0180256	0.0360693	0.0775396	0.100221	0.0997236	0.0775366	0.0548258	0.107205	0.0808835	0.0775703	0.113612	0.113612	0.164477	0.142392	0.107205	0.107205	0.0438556	0.0610374	0.109651	0.0846039	0.109651	0.0740718	0	0	0.0360511	0.0893975	0.0902179	0.0538346	0.0775366	0.0997236	0.106386	0.106386	0.106386	0.106386	0.106386	0.106386	0.138836	0.1904	0.212771	0.212771	0.199133	0.16068	0.11427	0.106386	0.106386	0.106386	0.0892057	0.0479447	0	0.0716081	0.103859	0.106386	0.106386	0.106386	0.106386	0.103859	0.0517596	0.0851459	0.098756	0.106386	0.106386	0.106386	0.106386	0.106386	0.132978	0.150446	0.155958	0.170294	0.124144	0.106386	0.0915133	0.125448	0.148669	0.177406	0.249276	0.292535	0.313028	0.31528	0.338564	0.290531	0.285314	0.292003	0.271545	0.293261	0.263268	0.203699	0.154842	0.108415	0.111192	0.132975	0.103955	0.121378	0.165919	0.158457	0.11427	0.101134	0.141355	0.134088	0.0952565	0.0990386	0.108837	0.098756	0.147474	0.170294	0.169753	0.21186	0.203835	0.202267	0.200441	0.164489	0.121378	0.113462	0.126716	0.146048	0.182913	0.197636	0.159728	0.0817125
0.108196	0.102935	0.14573	0.170375	0.137212	0.108702	0.0778718	0.0863257	0.103012	0.0755569	0.0765684	0.0970081	0.106345	0.106345	0.106345	0.106345	0.106345	0.101419	0.0788645	0.0976586	0.115268	0.143422	0.143954	0.134605	0.201634	0.176206	0.152182	0.113018	0.0706103	0.0448238	0.0727039	0.0963506	0.0398762	0.0290892	0.0419904	0.0419904	0.0501403	0.085487	0.115931	0.116176	0.110587	0.111329	0.167511	0.171117	0.154153	0.0874948	0.0590844	0.123437	0.136054	0.108702	0.0517049	0.0221193	0.0118716	0.00966602	0.0210181	0.0981291	0.122191	0.113187	0.158252	0.202051	0.231097	0.263946	0.276331	0.270613	0.260318	0.273118	0.303108	0.299175	0.289677	0.292447	0.292447	0.294046	0.302356	0.304937	0.314179	0.308349	0.298198	0.308209	0.31358	0.327847	0.340516	0.341918	0.346108	0.383037	0.419777	0.463467	0.464189	0.497088	0.535186	0.545412	0.570803	0.583656	0.579299	0.529401	0.514016	0.503977	0.482552	0.451852	0.409641	0.362155	0.325746	0.319032	0.303452	0.299664	0.33682	0.331552	0.292547	0.26773	0.292526	0.272965	0.252215	0.267037	0.254544	0.219301	0.19083	0.188375	0.197514	0.211307	0.165246	0.137728	0.17007	0.18309	0.15733	0.135398	0.163132	0.149024	0.111511	0.106345	0.106345	0.106345	0.106345	0.106345	0.106345	0.106345	0.106345	0.106345	0.0926605	0.0600362	0.0320383	0.0700313	0.099534	0.0788645	0.0665568	0.0360566	0.0504539	0.101294	0.081488	0.0984868	0.10834	0.10834	0.157002	0.118153	0.106384	0.10162	0.0365691	0.0501404	0.111329	0.0875308	0.109492	0.0944914	0.025042	0.0180197	0.0214304	0.0541867	0.102459	0.0769911	0.0600362	0.0926605	0.106345	0.106345	0.106345	0.106345	0.106345	0.106345	0.143783	0.166559	0.16112	0.165929	0.153183	0.114226	0.0849605	0.0797588	0.0797588	0.0797588	0.103818	0.0925694	0.00939929	0.0281979	0.0630544	0.0797588	0.0797588	0.0797588	0.0797588	0.0630544	0.0316117	0.0455931	0.0798226	0.101419	0.106345	0.106345	0.106345	0.106345	0.132927	0.150388	0.159862	0.145571	0.0919046	0.0861985	0.0991925	0.1254	0.149465	0.224723	0.264226	0.297212	0.337818	0.336254	0.328453	0.312922	0.294343	0.284597	0.289628	0.288332	0.229618	0.174034	0.154331	0.107896	0.0824822	0.112135	0.0853917	0.0870256	0.138898	0.114411	0.08348	0.080396	0.132924	0.12499	0.0834073	0.109898	0.0945005	0.0926605	0.122264	0.152536	0.15184	0.190442	0.199056	0.199839	0.198481	0.182986	0.145235	0.137837	0.14468	0.15095	0.162848	0.169906	0.155582	0.0813475
0.113525	0.100911	0.155214	0.161119	0.131037	0.102024	0.0834778	0.107683	0.0893294	0.073259	0.0914434	0.106304	0.106304	0.106304	0.106304	0.106304	0.106304	0.106304	0.106304	0.132877	0.150331	0.150331	0.150331	0.138699	0.196218	0.178266	0.118962	0.0535418	0	0	0.0535418	0.093957	0.101057	0.101057	0.0879799	0.0879799	0.101057	0.118454	0.137212	0.125352	0.131092	0.118844	0.160625	0.183993	0.179766	0.132877	0.103267	0.130619	0.136799	0.121023	0.0986806	0.0914434	0.0563743	0.0535418	0.0891376	0.150331	0.150331	0.13873	0.221151	0.237699	0.246792	0.271876	0.274898	0.261739	0.261631	0.273935	0.274898	0.251753	0.21989	0.212608	0.212608	0.219472	0.255599	0.296052	0.323579	0.324854	0.33159	0.348789	0.328423	0.307394	0.280986	0.286625	0.330438	0.352304	0.338406	0.35778	0.352943	0.402927	0.453231	0.472347	0.501413	0.515988	0.493976	0.439898	0.429338	0.412563	0.412392	0.413281	0.398635	0.392265	0.347777	0.31891	0.332811	0.361467	0.373247	0.325501	0.288325	0.27651	0.287093	0.279705	0.270723	0.283165	0.23954	0.190128	0.178658	0.194246	0.199577	0.192476	0.132823	0.138345	0.180732	0.135665	0.106304	0.12822	0.170165	0.133825	0.106304	0.106304	0.106304	0.106304	0.106304	0.106304	0.106304	0.106304	0.106304	0.106304	0.106304	0.106304	0.106304	0.0996474	0.0774776	0.0180118	0	0	0.0360237	0.0893294	0.107683	0.125589	0.113525	0.113525	0.149047	0.130619	0.118844	0.105632	0.0967379	0.0924401	0.118844	0.100911	0.10709	0.10378	0.100144	0.0774804	0.0360418	0.0180118	0.0774776	0.0996474	0.106304	0.106304	0.106304	0.106304	0.106304	0.106304	0.106304	0.106304	0.10378	0.0715536	0.0118667	0.0330605	0.0346447	0.0237335	0	0	0	0	0.0715536	0.118844	0.0479082	0	0	0	0	0	0	0	0	0.0118667	0.0563743	0.0914434	0.106304	0.106304	0.106304	0.106304	0.132877	0.150331	0.122504	0.0715536	0.0118667	0.0330605	0.0798028	0.125352	0.155214	0.253303	0.286638	0.321877	0.35684	0.337266	0.33092	0.321367	0.294491	0.30175	0.280626	0.233166	0.205462	0.164352	0.149047	0.130619	0.0834778	0.0893294	0.101123	0.0989631	0.125095	0.0775113	0.0118667	0.0360418	0.113525	0.078829	0.0360237	0.085081	0.0986806	0.0914434	0.0905789	0.0969139	0.111363	0.160558	0.198981	0.200288	0.187463	0.19325	0.202113	0.206643	0.193402	0.17548	0.138345	0.103267	0.130619	0.100911
0.115881	0.119038	0.164566	0.148805	0.119012	0.0938984	0.109929	0.120044	0.0712514	0.0993191	0.0941927	0.0897735	0.101342	0.106264	0.106264	0.106264	0.106264	0.106264	0.106264	0.132826	0.150274	0.150274	0.150274	0.132005	0.183301	0.169086	0.0805465	0.0210384	0	0	0.0210384	0.0535246	0.0796981	0.0921316	0.0897735	0.0912612	0.0952946	0.127328	0.144231	0.125304	0.141371	0.123442	0.148319	0.161637	0.165121	0.127329	0.12021	0.13962	0.127099	0.110474	0.09259	0.10374	0.0973174	0.10991	0.103707	0.137614	0.143845	0.149509	0.232559	0.218323	0.237182	0.254958	0.249849	0.243806	0.25293	0.262126	0.259643	0.241999	0.217634	0.212528	0.212528	0.220384	0.260459	0.282274	0.301474	0.304489	0.300397	0.310942	0.294514	0.282566	0.26292	0.27166	0.317862	0.325171	0.318111	0.349567	0.349632	0.384143	0.438354	0.452376	0.457038	0.465884	0.428819	0.393021	0.385367	0.367429	0.364375	0.361966	0.35173	0.359921	0.338973	0.306877	0.314611	0.340567	0.341042	0.297964	0.269652	0.266159	0.269587	0.270126	0.258192	0.265326	0.202074	0.175526	0.199211	0.203952	0.193799	0.169073	0.127105	0.154298	0.17289	0.122051	0.109772	0.14373	0.168175	0.123055	0.102869	0.099357	0.102869	0.106264	0.106264	0.106264	0.106264	0.106264	0.106264	0.102869	0.092953	0.0829473	0.0796981	0.0665062	0.0360292	0.00713803	0	0	0.0142761	0.0541455	0.110621	0.134628	0.116472	0.112402	0.124178	0.137935	0.118106	0.0808503	0.079536	0.106853	0.118799	0.111315	0.0975843	0.0874346	0.0967013	0.106527	0.0727705	0.0165302	0.0360292	0.0665062	0.0796981	0.0796981	0.0796981	0.0796981	0.0796981	0.0796981	0.0796981	0.0865947	0.0840085	0.0505796	0.0360292	0.0563541	0.047666	0.0516656	0.0221025	0.0118626	0.00225411	0	0.0281764	0.111692	0.0902498	0.00450823	0	0	0	0	0.00225411	0.0118626	0.0221025	0.0426785	0.106853	0.117666	0.119997	0.129681	0.13283	0.13283	0.152716	0.167622	0.121252	0.0757245	0.0576301	0.0652452	0.0734376	0.123955	0.165993	0.263422	0.309554	0.355155	0.362059	0.323929	0.340651	0.315463	0.29201	0.327792	0.246567	0.167625	0.196436	0.171085	0.143965	0.151664	0.117369	0.0779598	0.094165	0.116172	0.134238	0.0999062	0.0263775	0.0684218	0.111245	0.0431159	0.0142761	0.0447897	0.0705566	0.0919453	0.106271	0.080663	0.102567	0.137732	0.17173	0.183637	0.190166	0.178925	0.179831	0.180985	0.170894	0.178881	0.161699	0.133833	0.143037	0.115183
0.125493	0.154561	0.160335	0.136694	0.107008	0.100834	0.142301	0.132772	0.0938678	0.0938854	0.0651393	0.0563313	0.0913739	0.106224	0.106224	0.106224	0.106224	0.106224	0.106224	0.132775	0.150217	0.150217	0.150217	0.132775	0.167329	0.130764	0.0359962	0	0	0	0	0	0.0360143	0.0774214	0.100068	0.106224	0.0890697	0.118754	0.136694	0.125256	0.142998	0.142771	0.136217	0.147967	0.142998	0.1199	0.118754	0.136694	0.125256	0.0995716	0.0913739	0.107601	0.125	0.146923	0.117737	0.135852	0.14393	0.149408	0.207818	0.176901	0.18777	0.199425	0.191784	0.191492	0.225138	0.22572	0.22572	0.22442	0.212446	0.212446	0.212446	0.222085	0.249465	0.229946	0.237518	0.237518	0.19883	0.202674	0.200665	0.212446	0.212446	0.230511	0.26154	0.25176	0.281185	0.324166	0.301826	0.319761	0.365601	0.357309	0.340061	0.325199	0.282949	0.280598	0.266396	0.237518	0.218984	0.212446	0.212446	0.24805	0.291963	0.273845	0.257809	0.283732	0.286624	0.254195	0.239352	0.250521	0.254373	0.260885	0.239269	0.229599	0.190379	0.18777	0.204723	0.178169	0.160996	0.154561	0.128752	0.159882	0.148421	0.106224	0.121194	0.165666	0.158216	0.114096	0.0951113	0.0796677	0.0951113	0.106224	0.106224	0.106224	0.106224	0.106224	0.106224	0.0951113	0.0663878	0.0237154	0	0	0	0	0	0	0	0.0179981	0.0905469	0.131434	0.132018	0.109484	0.101946	0.130937	0.113407	0.0732031	0.041474	0.0831249	0.118754	0.113407	0.0995716	0.100068	0.0923697	0.113407	0.107601	0.0478717	0	0	0	0	0	0	0	0	0	0.0478717	0.0890697	0.106224	0.10098	0.0862039	0.0749203	0.0986055	0.0913739	0.0563313	0.0118577	0	0	0.0875776	0.109484	0.0237154	0	0	0	0	0.0118577	0.0563313	0.0913739	0.128122	0.170035	0.155116	0.164238	0.200136	0.212446	0.212446	0.217333	0.22572	0.208998	0.212446	0.199271	0.14622	0.103701	0.125	0.180931	0.265867	0.318918	0.36247	0.344888	0.325484	0.351521	0.308911	0.30652	0.342437	0.256392	0.202142	0.212332	0.211537	0.20338	0.197741	0.181391	0.125261	0.0988877	0.132018	0.134878	0.109484	0.0485842	0.089732	0.107042	0.0179981	0	0	0	0.053501	0.0938854	0.10098	0.106224	0.106224	0.106224	0.123955	0.169513	0.163413	0.121194	0.106224	0.106224	0.148449	0.193154	0.18059	0.154381	0.132772
0.132652	0.179474	0.13047	0.119925	0.0915368	0.106943	0.157301	0.121952	0.0808032	0.0534837	0.0414581	0.0913331	0.0915972	0.0796373	0.0796373	0.0796373	0.0796373	0.0796373	0.0796373	0.112619	0.132722	0.132722	0.132722	0.112619	0.135385	0.0832766	0.0142652	0	0	0	0	0	0.0664505	0.0995295	0.0776303	0.0796373	0.104926	0.113395	0.119925	0.117318	0.124052	0.157637	0.119779	0.141449	0.123817	0.132544	0.113395	0.119925	0.117318	0.0664554	0.0915972	0.110635	0.132326	0.156486	0.128568	0.170749	0.174495	0.160934	0.198395	0.190648	0.165743	0.18619	0.171438	0.159821	0.2174	0.183111	0.183111	0.18443	0.159274	0.159274	0.159274	0.171197	0.199891	0.174297	0.191419	0.191419	0.145172	0.167494	0.170855	0.159274	0.159274	0.182939	0.208049	0.195973	0.242091	0.262044	0.23694	0.278016	0.32183	0.316477	0.309553	0.269219	0.250517	0.284301	0.237616	0.191419	0.167888	0.159274	0.159274	0.180286	0.218511	0.214417	0.19683	0.232727	0.224122	0.190244	0.184851	0.207321	0.206797	0.21857	0.192432	0.180885	0.181009	0.166061	0.168652	0.13728	0.144882	0.179474	0.1248	0.139009	0.119752	0.0796373	0.0993725	0.145297	0.117758	0.084831	0.0821349	0.0599934	0.0821349	0.0796373	0.0796373	0.0796373	0.0796373	0.0796373	0.0796373	0.0821349	0.0951245	0.044168	0	0	0	0	0	0	0	0.00713258	0.066317	0.116687	0.152213	0.108074	0.0883497	0.116354	0.0958245	0.0978025	0.0503703	0.0483454	0.113395	0.0958245	0.0664554	0.0776303	0.106432	0.0958245	0.110635	0.0885343	0	0	0	0	0	0	0	0	0	0.0885343	0.104926	0.0796373	0.0747639	0.0605301	0.0551807	0.0705028	0.0915972	0.0913331	0.022084	0	0	0.0639741	0.108074	0.044168	0	0	0	0	0.022084	0.0913331	0.0915972	0.11352	0.145724	0.127644	0.147133	0.15526	0.159274	0.159274	0.164822	0.183111	0.16154	0.159274	0.150385	0.133872	0.127896	0.132466	0.203265	0.265626	0.31868	0.350433	0.308835	0.322406	0.348653	0.281661	0.300146	0.312385	0.219854	0.202087	0.173859	0.166317	0.191151	0.172349	0.165213	0.138241	0.108633	0.152213	0.13394	0.107976	0.0704972	0.101257	0.106652	0.00713258	0	0	0	0.0210223	0.0534837	0.0747639	0.0796373	0.0796373	0.0796373	0.0899967	0.12594	0.145559	0.0993725	0.0796373	0.0796373	0.101518	0.185343	0.208369	0.145296	0.121691
0.157257	0.176254	0.113352	0.121954	0.104885	0.152715	0.172981	0.123391	0.103621	0.0997294	0.125868	0.169905	0.136598	0.106142	0.120145	0.161409	0.199458	0.199458	0.161409	0.145641	0.15976	0.122319	0.0889974	0.0600678	0.101038	0.0773594	0.0187628	0.0281442	0.0714486	0.0997294	0.127605	0.17451	0.197238	0.166242	0.114519	0.106142	0.150102	0.150102	0.150395	0.15976	0.160585	0.20639	0.189728	0.197231	0.159483	0.169902	0.150102	0.15272	0.180456	0.113359	0.113352	0.126208	0.143195	0.172213	0.160305	0.202075	0.210814	0.193398	0.213923	0.222987	0.197231	0.215974	0.206603	0.191346	0.216584	0.15976	0.15976	0.150395	0.106142	0.120145	0.161409	0.193181	0.195893	0.184797	0.222996	0.225548	0.205757	0.228456	0.225548	0.205757	0.212284	0.20978	0.213932	0.202086	0.225934	0.243915	0.246787	0.290821	0.322391	0.314654	0.298137	0.257599	0.24838	0.270103	0.20766	0.150394	0.118669	0.112971	0.148338	0.193409	0.229036	0.265519	0.268323	0.240469	0.186927	0.172479	0.189963	0.208302	0.216587	0.215975	0.206603	0.216587	0.215975	0.197232	0.187862	0.179232	0.197232	0.208297	0.140721	0.141032	0.131675	0.112971	0.148336	0.171196	0.117552	0.0714486	0.068299	0.109409	0.125868	0.106142	0.106142	0.106142	0.0839124	0.0375255	0	0.0419535	0.104884	0.0756325	0.0469069	0.088507	0.106142	0.106142	0.106142	0.106142	0.088507	0.0478366	0.0600678	0.106134	0.159201	0.106134	0.0629302	0.109803	0.0979423	0.109803	0.0773594	0.0386797	0.0889974	0.104888	0.106142	0.0979467	0.127598	0.0979423	0.109803	0.112577	0.106142	0.106142	0.106142	0.106142	0.088507	0.0478366	0.00938139	0	0	0.0839069	0.112577	0.0997294	0.0928747	0.0997294	0.106142	0.106142	0.104888	0.0889974	0.0209767	0	0	0.0676476	0.109401	0.0187628	0.0839124	0.106142	0.106142	0.106142	0.101479	0.112966	0.104885	0.131673	0.150102	0.151271	0.197901	0.197238	0.205757	0.212284	0.202957	0.178003	0.125868	0.106142	0.0979467	0.127598	0.13946	0.159478	0.225923	0.265333	0.305421	0.322791	0.302527	0.328199	0.344423	0.282212	0.30557	0.325648	0.272058	0.262677	0.226907	0.199011	0.215975	0.216587	0.206602	0.180452	0.143505	0.176254	0.161397	0.127596	0.106962	0.116039	0.0923931	0.0478366	0.088507	0.0938175	0.0593345	0.0187628	0	0	0.0375255	0.0839124	0.106142	0.0938175	0.0938138	0.114128	0.101043	0.106142	0.106142	0.0938175	0.177994	0.219606	0.169902	0.151268
0.169056	0.139407	0.113309	0.134265	0.115995	0.186846	0.151211	0.112923	0.122271	0.10144	0.136546	0.16984	0.12582	0.106102	0.12582	0.177935	0.20288	0.20288	0.177935	0.139414	0.159699	0.0965537	0.0478184	0.0209687	0.0773299	0.100999	0.0419375	0.0629062	0.10358	0.10144	0.139414	0.18989	0.189893	0.148281	0.112928	0.106102	0.150045	0.150045	0.141913	0.159699	0.152662	0.188492	0.197826	0.217513	0.16906	0.169837	0.150045	0.134274	0.180387	0.159697	0.164038	0.165903	0.156072	0.184952	0.184715	0.201998	0.2229	0.204809	0.213842	0.234439	0.217513	0.215892	0.215689	0.191273	0.187791	0.159699	0.159699	0.141913	0.106102	0.12582	0.177935	0.193107	0.184726	0.195818	0.229902	0.225462	0.206532	0.222913	0.225462	0.206532	0.212203	0.20288	0.21385	0.202009	0.209696	0.263244	0.263247	0.281489	0.311727	0.303724	0.275963	0.2575	0.237423	0.234439	0.207581	0.16052	0.118624	0.114475	0.166178	0.201356	0.225856	0.259386	0.265585	0.221332	0.172159	0.184248	0.18989	0.200477	0.225262	0.198935	0.215689	0.225262	0.198935	0.197157	0.179164	0.187791	0.197157	0.178178	0.131624	0.140978	0.140667	0.114475	0.161888	0.163779	0.112928	0.10358	0.0600496	0.132624	0.120099	0.106102	0.106102	0.106102	0.112534	0.0838749	0	0.0187556	0.0923578	0.114466	0.104844	0.104848	0.106102	0.106102	0.106102	0.106102	0.104848	0.0889635	0.0732401	0.106093	0.15914	0.106093	0.0281334	0.0979049	0.109761	0.0979049	0.100999	0.0504996	0.0478184	0.0884732	0.106102	0.121911	0.139407	0.109761	0.0979049	0.0838803	0.106102	0.106102	0.106102	0.106102	0.104848	0.0889635	0.0209687	0	0	0.0375112	0.0838803	0.10144	0.0928393	0.10144	0.106102	0.106102	0.0884732	0.0478184	0.00937781	0	0	0.0937743	0.109359	0.0676218	0.112534	0.106102	0.106102	0.106102	0.0996914	0.0864606	0.115995	0.163773	0.150045	0.1688	0.225261	0.207591	0.206532	0.212203	0.199382	0.161348	0.120099	0.106102	0.121911	0.139407	0.127549	0.197817	0.252319	0.265232	0.278809	0.270485	0.302412	0.328074	0.318831	0.27	0.270653	0.293117	0.281487	0.262577	0.235194	0.215893	0.198935	0.225262	0.237423	0.202435	0.166171	0.188718	0.213838	0.16696	0.130614	0.104845	0.0570422	0.0889635	0.104848	0.101005	0.0956337	0.0419375	0	0	0.0838749	0.112534	0.106102	0.101005	0.114084	0.093778	0.0937817	0.106102	0.106102	0.101005	0.177926	0.195809	0.169837	0.172915
0.175121	0.151153	0.168736	0.168736	0.149988	0.186775	0.125066	0.103541	0.125066	0.115955	0.163717	0.161827	0.114432	0.112886	0.148223	0.171066	0.125773	0.118579	0.149988	0.0838486	0.0838429	0	0	0	0.0419215	0.0955973	0.104811	0.152604	0.160462	0.138414	0.175129	0.163717	0.114432	0.106062	0.106062	0.106062	0.149988	0.151153	0.11288	0.125066	0.104806	0.118573	0.139354	0.189808	0.160459	0.169773	0.149988	0.0978722	0.130564	0.159356	0.19302	0.19302	0.176866	0.19929	0.185592	0.185592	0.212105	0.185592	0.185592	0.212105	0.185592	0.16584	0.159631	0.12222	0.130564	0.134216	0.151153	0.132573	0.112886	0.148223	0.189584	0.184657	0.20128	0.225376	0.220646	0.166115	0.114432	0.141859	0.159638	0.114432	0.112886	0.146735	0.182018	0.175129	0.218846	0.281381	0.271851	0.272014	0.282625	0.268431	0.241005	0.23435	0.21376	0.222818	0.238992	0.187719	0.125773	0.125773	0.169776	0.136494	0.106062	0.106062	0.120054	0.161287	0.195073	0.216426	0.210665	0.207512	0.215811	0.198859	0.215811	0.206445	0.169776	0.168736	0.149988	0.141856	0.139354	0.10972	0.0800913	0.109317	0.0937386	0.0504804	0.113266	0.0628822	0.0209607	0.0889296	0.0628865	0.0838429	0	0	0	0	0.0838429	0.114041	0.0592895	0.0265133	0.100961	0.151441	0.148216	0.11288	0.0937462	0.106062	0.106062	0.0838486	0.100961	0.109317	0.0937386	0.106053	0.140608	0.113266	0.0281227	0.0628822	0.10688	0.104806	0.114041	0.100967	0.0884398	0.0478003	0.00937425	0.0838429	0.136488	0.13257	0.114044	0.106062	0.106062	0.0996538	0.0713943	0.0281227	0.0628822	0.10972	0.0570205	0.00937425	0	0	0	0.0209607	0.0132578	0.0209607	0	0	0	0	0	0	0	0.0838429	0.112491	0.112491	0.0838429	0	0.00937425	0.0478003	0.0884398	0.109326	0.149988	0.163711	0.125066	0.157137	0.17612	0.104804	0.0656197	0.0884398	0.106062	0.0884398	0.0478003	0.00937425	0.0838429	0.136488	0.13257	0.216415	0.284635	0.300114	0.305196	0.305196	0.344672	0.335368	0.31033	0.264636	0.235096	0.230567	0.218031	0.195735	0.191194	0.191194	0.151153	0.188646	0.22123	0.193246	0.193246	0.218031	0.238988	0.197075	0.166108	0.131574	0.101402	0.103541	0.0628822	0.0419215	0.0955973	0.100967	0.106062	0.106062	0.112491	0.0838429	0	0.0419215	0.0955973	0.100967	0.0996538	0.0713943	0.0281227	0.0419215	0.14278	0.172849	0.168736	0.206233
0.163648	0.172783	0.188346	0.151099	0.14993	0.152541	0.125018	0.103502	0.125018	0.160398	0.171001	0.148167	0.112843	0.114388	0.161765	0.163654	0.120008	0.118534	0.14993	0.0838167	0.0374827	0	0	0	0.0187414	0.0592669	0.0996158	0.160401	0.152546	0.148167	0.181948	0.146679	0.112843	0.106021	0.106021	0.106021	0.14993	0.172783	0.12325	0.125018	0.115906	0.118528	0.127452	0.166045	0.150222	0.169708	0.14993	0.121819	0.155107	0.146669	0.192946	0.192946	0.20271	0.225665	0.185521	0.185521	0.212024	0.185521	0.185521	0.212024	0.185521	0.179018	0.15957	0.148157	0.155107	0.145469	0.172783	0.132523	0.114388	0.161765	0.197675	0.195669	0.205521	0.225291	0.207433	0.148169	0.112843	0.150224	0.159577	0.112843	0.114388	0.163654	0.175062	0.181948	0.243817	0.271748	0.281273	0.27191	0.253007	0.246499	0.22972	0.222733	0.213679	0.23426	0.261366	0.179028	0.120008	0.136442	0.169711	0.125725	0.106021	0.106021	0.125725	0.1778	0.197681	0.210585	0.216343	0.197013	0.198784	0.215729	0.198784	0.196783	0.169711	0.151099	0.14993	0.112839	0.127452	0.0978304	0.068218	0.109276	0.0675702	0.0883993	0.113223	0.028112	0.00937068	0.047782	0.0600041	0.0374827	0	0	0	0	0.0374827	0.0937067	0.0955609	0.0795094	0.125716	0.163646	0.148159	0.12325	0.100928	0.106021	0.106021	0.112448	0.125716	0.109276	0.119998	0.106012	0.101355	0.113223	0.0628582	0.028112	0.0848542	0.115906	0.0937067	0.0937105	0.104769	0.0888957	0.0209528	0.0374827	0.113997	0.13252	0.100928	0.106021	0.106021	0.101363	0.103502	0.0628582	0.028112	0.0978304	0.0922875	0.0209528	0	0	0	0.00937068	0.0132527	0.00937068	0	0	0	0	0	0	0	0.0374827	0.0838167	0.0838167	0.0374827	0	0.0209528	0.0888957	0.104769	0.109284	0.14993	0.131523	0.125018	0.168927	0.139301	0.0922875	0.0978304	0.104769	0.106021	0.104769	0.0888957	0.0209528	0.0374827	0.113997	0.13252	0.181942	0.261366	0.288664	0.283603	0.327294	0.393995	0.33524	0.310211	0.27686	0.247383	0.243086	0.205508	0.172783	0.191121	0.191121	0.172783	0.226637	0.234256	0.206358	0.259167	0.255759	0.214087	0.197	0.189736	0.14056	0.0996158	0.0713671	0.028112	0.0187414	0.0592669	0.0937105	0.106021	0.106021	0.0838167	0.0374827	0	0.0187414	0.0592669	0.0937105	0.101363	0.103502	0.0628582	0.0187414	0.0955609	0.151096	0.151099	0.188349
0.138628	0.159815	0.162426	0.090384	0.113179	0.117631	0.11998	0.109522	0.133179	0.173109	0.124037	0.0755208	0.0529906	0.0725288	0.128454	0.0937971	0.0440872	0.0651253	0.100391	0.0655697	0.0468374	0.0296221	0.01039	0.0236619	0.0440872	0.0675498	0.10089	0.149873	0.132472	0.118764	0.118091	0.0609603	0.0529906	0.0529906	0.0499125	0.0359161	0.105404	0.155893	0.115112	0.111106	0.113438	0.109234	0.109234	0.132648	0.11561	0.131064	0.109234	0.111614	0.154667	0.144427	0.192188	0.185451	0.208528	0.235219	0.186207	0.18301	0.215749	0.192188	0.185451	0.208528	0.182549	0.186169	0.165438	0.162168	0.155811	0.129067	0.156104	0.0835007	0.0400265	0.11561	0.132648	0.105087	0.0857414	0.105288	0.0821826	0.0359161	0.0499125	0.118482	0.118482	0.0529906	0.0725288	0.128454	0.108018	0.137978	0.204227	0.213173	0.225532	0.195804	0.174972	0.195232	0.196765	0.200997	0.199497	0.215822	0.225912	0.109234	0.0418924	0.0955245	0.118482	0.0592443	0.0599812	0.0805821	0.106804	0.122131	0.0755208	0.0955245	0.118482	0.0749368	0.118482	0.159235	0.113179	0.130127	0.0973014	0.0835007	0.103285	0.0608051	0.107771	0.0821826	0.0653405	0.0986983	0.0588472	0.107868	0.103878	0.0296221	0.0468374	0.0529906	0.0529906	0.0468374	0.0296221	0.00936711	0	0	0.0187342	0.0772415	0.118482	0.127403	0.148103	0.163584	0.134112	0.0964367	0.0468336	0	0	0.105972	0.132465	0.105972	0.132465	0.105972	0.0898181	0.107771	0.070363	0	0.0468336	0.104097	0.0610068	0.00449621	0.070363	0.0983739	0.054645	0.0418924	0.0860674	0.0983739	0.054645	0.0529906	0.0499125	0.0517078	0.111928	0.0845865	0.00936711	0.070363	0.105288	0.0397313	0.00449621	0	0	0	0	0	0	0	0	0.00936711	0.0209462	0.0209462	0.00936711	0	0.0187342	0.0418924	0.0529906	0.0529906	0.054645	0.0983739	0.070363	0.0375961	0.107771	0.070363	0.0936672	0.146613	0.122558	0.117277	0.132241	0.118764	0.105981	0.118764	0.0995111	0.0193575	0.0187342	0.0750945	0.126362	0.163798	0.244492	0.275071	0.261266	0.331162	0.411309	0.332785	0.31129	0.280171	0.250779	0.250032	0.201181	0.146636	0.163584	0.175986	0.176372	0.245285	0.251717	0.224204	0.292459	0.267505	0.18863	0.187257	0.178182	0.0999656	0.0236619	0.0440872	0.0529906	0.0529906	0.0529906	0.0529906	0.0529906	0.0529906	0.0529906	0.0529906	0.0529906	0.0529906	0.0529906	0.0529906	0.0609603	0.118703	0.112869	0.0638574	0.0755192	0.113179	0.085435	0.118091
0.154878	0.162614	0.172141	0.117674	0.132419	0.147223	0.154931	0.173471	0.193213	0.210548	0.167256	0.12209	0.105941	0.142039	0.180113	0.132007	0.0949124	0.0954881	0.0888796	0.0964069	0.0964069	0.0749083	0.0400113	0.0662094	0.0949124	0.142625	0.201702	0.236886	0.226286	0.196137	0.154999	0.113308	0.105941	0.105941	0.100164	0.0847912	0.10387	0.148046	0.139442	0.124923	0.133479	0.118437	0.118437	0.133479	0.142616	0.127622	0.118437	0.127622	0.142616	0.178525	0.212276	0.18538	0.198467	0.225715	0.187787	0.175553	0.227263	0.212276	0.18538	0.198467	0.173544	0.187787	0.185324	0.172001	0.146071	0.119093	0.147267	0.0950538	0.0800225	0.142616	0.133479	0.103396	0.103396	0.10387	0.089302	0.0847912	0.100164	0.149816	0.149816	0.105941	0.142039	0.180113	0.16618	0.206848	0.252599	0.281526	0.262552	0.224724	0.215563	0.221488	0.22739	0.242238	0.236181	0.22782	0.192223	0.118437	0.0954912	0.132422	0.149816	0.109201	0.12209	0.167505	0.192813	0.167505	0.12209	0.132422	0.149816	0.118443	0.149816	0.161637	0.132419	0.124923	0.0737866	0.0950538	0.0950538	0.0832448	0.113136	0.089302	0.0954881	0.0806018	0.0742603	0.113136	0.0981759	0.0749083	0.0964069	0.105941	0.105941	0.0964069	0.0749083	0.0296094	0	0	0.0592187	0.132419	0.149816	0.178152	0.18727	0.178152	0.140764	0.0749083	0.0296094	0	0	0.105932	0.132415	0.105932	0.132415	0.105932	0.120556	0.113136	0.044651	0	0.0296094	0.0986747	0.0837471	0.0145683	0.044651	0.0847912	0.100164	0.0954912	0.10387	0.0847912	0.100164	0.105941	0.100164	0.0982509	0.128116	0.0986747	0.0296094	0.044651	0.10387	0.0737866	0.0145683	0	0	0	0	0	0	0	0	0.0296094	0.0477456	0.0477456	0.0296094	0	0.0592187	0.0954912	0.105941	0.105941	0.100164	0.0847912	0.044651	0.0688694	0.113136	0.044651	0.0592187	0.122086	0.165953	0.189587	0.189846	0.196137	0.211881	0.196137	0.119183	0.0519151	0.0592187	0.100164	0.180117	0.238555	0.323281	0.363113	0.374536	0.438369	0.451481	0.376622	0.370756	0.324617	0.285231	0.281523	0.242238	0.182957	0.178152	0.220387	0.221076	0.264811	0.287685	0.257108	0.296091	0.275377	0.198507	0.192697	0.15762	0.0832448	0.0662094	0.0949124	0.105941	0.105941	0.105941	0.105941	0.105941	0.105941	0.105941	0.105941	0.105941	0.105941	0.105941	0.105941	0.113308	0.153891	0.178417	0.132007	0.122086	0.132419	0.106871	0.154999
0.178406	0.182511	0.189346	0.154703	0.159791	0.177895	0.177464	0.187451	0.177464	0.173224	0.136612	0.106724	0.116396	0.166439	0.166439	0.109396	0.10792	0.115774	0.0701818	0.0524094	0.0625783	0.0961581	0.0772162	0.111421	0.113083	0.150434	0.183291	0.1808	0.170537	0.146213	0.126188	0.109123	0.096366	0.0737393	0.0588439	0.098299	0.0860019	0.117276	0.138746	0.107688	0.127304	0.107786	0.102999	0.115192	0.150734	0.117393	0.121571	0.133806	0.119804	0.19535	0.218817	0.186633	0.189856	0.219673	0.193188	0.163133	0.229381	0.22657	0.187191	0.196459	0.169692	0.186065	0.201722	0.175538	0.134107	0.115522	0.144232	0.106716	0.119047	0.154549	0.113352	0.0981385	0.111168	0.0845438	0.0882551	0.0992263	0.0696378	0.128656	0.128656	0.0950247	0.160262	0.179769	0.170897	0.215333	0.239193	0.271823	0.229944	0.210459	0.219824	0.215123	0.221854	0.231547	0.21266	0.197681	0.152298	0.123872	0.122038	0.131374	0.149759	0.113035	0.136203	0.159853	0.123393	0.0832123	0.075465	0.117186	0.132141	0.109506	0.149826	0.15005	0.14071	0.121679	0.0918156	0.131808	0.10296	0.105177	0.118392	0.100299	0.119168	0.0815515	0.0892391	0.100807	0.0816064	0.0963632	0.0467998	0.0187199	0	0.0397093	0.0794186	0.0545755	0.0418604	0.0562169	0.117674	0.162491	0.14071	0.190903	0.178084	0.159119	0.131374	0.0805204	0.0599353	0.0468016	0.0295995	0.106716	0.133024	0.112704	0.12592	0.104018	0.143073	0.109484	0.0235118	0	0.00935996	0.0777138	0.0991027	0.0468013	0.0284543	0.0358886	0.0498743	0.0954516	0.109438	0.0873176	0.102772	0.102772	0.0923403	0.114691	0.136684	0.114139	0.0625783	0.0284543	0.08032	0.0964331	0.0532302	0.0295995	0.00935996	0	0	0	0	0	0	0.0397093	0.0397093	0.0397093	0.0397093	0.0187199	0.100807	0.0954516	0.05295	0.05295	0.0498743	0.0358886	0.0142271	0.0796724	0.0885586	0.085779	0.119871	0.15352	0.188209	0.228362	0.258014	0.294417	0.295386	0.245514	0.196784	0.150432	0.119861	0.105542	0.112783	0.152724	0.229923	0.261496	0.336153	0.49072	0.483858	0.438548	0.469607	0.412611	0.372521	0.370028	0.329947	0.281235	0.275287	0.310219	0.30244	0.319161	0.341958	0.299277	0.296017	0.276814	0.206393	0.19416	0.14596	0.084429	0.0954516	0.0798948	0.05295	0.05295	0.05295	0.05295	0.05295	0.05295	0.05295	0.05295	0.0599353	0.0805204	0.0995016	0.1059	0.109123	0.127324	0.164638	0.135029	0.141643	0.16158	0.155716	0.178931
0.210387	0.220148	0.207029	0.193391	0.190836	0.206352	0.193065	0.173338	0.154812	0.132318	0.118001	0.0963332	0.131906	0.179975	0.141931	0.0963332	0.118001	0.124827	0.0805404	0.0399808	0.0836834	0.128018	0.109887	0.139787	0.126591	0.154812	0.154812	0.126591	0.126591	0.100087	0.10586	0.10586	0.0948399	0.0661589	0.0399808	0.105851	0.0793884	0.105851	0.159327	0.109109	0.120464	0.106675	0.0799176	0.106675	0.134416	0.11305	0.147154	0.14596	0.134935	0.186596	0.185711	0.189962	0.189445	0.22709	0.212115	0.158776	0.212115	0.215391	0.192653	0.215391	0.185711	0.185239	0.198316	0.160967	0.128018	0.128018	0.160967	0.119002	0.132314	0.158776	0.105851	0.120464	0.11305	0.0591736	0.0949814	0.0949814	0.0591736	0.11305	0.11305	0.112277	0.172974	0.183162	0.178281	0.210387	0.220907	0.2429	0.220219	0.215399	0.224552	0.210387	0.206687	0.198814	0.187014	0.187014	0.146682	0.126204	0.132318	0.140656	0.149702	0.119187	0.154312	0.130323	0.0591765	0.0145572	0.0591736	0.110332	0.110332	0.117585	0.154812	0.149702	0.149702	0.132321	0.141931	0.179975	0.131906	0.10835	0.124827	0.118001	0.132318	0.106681	0.0948399	0.0661589	0.0662237	0.105851	0.026465	0.0954183	0.10586	0.0963332	0.0748511	0.0887603	0.0954183	0.113221	0.159334	0.155219	0.132318	0.207107	0.169449	0.149702	0.132321	0.10586	0.10586	0.0963332	0.0748511	0.109109	0.134935	0.132974	0.106675	0.0985995	0.142508	0.132904	0.0591736	0	0	0.044617	0.0888118	0.0888118	0.044617	0	0	0.0591736	0.0954183	0.10586	0.10586	0.100087	0.0981759	0.118347	0.133377	0.124827	0.0954153	0.044617	0.044617	0.0847264	0.0946181	0.0748511	0.0295868	0	0	0	0	0	0	0.0295868	0.0477092	0.0477092	0.0295868	0.0591736	0.118347	0.0591736	0	0	0	0	0	0.0518755	0.119092	0.195987	0.211719	0.211719	0.21872	0.261107	0.337673	0.397885	0.382833	0.31188	0.273648	0.264634	0.218218	0.132974	0.0748511	0.0847264	0.201469	0.212115	0.330583	0.529406	0.545466	0.54889	0.595384	0.514499	0.48223	0.481964	0.425874	0.395394	0.398067	0.402379	0.390988	0.391598	0.396639	0.345049	0.299339	0.275861	0.220148	0.197063	0.156301	0.10899	0.0847264	0.044617	0	0	0	0	0	0	0	0	0.0295868	0.0748511	0.0963332	0.10586	0.10586	0.109117	0.149702	0.132321	0.142516	0.192666	0.211719	0.211719
0.181706	0.185991	0.154814	0.164595	0.149271	0.159721	0.140972	0.119707	0.122764	0.101358	0.109598	0.072717	0.102906	0.129105	0.0730304	0.0656239	0.110391	0.114161	0.101222	0.0761627	0.10252	0.132248	0.115054	0.137444	0.119116	0.142555	0.116855	0.0887265	0.104732	0.0385635	0.0300912	0.0264549	0.0703915	0.0926389	0.0595483	0.117115	0.0948613	0.110256	0.170476	0.10793	0.111444	0.10555	0.0645373	0.102833	0.112204	0.112462	0.172236	0.155002	0.15618	0.16955	0.149858	0.183915	0.18173	0.231225	0.229877	0.16245	0.193543	0.191812	0.185691	0.22811	0.201569	0.183588	0.18837	0.142388	0.113231	0.129764	0.176978	0.128717	0.130917	0.152367	0.104525	0.146818	0.107731	0.0432033	0.104024	0.0882312	0.0793528	0.109751	0.115105	0.153181	0.157082	0.160733	0.15189	0.175855	0.19121	0.2152	0.223924	0.207422	0.194351	0.176079	0.177345	0.170151	0.176056	0.187344	0.142555	0.108258	0.12478	0.138336	0.124295	0.0901678	0.124529	0.0710822	0.0904437	0.0379325	0.106636	0.11468	0.0998558	0.135102	0.143268	0.126491	0.124295	0.10554	0.122138	0.134273	0.0813544	0.0756475	0.111086	0.104001	0.107914	0.0836464	0.0418285	0.0236258	0.0529055	0.100041	0.047016	0.0976442	0.0561741	0.060717	0.0522022	0.109469	0.11378	0.0921974	0.143069	0.121981	0.128558	0.215488	0.152071	0.121165	0.0942436	0.0529098	0.0529098	0.0654698	0.0962899	0.106634	0.134356	0.153701	0.0911218	0.087952	0.112424	0.122624	0.0862253	0	0	0.0142163	0.0481799	0.0977394	0.0647201	0	0	0.0187057	0.0418285	0.0529098	0.0529098	0.0553716	0.102606	0.110624	0.113941	0.113963	0.104343	0.0743143	0.0213245	0.0358613	0.0654698	0.0953815	0.0532974	0.00710815	0	0	0	0	0	0.00935283	0.0209143	0.0209143	0.00935283	0.0862253	0.0994179	0.0187057	0.0264549	0.0264549	0.0264549	0.03188	0.0436256	0.0748347	0.150561	0.181463	0.188626	0.210373	0.231505	0.258119	0.300997	0.313818	0.32171	0.312773	0.291517	0.344785	0.312886	0.177205	0.121607	0.112459	0.248095	0.251616	0.369445	0.562569	0.619728	0.645371	0.660067	0.534627	0.491997	0.461357	0.376014	0.356044	0.348405	0.348836	0.345807	0.334281	0.333467	0.276104	0.22114	0.220176	0.185231	0.150042	0.105222	0.0547047	0.0358613	0.0142163	0.00448936	0.0145523	0.0232712	0.0209143	0.00935283	0	0.00935283	0.0209143	0.0520991	0.0945771	0.0656239	0.0581538	0.0698899	0.0816554	0.131969	0.115065	0.114315	0.147549	0.168647	0.180227
0.171442	0.177385	0.156234	0.169321	0.149588	0.121899	0.118257	0.107151	0.100685	0.100412	0.0948918	0.071321	0.100412	0.0827772	0.0179228	0.0358456	0.101519	0.112964	0.112964	0.119724	0.117244	0.134313	0.143328	0.136122	0.129974	0.136122	0.0711998	0.0606895	0.0948918	0.0664685	0.0947134	0.105779	0.121123	0.140549	0.139264	0.20377	0.210124	0.193965	0.161197	0.112933	0.118257	0.106084	0.0901313	0.101135	0.112964	0.159756	0.183083	0.160322	0.17864	0.183468	0.178227	0.201418	0.183083	0.224214	0.230581	0.1831	0.203763	0.19655	0.197048	0.224214	0.193262	0.175439	0.185098	0.152355	0.131465	0.142891	0.18132	0.137529	0.126813	0.119521	0.101519	0.155394	0.124477	0.0767047	0.109026	0.106554	0.107151	0.112933	0.142173	0.189099	0.173197	0.169321	0.184877	0.196557	0.203563	0.239278	0.244474	0.227474	0.20653	0.19859	0.21994	0.217179	0.210652	0.187916	0.149585	0.135451	0.149588	0.133636	0.112933	0.098474	0.0964349	0.0396672	0.0934927	0.127702	0.190691	0.147828	0.13222	0.157554	0.137347	0.124733	0.112933	0.107151	0.112933	0.106561	0.0770975	0.0962599	0.0934927	0.067416	0.0901681	0.0950453	0.0236161	0	0.0358456	0.0846605	0.0740329	0.0711998	0.0236161	0.0661101	0.0947134	0.149588	0.149588	0.137662	0.179839	0.155279	0.169324	0.225415	0.157554	0.0934927	0.0532772	0	0	0.0528853	0.105771	0.105771	0.142151	0.169603	0.118609	0.138971	0.149588	0.121899	0.0711998	0	0	0	0.059713	0.112964	0.0532772	0	0	0	0	0	0	0.0179228	0.0980145	0.109026	0.101519	0.112964	0.106084	0.100412	0.0358636	0	0.0358456	0.0888878	0.0897036	0.0358636	0	0	0	0	0	0	0	0	0	0.0711998	0.103267	0.105779	0.105779	0.105779	0.105779	0.129118	0.176408	0.234299	0.292645	0.297919	0.335915	0.422264	0.490822	0.516338	0.493663	0.450747	0.4675	0.510715	0.501203	0.521832	0.485463	0.432842	0.449396	0.477768	0.521912	0.571	0.663602	0.75967	0.841502	0.852001	0.816535	0.740033	0.733398	0.678679	0.606916	0.58804	0.569984	0.562204	0.517963	0.469349	0.4323	0.345033	0.272584	0.242985	0.216453	0.149627	0.0602998	0.0118081	0	0	0.0236161	0.0661101	0.0947134	0.0886971	0.0476714	0	0.0476714	0.0886971	0.098193	0.0846605	0.0358456	0.0358636	0.0770975	0.100557	0.147801	0.150757	0.194039	0.218388	0.254336	0.298998
0.155581	0.17597	0.165708	0.153105	0.132167	0.0798016	0.115302	0.115384	0.0871903	0.117023	0.0847523	0.0835032	0.104053	0.0476533	0.00710275	0.0148966	0.0876075	0.106485	0.108374	0.163712	0.126586	0.131583	0.167347	0.115133	0.129059	0.108259	0.020897	0.0512638	0.0863837	0.0858765	0.109075	0.115709	0.133113	0.156795	0.172983	0.215153	0.197901	0.16192	0.122385	0.119272	0.129947	0.112879	0.120149	0.0914909	0.119664	0.201656	0.160309	0.152608	0.191302	0.190449	0.195911	0.193898	0.168097	0.206842	0.223291	0.210268	0.217368	0.19801	0.199042	0.204634	0.173801	0.166044	0.184718	0.173612	0.152458	0.145788	0.169404	0.13643	0.114058	0.0732293	0.0876075	0.137995	0.131466	0.134088	0.113906	0.136995	0.123283	0.110301	0.162423	0.193997	0.181177	0.16542	0.200583	0.184793	0.187147	0.240272	0.222081	0.211883	0.19538	0.196043	0.221913	0.196483	0.177734	0.147357	0.136609	0.151369	0.14961	0.11335	0.108067	0.120379	0.0814275	0.0560417	0.0809799	0.15092	0.180592	0.12712	0.12995	0.147584	0.118962	0.117262	0.101096	0.114614	0.093584	0.0911541	0.0991133	0.0741316	0.05326	0.022106	0.0641073	0.101508	0.0514103	0.0264348	0.0378375	0.0692495	0.0767918	0.0503297	0.0562531	0.108546	0.111854	0.156795	0.154555	0.156533	0.174626	0.150036	0.176572	0.209395	0.149531	0.0784151	0.0355858	0.00934572	0.00934572	0.0647049	0.109797	0.112085	0.156366	0.179537	0.151562	0.160309	0.142929	0.0957748	0.0503297	0.0264348	0.0264348	0.0264348	0.0911541	0.105531	0.0209344	0	0	0	0.00710275	0.017917	0.0248992	0.0262489	0.0881641	0.103111	0.0864035	0.105778	0.0793093	0.099965	0.066438	0.0266244	0.026658	0.038096	0.0878473	0.0602723	0.00710275	0.017917	0.0248992	0.0264348	0.0264348	0.0264348	0.0264348	0.0264348	0.0264348	0.0523297	0.100269	0.12904	0.132174	0.132174	0.135383	0.168413	0.214092	0.269559	0.316961	0.318864	0.370578	0.445248	0.489099	0.51141	0.497686	0.469309	0.481964	0.533244	0.567884	0.597251	0.555424	0.533818	0.552836	0.581607	0.616791	0.691409	0.750424	0.812746	0.925291	0.899434	0.844128	0.820126	0.789032	0.689586	0.630776	0.605371	0.580343	0.555547	0.49297	0.44594	0.395058	0.311456	0.250261	0.20498	0.180575	0.105681	0.0823298	0.0214902	0.0118039	0.0219933	0.0514103	0.0953065	0.0807808	0.102714	0.0862703	0.00710275	0.0909512	0.107912	0.0840888	0.067077	0.0378375	0.0787444	0.116735	0.10401	0.142964	0.150915	0.199977	0.212987	0.251166	0.279153
0.152239	0.182445	0.144524	0.113332	0.10569	0.0478359	0.108943	0.120606	0.101856	0.143902	0.117221	0.0990796	0.0770358	0.0179091	0	0.0235981	0.0949727	0.101442	0.108943	0.176298	0.122514	0.122514	0.158578	0.118167	0.136018	0.114569	0.105699	0.113532	0.136125	0.139725	0.13253	0.150643	0.189215	0.213038	0.215989	0.170549	0.142291	0.102678	0.12902	0.176111	0.179682	0.176379	0.168675	0.123342	0.149474	0.212482	0.142291	0.159885	0.201229	0.177618	0.203607	0.207043	0.180955	0.219883	0.24253	0.24253	0.230772	0.201265	0.206791	0.206791	0.18354	0.18354	0.195099	0.177618	0.155276	0.161108	0.1602	0.13029	0.101442	0.0590834	0.0949727	0.126717	0.145682	0.163414	0.136423	0.183329	0.149474	0.132119	0.166502	0.177618	0.19044	0.154525	0.178109	0.165428	0.165854	0.219132	0.177618	0.169573	0.18296	0.179002	0.1964	0.147236	0.124637	0.115342	0.119912	0.159414	0.156115	0.118173	0.12103	0.140442	0.105497	0.105699	0.120595	0.169195	0.146522	0.105699	0.12103	0.140442	0.110142	0.084596	0.0954683	0.112878	0.0532365	0.0792674	0.10569	0.0264225	0	0	0.0358182	0.084596	0.0981184	0.105699	0.105699	0.105699	0.105699	0.105699	0.118173	0.149474	0.150314	0.179702	0.168657	0.169195	0.157648	0.150913	0.202375	0.210491	0.146646	0.105699	0.0886296	0.047635	0.047635	0.133534	0.159092	0.170907	0.194637	0.184052	0.165084	0.148197	0.136423	0.102678	0.105699	0.105699	0.105699	0.105699	0.103188	0.0711455	0	0	0	0	0.0358363	0.0770389	0.0995737	0.120595	0.164847	0.157434	0.1542	0.169195	0.122694	0.128743	0.12371	0.107492	0.133641	0.132302	0.0916411	0.0532365	0.0358363	0.0770389	0.0995737	0.105699	0.105699	0.105699	0.105699	0.105699	0.105699	0.120595	0.163427	0.199147	0.211397	0.211397	0.225458	0.260141	0.292649	0.338535	0.364841	0.375444	0.432898	0.469649	0.475542	0.498637	0.521965	0.52848	0.542681	0.599211	0.692401	0.780701	0.831438	0.863047	0.878711	0.891443	0.927696	0.973975	0.991888	1.05966	1.12876	1.05527	1.01128	0.989273	0.883712	0.758702	0.709124	0.663883	0.616335	0.542335	0.456396	0.401831	0.325717	0.254143	0.20688	0.145498	0.0804852	0.0561415	0.106512	0.0295417	0.0560529	0.0909224	0.0981184	0.084596	0.0244263	0.106512	0.0961408	0.0358363	0.112878	0.100942	0.0660598	0.0946414	0.105699	0.143322	0.159092	0.118911	0.147266	0.169188	0.199357	0.194968	0.214247	0.21126
0.171818	0.195415	0.119647	0.0959386	0.10565	0.0735653	0.11083	0.12992	0.123612	0.135967	0.100707	0.0638595	0.0358238	0.00709733	0	0.0402095	0.0965945	0.0864563	0.105873	0.160067	0.113289	0.112717	0.125233	0.120981	0.136089	0.122291	0.132073	0.137183	0.158519	0.176831	0.17606	0.206975	0.225553	0.233137	0.226028	0.168874	0.164227	0.149821	0.160383	0.194698	0.182508	0.180121	0.155044	0.129939	0.15939	0.196138	0.141366	0.172297	0.203734	0.167627	0.223704	0.243912	0.200067	0.231945	0.252886	0.24594	0.219799	0.193665	0.209625	0.209625	0.186745	0.184562	0.182614	0.155815	0.150382	0.181763	0.147957	0.118334	0.093363	0.0715722	0.113048	0.119965	0.158905	0.168224	0.161548	0.206494	0.138322	0.121609	0.141978	0.159793	0.208977	0.153106	0.161036	0.184761	0.168688	0.201654	0.15034	0.143729	0.200143	0.184104	0.189457	0.138489	0.116399	0.113163	0.104937	0.161035	0.159923	0.101482	0.106616	0.138194	0.109884	0.107255	0.130589	0.169392	0.132776	0.105658	0.111397	0.128681	0.0867931	0.0513113	0.10675	0.106414	0.0209184	0.0743884	0.100435	0.0351131	0.0264146	0.0264146	0.0378086	0.0691967	0.0963816	0.105658	0.105658	0.105658	0.105658	0.105658	0.122744	0.15659	0.17283	0.176656	0.163009	0.169392	0.147773	0.157908	0.200609	0.16829	0.101436	0.0697834	0.0984993	0.0915991	0.109594	0.196953	0.183803	0.202053	0.203305	0.177187	0.173583	0.148048	0.173055	0.145865	0.123986	0.112456	0.105658	0.105658	0.0881032	0.056942	0.0435592	0.0512688	0.0528292	0.0528292	0.0934129	0.133485	0.136558	0.164836	0.193905	0.170156	0.183443	0.185639	0.145018	0.157296	0.160068	0.149187	0.172549	0.170225	0.136424	0.095192	0.107031	0.137193	0.130155	0.132073	0.132073	0.138833	0.152027	0.158487	0.158487	0.169521	0.209381	0.228972	0.241188	0.251288	0.274881	0.306243	0.338445	0.378522	0.384331	0.401214	0.451075	0.470175	0.46652	0.478239	0.504166	0.529989	0.557867	0.606394	0.692427	0.77144	0.83849	0.884908	0.91334	0.930971	0.970651	1.00698	1.03178	1.09449	1.11003	1.03947	1.01076	0.963008	0.836015	0.734279	0.678185	0.622621	0.564735	0.500333	0.435474	0.373361	0.305201	0.250065	0.200398	0.156105	0.0693532	0.094121	0.106125	0.0327455	0.093363	0.0912742	0.0701543	0.0403109	0.01756	0.111152	0.0898906	0.0701422	0.115214	0.100297	0.108463	0.105107	0.109146	0.154736	0.156971	0.115696	0.137336	0.174452	0.197147	0.180802	0.19456	0.200737
0.165805	0.179557	0.14149	0.121709	0.10561	0.0996236	0.120006	0.12662	0.113246	0.104597	0.0949005	0.0235802	0	0	0	0.035791	0.0887525	0.106987	0.118077	0.15329	0.136773	0.124543	0.116587	0.135923	0.183884	0.205309	0.211236	0.211236	0.240917	0.293135	0.31795	0.333988	0.326601	0.297853	0.274703	0.28006	0.293787	0.246636	0.225597	0.236164	0.206827	0.171627	0.142191	0.163302	0.191766	0.20094	0.169066	0.182369	0.212866	0.204755	0.268116	0.273801	0.23865	0.27554	0.289534	0.254295	0.207932	0.198023	0.219716	0.219716	0.198023	0.186248	0.166815	0.142183	0.171003	0.182805	0.135915	0.106398	0.100259	0.121713	0.14936	0.137803	0.171638	0.188811	0.1834	0.183873	0.112792	0.100259	0.118077	0.165786	0.20223	0.153725	0.171471	0.182805	0.148085	0.178132	0.123837	0.122421	0.192135	0.186693	0.18617	0.134627	0.117586	0.106432	0.108714	0.139503	0.139503	0.10239	0.089567	0.136326	0.117689	0.112644	0.150798	0.168529	0.123248	0.105618	0.0980435	0.0845316	0.035791	0.035809	0.112792	0.0783199	0	0.053196	0.0933503	0.100404	0.105618	0.105618	0.105618	0.105618	0.105618	0.105618	0.105618	0.105618	0.105618	0.105618	0.139386	0.180357	0.184475	0.169066	0.165007	0.168529	0.132725	0.14936	0.154586	0.0769772	0.00686463	0.0560102	0.160341	0.184596	0.213493	0.272964	0.267317	0.283458	0.262687	0.248043	0.249792	0.236164	0.252924	0.224434	0.18071	0.137835	0.105618	0.105618	0.105618	0.128921	0.176139	0.204867	0.211236	0.211236	0.225597	0.236164	0.246636	0.286528	0.272169	0.243436	0.260049	0.240376	0.240917	0.284895	0.268362	0.261212	0.277784	0.284334	0.305409	0.316851	0.301124	0.25938	0.218471	0.211236	0.211236	0.240917	0.293135	0.316851	0.316851	0.305409	0.309052	0.312271	0.330663	0.371774	0.415608	0.435465	0.451187	0.451925	0.426989	0.445671	0.462656	0.440613	0.413047	0.412167	0.457045	0.539166	0.608572	0.655347	0.737987	0.833185	0.900104	0.957081	1.01724	1.0482	1.08457	1.11973	1.13994	1.15115	1.11674	1.05559	1.00193	0.907278	0.767579	0.675866	0.59442	0.512995	0.421621	0.377786	0.359134	0.309457	0.264407	0.223855	0.17637	0.167778	0.106434	0.125842	0.10561	0.0483073	0.10886	0.0605971	0	0.0235802	0.0727859	0.136773	0.123616	0.0988559	0.124543	0.13876	0.14936	0.118083	0.120503	0.169066	0.14641	0.105618	0.137835	0.186458	0.171627	0.132429	0.153777	0.157848
0.142344	0.131546	0.156405	0.166135	0.105569	0.122344	0.129399	0.113391	0.089768	0.0694767	0.103634	0.0439162	0	0	0	0.0141839	0.0539352	0.110004	0.112749	0.125452	0.138344	0.11665	0.0862517	0.0911253	0.130056	0.153434	0.158367	0.158367	0.197735	0.234038	0.239011	0.259951	0.250397	0.218652	0.210512	0.224737	0.216686	0.179259	0.177056	0.190328	0.152743	0.120153	0.111942	0.146295	0.142952	0.158709	0.144532	0.14565	0.201	0.217682	0.258852	0.24426	0.233657	0.266242	0.258036	0.198419	0.159055	0.181755	0.205158	0.205158	0.181755	0.160785	0.134704	0.123112	0.184449	0.153666	0.119241	0.0910151	0.106333	0.15075	0.131965	0.112201	0.151248	0.190832	0.172795	0.13473	0.10963	0.106333	0.112749	0.181808	0.175214	0.159695	0.184784	0.153666	0.122026	0.165281	0.111602	0.110697	0.168681	0.185831	0.185541	0.133399	0.128067	0.106044	0.143398	0.116032	0.116032	0.160007	0.103419	0.138205	0.11831	0.08687	0.137751	0.133597	0.0894839	0.0791836	0.0701011	0.0445005	0.0141839	0.0660717	0.10963	0.0437448	0	0.0209025	0.0531789	0.0743379	0.0791836	0.0791836	0.0791836	0.0791836	0.0791836	0.0791836	0.0791836	0.0791836	0.0791836	0.0791836	0.13073	0.163937	0.151609	0.144893	0.144842	0.133597	0.0960176	0.131965	0.11391	0.0357965	0.0163632	0.0908125	0.181758	0.19421	0.210112	0.251053	0.254717	0.229631	0.199129	0.198751	0.197287	0.190328	0.205619	0.182068	0.148271	0.130974	0.0791836	0.0791836	0.0791836	0.113914	0.154532	0.154835	0.158367	0.158367	0.177056	0.190328	0.210531	0.228882	0.199208	0.18607	0.207318	0.17973	0.197735	0.226515	0.197545	0.211174	0.216097	0.213062	0.227993	0.237549	0.223258	0.18923	0.163459	0.158367	0.158367	0.197735	0.234038	0.237549	0.237549	0.227993	0.242232	0.24711	0.251029	0.289858	0.321237	0.333861	0.354109	0.349882	0.334293	0.373857	0.371126	0.346554	0.332706	0.33789	0.370823	0.428126	0.463305	0.490094	0.545677	0.619644	0.673584	0.719706	0.766777	0.788852	0.83689	0.876183	0.891943	0.902978	0.883877	0.837681	0.779761	0.701446	0.578753	0.504684	0.447993	0.409402	0.346003	0.305528	0.277912	0.261444	0.254358	0.216161	0.17728	0.185549	0.144177	0.148663	0.105569	0.0700954	0.107361	0.0374531	0	0.0439162	0.097245	0.138344	0.119268	0.0695288	0.11665	0.157357	0.131965	0.0951643	0.0988063	0.144532	0.10874	0.0791836	0.130974	0.160316	0.120153	0.0989909	0.137805	0.126361
0.137747	0.120671	0.165218	0.186806	0.128209	0.131738	0.131521	0.109588	0.078423	0.0696223	0.100128	0.0438995	0	0	0	0	0.0219498	0.0975862	0.109732	0.113348	0.12935	0.101234	0.0816356	0.0791532	0.0791532	0.0894496	0.125945	0.180572	0.226429	0.224262	0.234528	0.278294	0.256956	0.247413	0.27518	0.274494	0.243411	0.237458	0.231801	0.206739	0.164711	0.158306	0.173238	0.198675	0.18272	0.207239	0.213751	0.215468	0.242535	0.256813	0.273033	0.252307	0.259251	0.279935	0.250957	0.184001	0.173126	0.203468	0.204592	0.202857	0.174868	0.153837	0.145965	0.144838	0.196101	0.153837	0.131915	0.132829	0.15859	0.190857	0.144413	0.105752	0.142175	0.181739	0.157129	0.128209	0.127789	0.126154	0.126154	0.178383	0.151495	0.148607	0.174938	0.12935	0.109732	0.153782	0.116605	0.125243	0.163997	0.184947	0.180291	0.137747	0.137016	0.110655	0.158611	0.11156	0.107417	0.174938	0.105529	0.131911	0.110655	0.0480516	0.106293	0.0660466	0	0.00708922	0.0357828	0.0660515	0.0791532	0.0910405	0.090778	0.0219498	0	0	0	0	0	0	0	0	0	0.0208945	0.0531586	0.0743094	0.0791532	0.0791532	0.118265	0.138152	0.103379	0.109588	0.109588	0.0660466	0.0374389	0.0908792	0.0634534	0.0797856	0.111805	0.172632	0.223678	0.231807	0.258421	0.296809	0.302979	0.261186	0.253649	0.269044	0.255944	0.250722	0.249601	0.206739	0.194093	0.231213	0.208585	0.173711	0.158306	0.176989	0.190255	0.160489	0.158306	0.17919	0.239098	0.259851	0.271637	0.26648	0.268004	0.309299	0.333733	0.338197	0.361887	0.343587	0.312329	0.299339	0.260318	0.247413	0.256983	0.247413	0.237458	0.258006	0.297481	0.31661	0.31661	0.308958	0.271159	0.237458	0.242523	0.268004	0.299423	0.296452	0.30556	0.346472	0.365437	0.377909	0.392374	0.389773	0.396398	0.429515	0.414018	0.394816	0.379265	0.3684	0.38026	0.397616	0.396473	0.431707	0.495593	0.560135	0.629138	0.689664	0.732894	0.794812	0.896119	0.923334	0.896104	0.869032	0.824665	0.759228	0.680932	0.575362	0.430947	0.317986	0.254519	0.257006	0.242799	0.231394	0.20211	0.217387	0.238355	0.196709	0.163997	0.180291	0.155317	0.153782	0.119196	0.0909805	0.0989246	0.0847016	0.120107	0.154479	0.181998	0.20554	0.190255	0.177907	0.215468	0.231903	0.198675	0.170157	0.154317	0.146239	0.0987685	0.0950833	0.151502	0.13061	0.0791532	0.0771585	0.0989246	0.078423
0.149787	0.155472	0.177928	0.18828	0.165789	0.11908	0.124145	0.112663	0.0711309	0.0946389	0.0823808	0.0235532	0	0	0	0	0.0117766	0.0769225	0.112663	0.126475	0.119869	0.0817123	0.0944612	0.105498	0.105498	0.123107	0.184352	0.257247	0.28457	0.284055	0.328253	0.358724	0.332855	0.331294	0.362331	0.350504	0.32323	0.31649	0.298202	0.253659	0.217807	0.210994	0.228375	0.24776	0.240972	0.259752	0.272576	0.271856	0.267507	0.282056	0.292037	0.280348	0.297253	0.308968	0.272651	0.212073	0.215876	0.227813	0.203228	0.20956	0.18061	0.168869	0.182561	0.168873	0.192355	0.168869	0.14919	0.179414	0.194698	0.207495	0.164533	0.115985	0.143628	0.165596	0.14895	0.165789	0.149186	0.140175	0.140175	0.153504	0.131618	0.125698	0.151949	0.119869	0.112663	0.136164	0.1244	0.161538	0.175962	0.185075	0.169151	0.149787	0.148621	0.122281	0.158781	0.123695	0.108736	0.151949	0.105489	0.131861	0.122281	0.0825565	0.100144	0.0357681	0	0.017875	0.0768891	0.098891	0.105498	0.0907493	0.0559462	0.0117766	0	0	0	0	0	0	0	0	0	0.0531352	0.0932436	0.10029	0.105498	0.105498	0.117555	0.13617	0.0894645	0.112663	0.112663	0.0357681	0.0605277	0.0565584	0.0562431	0.110607	0.157802	0.220194	0.244773	0.268667	0.327544	0.36589	0.363567	0.331784	0.335837	0.346142	0.324634	0.321123	0.306594	0.253659	0.245775	0.289034	0.284669	0.235985	0.210994	0.22534	0.235895	0.212636	0.210994	0.246354	0.324353	0.333606	0.342859	0.345386	0.362102	0.414949	0.434967	0.453398	0.473443	0.445319	0.415504	0.384464	0.337588	0.331294	0.342863	0.331294	0.31649	0.349144	0.401066	0.421983	0.421983	0.397583	0.345138	0.31649	0.32351	0.362102	0.386195	0.384009	0.413025	0.456742	0.481936	0.496437	0.501722	0.500402	0.512093	0.529518	0.519494	0.49754	0.473219	0.460322	0.486642	0.510361	0.529437	0.585085	0.666745	0.753894	0.84522	0.921326	0.977714	1.06836	1.17593	1.18265	1.13194	1.07382	0.996667	0.913482	0.820424	0.682866	0.543226	0.430651	0.373941	0.312215	0.27489	0.270763	0.27185	0.295451	0.287988	0.220878	0.175962	0.169151	0.145405	0.136164	0.13576	0.106277	0.0768922	0.114415	0.171431	0.203404	0.224177	0.252634	0.235895	0.24287	0.271856	0.268517	0.24776	0.220567	0.198768	0.163115	0.120365	0.134635	0.17936	0.137295	0.105498	0.0993841	0.0768922	0.0711309
0.156663	0.179796	0.183124	0.184529	0.180154	0.092075	0.109862	0.10392	0.0646949	0.102434	0.0648036	0.0398854	0.0496658	0.0527286	0.0527286	0.0527286	0.0513664	0.0776673	0.112101	0.136777	0.119784	0.0696528	0.0788297	0.0994796	0.122214	0.143953	0.191966	0.226232	0.214121	0.243231	0.291948	0.265448	0.249658	0.266406	0.282747	0.255316	0.238865	0.237278	0.232322	0.220767	0.212501	0.210914	0.213761	0.203504	0.173436	0.184446	0.210174	0.202887	0.207077	0.252297	0.265531	0.259146	0.272111	0.267394	0.22536	0.173034	0.198406	0.196078	0.170991	0.192983	0.170988	0.173252	0.184133	0.158453	0.172799	0.163989	0.158527	0.18795	0.175086	0.172635	0.120387	0.0882947	0.142716	0.166195	0.156617	0.186629	0.140987	0.122705	0.122705	0.115777	0.11471	0.104568	0.128429	0.107322	0.0976108	0.113602	0.11561	0.177421	0.184117	0.185497	0.163539	0.15995	0.156599	0.126815	0.151931	0.128399	0.110135	0.133247	0.108568	0.131677	0.131421	0.105226	0.0898339	0.0199417	0	0.0324181	0.101484	0.0730445	0.0263643	0.0219346	0.0117725	0.002237	0	0	0	0	0	0	0.00932082	0.0294757	0.0466059	0.080249	0.0931853	0.0353802	0.0263643	0.0263643	0.0521869	0.0971559	0.0639088	0.103131	0.0968773	0.0479816	0.0884937	0.078932	0.101626	0.112593	0.174735	0.228172	0.247289	0.287036	0.340169	0.340544	0.315905	0.277975	0.269908	0.262547	0.247905	0.26303	0.247111	0.220767	0.209607	0.203512	0.217013	0.215969	0.210914	0.212772	0.204958	0.184688	0.215331	0.26727	0.308708	0.290718	0.315401	0.323877	0.322156	0.346661	0.354321	0.366087	0.353918	0.326005	0.314791	0.306685	0.295057	0.290003	0.283678	0.290003	0.293186	0.318646	0.323302	0.297152	0.280271	0.284103	0.290304	0.290005	0.299823	0.328184	0.332198	0.343983	0.364208	0.368605	0.368256	0.36581	0.373688	0.383703	0.400592	0.42066	0.405935	0.37237	0.364734	0.373839	0.403274	0.397633	0.387601	0.392847	0.403939	0.441753	0.49246	0.547845	0.602106	0.664359	0.700197	0.653578	0.610066	0.590687	0.551254	0.51009	0.428636	0.305583	0.235302	0.254369	0.335548	0.269753	0.195507	0.181959	0.235558	0.314966	0.313309	0.245769	0.196122	0.174682	0.151281	0.137752	0.159501	0.142718	0.141729	0.177321	0.209592	0.221067	0.239112	0.262155	0.235804	0.242699	0.25101	0.244806	0.238638	0.214325	0.207774	0.198105	0.175067	0.149291	0.142922	0.0757989	0.0416853	0.0248329	0.0178693	0.0480052
0.159161	0.195152	0.194058	0.187626	0.182159	0.110802	0.126725	0.118551	0.111807	0.126062	0.0945573	0.107967	0.137344	0.154995	0.158126	0.158126	0.143586	0.137311	0.142026	0.184743	0.206251	0.204653	0.224858	0.26876	0.312206	0.345185	0.381976	0.406554	0.422693	0.466725	0.488161	0.468194	0.477286	0.491974	0.473358	0.446336	0.455057	0.458138	0.435038	0.421662	0.421662	0.421662	0.403862	0.359661	0.319555	0.32929	0.365403	0.377068	0.402192	0.432248	0.430327	0.418305	0.398626	0.369997	0.343606	0.321823	0.344744	0.331495	0.302356	0.294879	0.278052	0.279938	0.274986	0.268423	0.269542	0.263443	0.275888	0.280917	0.266881	0.231244	0.165652	0.158057	0.21372	0.230065	0.213501	0.20502	0.153986	0.144672	0.130518	0.112194	0.124305	0.0858994	0.106229	0.105408	0.0690339	0.107494	0.135434	0.18135	0.194567	0.188458	0.170678	0.176666	0.168713	0.135333	0.143889	0.137068	0.132819	0.132819	0.123377	0.142159	0.150486	0.140068	0.130773	0.0745381	0.0191633	0.0606323	0.108522	0.0520003	0	0	0	0	0	0	0	0.00447229	0.00632504	0.00447229	0.0208333	0.0475081	0.0501765	0.0516586	0.0501735	0.0724748	0.099048	0.0959267	0.0940934	0.124031	0.141693	0.164165	0.19186	0.210834	0.234007	0.257277	0.258631	0.283747	0.365448	0.4256	0.470113	0.510905	0.529908	0.504108	0.489287	0.483756	0.483556	0.47925	0.48257	0.498807	0.48541	0.467825	0.440127	0.405948	0.416318	0.456341	0.474367	0.456341	0.427799	0.433247	0.495053	0.558296	0.581093	0.60299	0.653312	0.67438	0.681315	0.692755	0.70046	0.7019	0.669351	0.639196	0.632478	0.632478	0.632478	0.619863	0.606127	0.619863	0.635711	0.632388	0.597459	0.561668	0.550274	0.582166	0.619863	0.632478	0.640727	0.6542	0.655197	0.665656	0.675967	0.672298	0.665699	0.668205	0.685154	0.697022	0.704969	0.720524	0.705378	0.688931	0.7111	0.736759	0.733924	0.7	0.668673	0.64193	0.618388	0.625018	0.66798	0.721182	0.774836	0.799066	0.767794	0.703417	0.656762	0.618368	0.55306	0.474639	0.333804	0.203982	0.163191	0.237539	0.332942	0.303341	0.228875	0.219187	0.268905	0.32822	0.34024	0.304279	0.270842	0.265012	0.262412	0.279245	0.320543	0.364255	0.442468	0.489351	0.509264	0.533879	0.550434	0.541002	0.5184	0.527399	0.530791	0.522106	0.502924	0.478343	0.474367	0.461379	0.419287	0.336262	0.245991	0.164787	0.106235	0.0569752	0.035725	0.0166416
0.16222	0.225068	0.220652	0.197451	0.176711	0.130117	0.153603	0.149086	0.154513	0.147227	0.108328	0.121409	0.136668	0.152028	0.158065	0.158065	0.148519	0.144246	0.12915	0.183453	0.236712	0.260299	0.284336	0.323233	0.33986	0.373842	0.425592	0.449553	0.461301	0.47318	0.462513	0.454187	0.460166	0.443659	0.40309	0.397868	0.437853	0.443046	0.398654	0.368814	0.368814	0.368814	0.358944	0.33588	0.327867	0.366924	0.403514	0.41527	0.446091	0.461008	0.457976	0.451997	0.422009	0.397731	0.388955	0.358433	0.35649	0.331249	0.298529	0.292172	0.282428	0.272594	0.274881	0.267854	0.263343	0.269439	0.270293	0.268995	0.258729	0.192562	0.135177	0.14455	0.195756	0.19101	0.168616	0.149459	0.121451	0.131714	0.0884067	0.0972358	0.117807	0.0465686	0.0858648	0.105368	0.0377053	0.0767119	0.141166	0.187695	0.20619	0.181777	0.164095	0.196255	0.197451	0.166467	0.13858	0.133904	0.13776	0.119645	0.110114	0.128902	0.139812	0.124258	0.122501	0.113305	0.0685031	0.0898252	0.0981498	0.0235263	0	0	0	0	0	0	0	0.0144908	0.0131721	0.0144908	0.0208254	0.0474901	0.0501573	0.0634933	0.0999261	0.162627	0.199329	0.195093	0.162662	0.14587	0.177079	0.218233	0.250615	0.263441	0.273634	0.28664	0.303641	0.352782	0.421079	0.469946	0.505673	0.531649	0.545424	0.52167	0.504162	0.493562	0.476884	0.472901	0.479155	0.491924	0.480602	0.461766	0.439366	0.423994	0.438418	0.464283	0.474186	0.464283	0.461829	0.480579	0.509044	0.549851	0.587526	0.639734	0.683201	0.692451	0.703772	0.706408	0.698686	0.690121	0.659137	0.635405	0.632236	0.632236	0.632236	0.625686	0.619066	0.625686	0.629147	0.601883	0.554238	0.54779	0.576353	0.612869	0.627347	0.632236	0.627347	0.627967	0.622083	0.619789	0.636651	0.646378	0.65261	0.660656	0.676427	0.683423	0.679359	0.689117	0.686103	0.700359	0.739718	0.766427	0.755488	0.726436	0.683423	0.625325	0.581494	0.562305	0.574508	0.574943	0.573762	0.559554	0.524615	0.487968	0.45074	0.401975	0.336003	0.241802	0.0957111	0.0607735	0.0784994	0.179711	0.251975	0.27211	0.22358	0.2222	0.259312	0.293395	0.3233	0.294501	0.263433	0.271223	0.279312	0.309672	0.363644	0.430168	0.517887	0.550752	0.572154	0.594909	0.595274	0.571021	0.550223	0.558083	0.556429	0.549463	0.516393	0.480944	0.474186	0.450931	0.412553	0.355269	0.277685	0.220215	0.171739	0.118643	0.08434	0.0357093
0.158785	0.239372	0.221805	0.183015	0.157912	0.134148	0.168416	0.15116	0.137732	0.121239	0.0902836	0.109116	0.114206	0.080053	0.0774388	0.0695712	0.108307	0.111789	0.0697175	0.0975156	0.135255	0.156433	0.179814	0.200982	0.192721	0.230357	0.278226	0.287565	0.283115	0.263026	0.238664	0.239504	0.208929	0.183353	0.166369	0.184407	0.203774	0.193718	0.185508	0.158005	0.158005	0.158005	0.158005	0.159593	0.180147	0.245891	0.272473	0.275626	0.286031	0.280956	0.290188	0.285182	0.251836	0.252881	0.255881	0.204288	0.210118	0.184668	0.152587	0.179087	0.176229	0.16615	0.189956	0.164991	0.172196	0.172109	0.158346	0.173019	0.142014	0.0805983	0.0739805	0.0976051	0.138051	0.120886	0.110643	0.0865512	0.0854375	0.105377	0.0363061	0.0956465	0.10555	0.0103268	0.074162	0.105802	0.0317321	0.0400005	0.11355	0.179643	0.208495	0.164385	0.123592	0.166403	0.18116	0.175281	0.130974	0.126955	0.132087	0.105517	0.0827631	0.106214	0.124406	0.102568	0.0926215	0.110461	0.116103	0.103856	0.0840194	0.00836849	0	0	0	0.00931018	0.0208189	0.0263343	0.0263343	0.0353398	0.0300211	0.0353398	0.0335696	0.0569318	0.0858496	0.102226	0.125173	0.165938	0.16043	0.166187	0.165744	0.138851	0.151731	0.174619	0.184339	0.184339	0.184339	0.187794	0.21454	0.268772	0.325613	0.361935	0.35882	0.365726	0.372784	0.337228	0.321553	0.316679	0.261488	0.236252	0.232778	0.235536	0.217156	0.211648	0.22823	0.223007	0.214318	0.210673	0.212259	0.220515	0.24686	0.265628	0.278928	0.318237	0.331798	0.37338	0.372555	0.350178	0.358808	0.344438	0.341492	0.322773	0.296331	0.289674	0.289674	0.289674	0.289674	0.289674	0.289674	0.289674	0.286532	0.270508	0.250268	0.258334	0.289936	0.315638	0.297205	0.289674	0.288515	0.301803	0.289346	0.290665	0.323645	0.319666	0.327457	0.337376	0.357588	0.358978	0.363237	0.393108	0.377863	0.382036	0.422957	0.421153	0.39146	0.381626	0.34688	0.311296	0.28656	0.269262	0.298021	0.291465	0.27779	0.268774	0.245402	0.240256	0.21145	0.148787	0.115767	0.0492269	0.0970997	0.0978262	0.0750602	0.138894	0.176795	0.208174	0.191928	0.21021	0.227071	0.234389	0.275345	0.241204	0.192906	0.188636	0.184086	0.204118	0.242062	0.291462	0.344435	0.329603	0.344604	0.358965	0.3391	0.314837	0.314176	0.322004	0.303301	0.284779	0.256832	0.238592	0.227359	0.227058	0.241452	0.210557	0.207267	0.19687	0.15382	0.114176	0.108307	0.0738371
0.227051	0.264539	0.243358	0.217285	0.196015	0.212843	0.231037	0.204746	0.178999	0.175441	0.188451	0.197095	0.159036	0.1131	0.0991949	0.0767458	0.106074	0.102796	0.105297	0.128529	0.175603	0.204244	0.224911	0.235445	0.244453	0.303164	0.332476	0.332184	0.310278	0.284773	0.260589	0.241222	0.210457	0.204244	0.217392	0.23728	0.198914	0.176585	0.195666	0.210593	0.210593	0.210593	0.210593	0.217392	0.257057	0.317673	0.332184	0.343388	0.343213	0.340315	0.343738	0.32152	0.294071	0.285846	0.255553	0.212227	0.226748	0.212227	0.202673	0.235445	0.225278	0.203269	0.209691	0.201278	0.204746	0.182805	0.168551	0.146842	0.124163	0.101457	0.139193	0.134379	0.121342	0.117717	0.106074	0.0761741	0.0946114	0.0897566	0.017841	0.0868132	0.108529	0.0235084	0.053034	0.112449	0.0594404	0.0481602	0.108529	0.164775	0.210575	0.1678	0.138983	0.177824	0.17248	0.177589	0.145128	0.126235	0.134733	0.108529	0.0827388	0.108529	0.102604	0.0823993	0.0999538	0.106074	0.135501	0.12938	0.0999538	0.0357	0	0	0	0.0474538	0.0882925	0.105297	0.105297	0.100099	0.0921346	0.100099	0.105297	0.120136	0.162805	0.198389	0.235091	0.259258	0.226199	0.235536	0.284127	0.309751	0.315887	0.315887	0.315887	0.315887	0.315887	0.329656	0.359894	0.398901	0.438103	0.457165	0.453651	0.464219	0.474615	0.426622	0.382595	0.350454	0.296106	0.261573	0.239644	0.235445	0.217073	0.226199	0.27134	0.285656	0.240184	0.210593	0.217392	0.253176	0.296718	0.308111	0.338333	0.379638	0.368787	0.366862	0.365555	0.372558	0.386998	0.37064	0.369469	0.339921	0.315887	0.315887	0.315887	0.315887	0.315887	0.315887	0.315887	0.315887	0.315887	0.315887	0.315887	0.322615	0.349837	0.361641	0.330664	0.315887	0.332221	0.358041	0.342694	0.345483	0.36666	0.353166	0.363453	0.385704	0.42135	0.453035	0.481383	0.497519	0.472558	0.46969	0.505209	0.494567	0.457453	0.424862	0.39595	0.389778	0.361413	0.307391	0.252153	0.206005	0.203731	0.24087	0.249713	0.236134	0.229894	0.189155	0.131614	0.0870472	0.0930661	0.053034	0.035682	0.106109	0.165869	0.212218	0.212218	0.224387	0.248325	0.243792	0.278149	0.293163	0.284123	0.289259	0.310153	0.357559	0.41751	0.45972	0.474199	0.464568	0.470152	0.474551	0.45972	0.435605	0.434139	0.432138	0.387326	0.33922	0.315887	0.30946	0.279208	0.271338	0.296369	0.278431	0.274367	0.265429	0.212843	0.167519	0.143355	0.10967
0.235733	0.241889	0.238633	0.226681	0.200401	0.234823	0.219941	0.196686	0.176555	0.183289	0.188377	0.170102	0.136426	0.110369	0.10373	0.116102	0.11001	0.0944472	0.118859	0.158205	0.199983	0.2101	0.235142	0.251751	0.27373	0.329988	0.330241	0.326807	0.29995	0.283971	0.25419	0.223871	0.216911	0.205214	0.214841	0.224857	0.184198	0.181759	0.191795	0.210512	0.210512	0.210512	0.212097	0.225211	0.27906	0.330393	0.337771	0.349075	0.33998	0.341906	0.333735	0.310208	0.294676	0.276049	0.243775	0.227599	0.2289	0.209993	0.205121	0.223	0.209065	0.192463	0.198473	0.214189	0.187129	0.161509	0.163603	0.112738	0.120521	0.113957	0.116319	0.117977	0.0949926	0.113478	0.0903754	0.0680186	0.104008	0.0638147	0.00707034	0.0634159	0.107131	0.0437826	0.0220051	0.107034	0.0860665	0.071678	0.11143	0.140824	0.207362	0.180883	0.175683	0.189253	0.152905	0.164208	0.154627	0.114608	0.124954	0.102286	0.0806865	0.105506	0.0709205	0.051822	0.103579	0.0986611	0.125086	0.137785	0.112406	0.0670829	0.0117501	0.0218929	0.0299311	0.100549	0.121037	0.105256	0.108731	0.114265	0.118456	0.12667	0.13157	0.147672	0.190992	0.204994	0.240203	0.253401	0.220738	0.225729	0.260467	0.284497	0.291036	0.299261	0.310807	0.315766	0.315766	0.33009	0.363945	0.405167	0.437936	0.451651	0.454818	0.459205	0.459446	0.390451	0.345725	0.320791	0.290012	0.253132	0.233141	0.241021	0.219321	0.220738	0.251023	0.279929	0.255978	0.225253	0.236544	0.274949	0.301937	0.310018	0.351315	0.377304	0.358955	0.349518	0.381684	0.403562	0.371731	0.344849	0.33967	0.308088	0.289453	0.289453	0.291036	0.299261	0.310807	0.315766	0.309258	0.296105	0.289453	0.289453	0.294495	0.310568	0.336585	0.328547	0.299347	0.291036	0.312255	0.334843	0.323163	0.335176	0.349518	0.343445	0.363397	0.388272	0.420911	0.455087	0.460625	0.457912	0.446771	0.46225	0.49603	0.472256	0.428449	0.39114	0.375108	0.36938	0.344581	0.295012	0.215449	0.150302	0.143513	0.192345	0.226496	0.199697	0.205406	0.20827	0.132269	0.0677779	0.0351819	0.0165248	0.0376649	0.080937	0.15123	0.215797	0.222331	0.217203	0.255814	0.251445	0.256188	0.288344	0.303497	0.315322	0.337542	0.38152	0.433619	0.461445	0.470281	0.46814	0.462504	0.465354	0.44726	0.428062	0.426023	0.40962	0.365505	0.33083	0.315766	0.306897	0.286752	0.27075	0.287526	0.291776	0.277342	0.27474	0.228176	0.201067	0.153246	0.107178
0.241444	0.242502	0.248496	0.227695	0.21877	0.239658	0.205434	0.189676	0.186772	0.190113	0.147042	0.105216	0.105216	0.105216	0.113014	0.156715	0.164095	0.13152	0.162681	0.220444	0.235266	0.228219	0.268745	0.303241	0.338075	0.35744	0.321543	0.310131	0.303285	0.295841	0.245698	0.215272	0.22358	0.207016	0.204528	0.184239	0.165233	0.196944	0.210432	0.210432	0.210432	0.210432	0.217226	0.249678	0.315012	0.353754	0.354117	0.346381	0.331931	0.332223	0.318096	0.305676	0.295624	0.273658	0.27152	0.273658	0.232098	0.201594	0.198447	0.180902	0.175307	0.185749	0.201594	0.209531	0.145977	0.131516	0.148792	0.108454	0.102717	0.0939092	0.0657583	0.0942094	0.100022	0.0929952	0.0645217	0.0767177	0.100979	0.0356548	0	0.0526039	0.105208	0.0526039	0.0356728	0.112363	0.0780219	0.0888812	0.127416	0.126139	0.191404	0.193956	0.20579	0.199235	0.15314	0.148013	0.151173	0.108446	0.0825873	0.100597	0.107018	0.117628	0.0821613	0.0410807	0.0766843	0.10658	0.123814	0.137301	0.136363	0.0888812	0.0557971	0.0905074	0.120044	0.168423	0.145853	0.105216	0.120044	0.162681	0.198238	0.210432	0.210432	0.216907	0.235266	0.216907	0.235266	0.235266	0.210432	0.210432	0.210432	0.210432	0.217226	0.252982	0.297407	0.315646	0.315646	0.328196	0.373731	0.41171	0.437768	0.452531	0.434578	0.426606	0.393645	0.307602	0.283298	0.294081	0.283906	0.235356	0.234911	0.25906	0.226026	0.210432	0.210432	0.242222	0.273658	0.269791	0.293022	0.310939	0.307876	0.317456	0.364827	0.368506	0.343476	0.353754	0.412206	0.405017	0.31069	0.271131	0.261373	0.226026	0.210432	0.210432	0.217226	0.252982	0.297407	0.315646	0.29202	0.24	0.210432	0.210432	0.232071	0.275374	0.279983	0.235356	0.210432	0.217226	0.246637	0.269093	0.272872	0.305432	0.308668	0.31743	0.354084	0.368477	0.395295	0.410862	0.379348	0.365416	0.386993	0.434133	0.452084	0.402935	0.348698	0.317381	0.310939	0.308908	0.309223	0.29202	0.24	0.208315	0.22358	0.223963	0.182702	0.155647	0.165174	0.178873	0.140951	0.069486	0.0766873	0.0991191	0.105216	0.113014	0.156715	0.225531	0.258411	0.252633	0.281455	0.310041	0.307874	0.328795	0.374076	0.409051	0.421679	0.433808	0.459516	0.468067	0.468072	0.461808	0.446578	0.433787	0.40834	0.408171	0.399996	0.348214	0.315646	0.315646	0.315646	0.301175	0.291313	0.271131	0.280777	0.292787	0.277937	0.277011	0.22377	0.217498	0.156715	0.139979
0.197497	0.209449	0.210006	0.184381	0.210828	0.204191	0.176867	0.158305	0.158877	0.149137	0.100555	0.0788824	0.0788824	0.0788824	0.0840269	0.116642	0.143919	0.09834	0.145739	0.191288	0.189604	0.181348	0.22353	0.254425	0.285772	0.282029	0.250875	0.251854	0.263028	0.230263	0.178577	0.163259	0.181375	0.160009	0.15285	0.13386	0.12342	0.143796	0.157764	0.157764	0.157764	0.157764	0.164148	0.203665	0.270568	0.302152	0.291964	0.274054	0.277131	0.27711	0.259996	0.245018	0.230368	0.210193	0.217101	0.209711	0.164366	0.157055	0.166332	0.129712	0.151253	0.159706	0.157055	0.16474	0.102199	0.111552	0.131463	0.0831486	0.0623615	0.0690332	0.0942226	0.0813562	0.0740552	0.0529767	0.041065	0.0972519	0.087512	0.0141299	0	0.0525838	0.105168	0.0525838	0.0658204	0.109213	0.0435784	0.100297	0.149105	0.11296	0.168039	0.2054	0.227753	0.208208	0.159088	0.121725	0.138417	0.107049	0.0251635	0.0739676	0.109933	0.112506	0.0997853	0.0498927	0.0356604	0.109586	0.131071	0.134718	0.169959	0.100297	0.0904671	0.0907288	0.0984305	0.143982	0.108327	0.0788824	0.0984305	0.145739	0.153789	0.157764	0.157764	0.166297	0.189604	0.166297	0.189604	0.189604	0.157764	0.157764	0.157764	0.157764	0.164148	0.206031	0.231008	0.236646	0.236646	0.252683	0.311414	0.331805	0.363612	0.381244	0.344905	0.360786	0.316068	0.243936	0.223495	0.237005	0.22154	0.173116	0.192875	0.206529	0.168053	0.157764	0.157764	0.177298	0.209711	0.20332	0.22768	0.236995	0.240838	0.255197	0.309556	0.298992	0.274988	0.302152	0.366657	0.334933	0.235298	0.215189	0.201071	0.168053	0.157764	0.157764	0.164148	0.206031	0.231008	0.236646	0.233148	0.196983	0.157764	0.157764	0.184032	0.221267	0.206061	0.173116	0.157764	0.164148	0.199694	0.222234	0.219322	0.246928	0.236691	0.270079	0.313908	0.309212	0.346676	0.353731	0.316608	0.299787	0.334936	0.3856	0.370286	0.314635	0.265242	0.236857	0.236995	0.243242	0.232627	0.233148	0.196983	0.15594	0.181375	0.161611	0.0952172	0.120792	0.141803	0.131046	0.15581	0.149684	0.0985858	0.0768944	0.0788824	0.0840269	0.116642	0.171804	0.216498	0.216153	0.208927	0.242322	0.238618	0.240819	0.276527	0.305698	0.31662	0.332591	0.369127	0.36323	0.354722	0.361727	0.342084	0.324406	0.313697	0.308489	0.296463	0.257123	0.236646	0.236646	0.236646	0.239644	0.246788	0.215189	0.248773	0.276139	0.281606	0.293385	0.22181	0.218228	0.132646	0.131169
0.253636	0.28262	0.266098	0.247956	0.251583	0.223212	0.214533	0.200599	0.191572	0.185154	0.191576	0.210272	0.210272	0.210272	0.197568	0.183045	0.194036	0.190672	0.22341	0.22781	0.211904	0.226291	0.286265	0.324574	0.333626	0.308899	0.293858	0.297507	0.29179	0.238189	0.210272	0.201033	0.176316	0.124675	0.1119	0.146932	0.191576	0.210272	0.210272	0.210272	0.210272	0.210272	0.226865	0.285057	0.331678	0.337739	0.320826	0.315536	0.331678	0.331678	0.308899	0.285057	0.262343	0.257694	0.270925	0.237465	0.210272	0.207791	0.211904	0.201033	0.217535	0.211904	0.191574	0.164666	0.129099	0.162288	0.160414	0.113433	0.105136	0.100085	0.0947631	0.0415557	0	0	0.0207778	0.0881536	0.102637	0.0473831	0.00929244	0.0670061	0.108363	0.0500399	0.0876613	0.11643	0.0749188	0.140618	0.182563	0.176799	0.232495	0.252436	0.2502	0.226279	0.182563	0.139695	0.151267	0.131413	0.0929281	0.100085	0.0947631	0.0788456	0.103889	0.0707669	0.038313	0.117538	0.133043	0.153812	0.187	0.126388	0.114939	0.103891	0.111896	0.148679	0.117544	0.1119	0.14693	0.169573	0.124675	0.105136	0.134022	0.183045	0.185154	0.170844	0.191572	0.189532	0.185856	0.210272	0.210272	0.210272	0.211908	0.235087	0.224568	0.238011	0.312241	0.387293	0.435064	0.435064	0.441758	0.433866	0.39216	0.393036	0.329981	0.273304	0.267557	0.273304	0.241609	0.210272	0.235087	0.208827	0.146932	0.1119	0.105136	0.113433	0.150128	0.167528	0.196908	0.208827	0.22341	0.246033	0.297356	0.297937	0.31168	0.356156	0.371693	0.297356	0.220882	0.232315	0.224568	0.210272	0.210272	0.210272	0.226865	0.258863	0.232875	0.210272	0.249349	0.29968	0.29635	0.251077	0.204018	0.164666	0.137206	0.172856	0.203807	0.226865	0.258863	0.270604	0.258863	0.261682	0.273304	0.31168	0.353231	0.373549	0.41055	0.392046	0.348312	0.331678	0.335686	0.33658	0.290448	0.232496	0.196908	0.197568	0.207791	0.211904	0.201033	0.249349	0.29968	0.295767	0.26185	0.22857	0.204652	0.196908	0.196025	0.206327	0.233054	0.22321	0.159062	0.113433	0.105136	0.105136	0.124675	0.176316	0.246033	0.277223	0.282626	0.320966	0.324179	0.348322	0.40131	0.420538	0.435467	0.45902	0.449129	0.407288	0.387293	0.383143	0.34931	0.345832	0.357495	0.330904	0.315406	0.315406	0.315406	0.29635	0.251077	0.253811	0.295321	0.259194	0.269479	0.302533	0.314425	0.308883	0.246025	0.252436	0.208827	0.235087
0.27882	0.290344	0.25269	0.247862	0.227723	0.214451	0.223127	0.200523	0.185084	0.191499	0.199447	0.210192	0.210192	0.210192	0.200957	0.193962	0.182975	0.191503	0.223324	0.220798	0.211823	0.245939	0.308777	0.339014	0.326703	0.302572	0.293746	0.290941	0.277118	0.23297	0.210192	0.197492	0.159818	0.118961	0.11339	0.164603	0.199447	0.210192	0.210192	0.210192	0.210192	0.210192	0.232786	0.304276	0.331552	0.329855	0.320704	0.322449	0.331552	0.331552	0.302572	0.279446	0.257596	0.262243	0.270822	0.23074	0.210192	0.200957	0.211823	0.207712	0.207712	0.211823	0.186941	0.146876	0.133001	0.169508	0.146874	0.111858	0.105096	0.0928927	0.0587496	0.0185778	0	0	0.0092889	0.047365	0.102598	0.0881199	0.0207699	0.0928851	0.108322	0.0382983	0.100471	0.129041	0.103851	0.15121	0.182493	0.21863	0.25234	0.232406	0.216847	0.214445	0.182493	0.139642	0.140565	0.131363	0.100047	0.0928927	0.0587496	0.0262719	0.0914821	0.0956315	0.100471	0.117493	0.120752	0.178669	0.174516	0.138085	0.103851	0.114895	0.140565	0.148622	0.117499	0.11339	0.160353	0.162226	0.118961	0.105096	0.153199	0.193962	0.170527	0.182501	0.185084	0.189459	0.200094	0.210192	0.210192	0.210192	0.211827	0.234997	0.224482	0.249254	0.338127	0.398997	0.434898	0.434898	0.428904	0.419134	0.385352	0.369811	0.308781	0.267455	0.273199	0.267455	0.232786	0.210192	0.234997	0.195956	0.164603	0.11339	0.105096	0.111858	0.139339	0.170527	0.202876	0.214455	0.223324	0.253539	0.297242	0.315819	0.335558	0.364166	0.336457	0.262731	0.227723	0.23882	0.224482	0.210192	0.210192	0.210192	0.232786	0.258764	0.226779	0.210192	0.23792	0.290204	0.301433	0.26175	0.197055	0.146876	0.146874	0.18809	0.204574	0.232786	0.258764	0.270501	0.258764	0.255576	0.293302	0.304276	0.362262	0.408705	0.410393	0.375712	0.340665	0.331552	0.311561	0.297242	0.280052	0.232408	0.202876	0.200957	0.200957	0.211823	0.207712	0.23792	0.290204	0.297399	0.250981	0.224675	0.203729	0.183212	0.187858	0.232221	0.22467	0.19595	0.151214	0.111858	0.105096	0.105096	0.118961	0.159818	0.226204	0.264371	0.273203	0.315966	0.320307	0.355545	0.40501	0.420378	0.438461	0.458845	0.433313	0.4033	0.384012	0.373878	0.3457	0.349177	0.357359	0.328685	0.315286	0.315286	0.315286	0.301433	0.26175	0.245417	0.295209	0.289301	0.278819	0.324438	0.350141	0.296798	0.235172	0.232406	0.195956	0.234997
0.251156	0.243617	0.210187	0.22198	0.213136	0.22198	0.216253	0.181168	0.167314	0.181168	0.167314	0.129413	0.0946495	0.0787921	0.0983179	0.145572	0.153613	0.159757	0.189387	0.182473	0.181168	0.222959	0.255641	0.249812	0.216251	0.204602	0.191439	0.183542	0.169379	0.11335	0.10044	0.139286	0.157584	0.157584	0.154069	0.153768	0.11335	0.0787921	0.0946495	0.129413	0.152675	0.167861	0.213779	0.276443	0.276422	0.276793	0.276814	0.283488	0.283953	0.263228	0.221548	0.205841	0.187534	0.197769	0.190897	0.157584	0.157584	0.154069	0.153768	0.126884	0.124603	0.144014	0.0983179	0.0787921	0.0812631	0.0941148	0.0436991	0	0	0	0	0	0.0141137	0.0442805	0.0697545	0.0787921	0.111424	0.131313	0.0830535	0.117725	0.120657	0.0914429	0.144177	0.163931	0.157553	0.176684	0.196969	0.227496	0.219054	0.18288	0.180856	0.197494	0.163193	0.120657	0.120657	0.0941148	0.0436991	0	0	0	0.0739643	0.11015	0.13639	0.122272	0.131409	0.183537	0.159085	0.149668	0.132934	0.157867	0.169618	0.143754	0.0983179	0.0958852	0.144177	0.112316	0.0787921	0.0946495	0.15081	0.157867	0.139067	0.181168	0.174078	0.162164	0.158124	0.139286	0.157584	0.157584	0.171126	0.205841	0.206997	0.243212	0.29163	0.269253	0.27066	0.2765	0.276443	0.273742	0.241466	0.235094	0.197557	0.18813	0.21215	0.197769	0.169381	0.157584	0.162164	0.115179	0.15081	0.102082	0.0787921	0.0787921	0.0890416	0.124603	0.151058	0.15081	0.164551	0.216825	0.263715	0.277154	0.271787	0.266686	0.21686	0.176684	0.183712	0.18312	0.156875	0.147941	0.157584	0.157584	0.176181	0.182473	0.128074	0.0946495	0.0787921	0.0787921	0.11335	0.151639	0.120137	0.0936194	0.125737	0.137124	0.111295	0.155905	0.173551	0.204334	0.196312	0.197769	0.241691	0.222847	0.306267	0.352341	0.306267	0.262625	0.249166	0.24874	0.22296	0.235094	0.236299	0.189986	0.143754	0.0983179	0.0894211	0.137533	0.111648	0.0787921	0.0787921	0.0983179	0.0982275	0.105008	0.110244	0.142503	0.153768	0.19325	0.146298	0.118679	0.105316	0.0848046	0.119559	0.147941	0.157584	0.157584	0.174078	0.181168	0.154069	0.196758	0.221173	0.223626	0.196743	0.198223	0.224429	0.232093	0.227906	0.23438	0.227565	0.234255	0.227906	0.22775	0.196758	0.152675	0.129413	0.0946495	0.0787921	0.111648	0.137533	0.099935	0.168511	0.210053	0.223267	0.281667	0.321783	0.274536	0.234403	0.240652	0.227261	0.271537
0.279069	0.2929	0.276911	0.268581	0.271567	0.268581	0.24198	0.223154	0.21207	0.223154	0.21207	0.182836	0.134021	0.105016	0.119816	0.162371	0.197861	0.211666	0.234818	0.221869	0.223154	0.267754	0.28077	0.271408	0.25792	0.251482	0.22026	0.211106	0.185616	0.128186	0.146762	0.195145	0.210031	0.210031	0.2037	0.175135	0.128186	0.105016	0.134021	0.182836	0.204139	0.225596	0.286125	0.331008	0.331299	0.331591	0.331299	0.345778	0.342299	0.300918	0.268581	0.258567	0.238136	0.246629	0.233966	0.210031	0.210031	0.2037	0.175135	0.151225	0.167586	0.161556	0.119816	0.105016	0.0940301	0.0656332	0.0234458	0	0	0	0	0	0.035587	0.0840498	0.0974847	0.105016	0.131266	0.148509	0.108248	0.117019	0.131263	0.139537	0.168102	0.185265	0.199432	0.205379	0.222763	0.228379	0.213191	0.206744	0.196894	0.201032	0.155107	0.131263	0.131263	0.0656332	0.0234458	0	0	0	0.0625623	0.121723	0.147944	0.157554	0.170173	0.170028	0.153333	0.176959	0.195391	0.19381	0.189604	0.163783	0.119816	0.132203	0.168102	0.126666	0.105016	0.134021	0.178541	0.19381	0.192565	0.223154	0.224678	0.187949	0.189315	0.195145	0.210031	0.210031	0.230776	0.258567	0.273336	0.321557	0.353444	0.327499	0.314413	0.33515	0.331008	0.302356	0.269562	0.263368	0.236644	0.237007	0.262216	0.246629	0.21956	0.210031	0.187949	0.151273	0.178541	0.145699	0.105016	0.105016	0.122546	0.167586	0.17524	0.178541	0.209132	0.26476	0.304507	0.299464	0.290705	0.282284	0.234283	0.205379	0.220836	0.214972	0.201211	0.199663	0.210031	0.210031	0.224311	0.221869	0.175135	0.134021	0.105016	0.105016	0.128186	0.173388	0.168717	0.12573	0.156948	0.1529	0.157081	0.20403	0.211662	0.256135	0.248368	0.246629	0.273636	0.262531	0.336195	0.378615	0.336195	0.297016	0.295014	0.289081	0.25843	0.263368	0.239376	0.206548	0.163783	0.119816	0.119503	0.158064	0.127753	0.105016	0.105016	0.119816	0.13127	0.129936	0.158612	0.192956	0.175135	0.183543	0.151174	0.122911	0.127912	0.121901	0.170649	0.199663	0.210031	0.210031	0.224678	0.223154	0.2037	0.239544	0.283783	0.278464	0.250822	0.270617	0.289005	0.294988	0.297882	0.295769	0.297715	0.295927	0.297882	0.284895	0.239544	0.204139	0.182836	0.134021	0.105016	0.127753	0.158064	0.149663	0.183801	0.202795	0.248184	0.261028	0.264805	0.26055	0.254771	0.278152	0.301984	0.355835
0.267857	0.286942	0.250526	0.212164	0.2257	0.208977	0.195532	0.202983	0.186578	0.188586	0.151515	0.152526	0.141778	0.13122	0.134675	0.144753	0.154347	0.159636	0.189243	0.188836	0.212449	0.262062	0.2598	0.248325	0.241508	0.220497	0.169971	0.159372	0.124592	0.0948776	0.14408	0.139888	0.104976	0.104976	0.103413	0.0954914	0.0985187	0.118825	0.146017	0.166762	0.164542	0.199548	0.25841	0.2814	0.281371	0.286129	0.286514	0.294835	0.270105	0.212636	0.198215	0.194957	0.166988	0.167998	0.140344	0.125087	0.140971	0.130158	0.101827	0.106879	0.139245	0.106149	0.0822146	0.0669092	0.0372423	0.0144364	0.00445358	0	0	0.0092783	0.0293413	0.0463933	0.0651009	0.0938234	0.0700183	0.0669092	0.116164	0.135418	0.0852574	0.102982	0.144317	0.162795	0.162246	0.190071	0.213585	0.209398	0.222723	0.21827	0.21421	0.220283	0.20296	0.189195	0.144079	0.139482	0.125414	0.0656761	0.0557264	0.0524881	0.0524881	0.0524881	0.0787112	0.137211	0.152596	0.179524	0.184128	0.150468	0.152306	0.184767	0.21244	0.168907	0.148469	0.119229	0.0930836	0.131584	0.139258	0.0974475	0.105793	0.143483	0.165591	0.17406	0.144554	0.150696	0.146294	0.11326	0.172085	0.174912	0.154347	0.164156	0.194092	0.216694	0.227902	0.260063	0.271759	0.239101	0.230907	0.269192	0.252827	0.226488	0.219995	0.209066	0.183357	0.178514	0.19156	0.155664	0.112638	0.104976	0.0953268	0.0717935	0.117834	0.111931	0.0787321	0.0787321	0.086718	0.122346	0.116726	0.142297	0.191865	0.24279	0.26804	0.243391	0.238371	0.234023	0.183647	0.160531	0.181732	0.152776	0.133202	0.114768	0.125087	0.147828	0.163078	0.145089	0.13406	0.141778	0.124832	0.105793	0.0910148	0.107748	0.134886	0.0945774	0.145855	0.126087	0.141401	0.167602	0.157423	0.208018	0.176686	0.164814	0.207298	0.218672	0.30724	0.352074	0.297042	0.25039	0.246445	0.223134	0.178569	0.187982	0.162359	0.147801	0.109506	0.0762378	0.0860537	0.107384	0.0586345	0.0414951	0.0669092	0.0822146	0.0855555	0.0926461	0.136965	0.124654	0.0954914	0.138197	0.131546	0.104383	0.123304	0.109113	0.134794	0.113149	0.104976	0.104976	0.1474	0.165591	0.123353	0.137937	0.169018	0.174121	0.174281	0.196708	0.183455	0.198662	0.198128	0.178403	0.168995	0.152499	0.165415	0.118032	0.0724686	0.0583356	0.107657	0.0907398	0.0334546	0.0586345	0.11159	0.156695	0.185077	0.188785	0.250235	0.239765	0.211408	0.203464	0.179709	0.194041	0.239151	0.323718
0.324744	0.333887	0.299102	0.269736	0.281627	0.259544	0.259358	0.270409	0.251437	0.236467	0.177584	0.17598	0.194277	0.209871	0.209871	0.209871	0.209871	0.211504	0.234639	0.258239	0.293298	0.330756	0.318538	0.294759	0.285787	0.260255	0.213547	0.178409	0.130755	0.130755	0.178405	0.140692	0.104936	0.104936	0.104936	0.104936	0.141273	0.190985	0.203629	0.2115	0.2352	0.284223	0.328702	0.341756	0.341756	0.354838	0.353447	0.342038	0.305929	0.248874	0.234996	0.234639	0.207036	0.178409	0.141273	0.153529	0.177584	0.165917	0.120932	0.129218	0.157944	0.118322	0.104936	0.0945856	0.0586571	0	0	0	0	0.0293286	0.0741979	0.0954927	0.0954927	0.0741979	0.0879857	0.0945856	0.144598	0.157944	0.112233	0.141878	0.19499	0.204886	0.215127	0.25196	0.275362	0.283755	0.282446	0.27126	0.272938	0.262331	0.25196	0.212672	0.176725	0.178405	0.140692	0.104936	0.104936	0.104936	0.104936	0.104936	0.129218	0.162183	0.145827	0.180682	0.190971	0.170509	0.182215	0.182215	0.224126	0.211491	0.167974	0.129186	0.130755	0.176725	0.152432	0.130597	0.165917	0.199789	0.2115	0.200217	0.152432	0.157944	0.144598	0.141273	0.228578	0.222984	0.203719	0.224526	0.259544	0.281814	0.281594	0.296425	0.31256	0.281627	0.269736	0.28886	0.278859	0.272938	0.270089	0.22319	0.201881	0.191381	0.185866	0.157944	0.112233	0.104936	0.0992137	0.0839871	0.102885	0.0945856	0.104936	0.104936	0.0954927	0.116971	0.131163	0.167561	0.22566	0.269418	0.283746	0.247703	0.239941	0.233103	0.182543	0.167971	0.189165	0.139429	0.131163	0.134385	0.153529	0.194277	0.194277	0.155959	0.155959	0.194277	0.198495	0.165917	0.120932	0.11732	0.148396	0.125273	0.178405	0.152657	0.167974	0.185494	0.181222	0.204883	0.190837	0.181222	0.227458	0.264888	0.342553	0.378325	0.307323	0.264888	0.256305	0.227458	0.181222	0.176463	0.153461	0.131163	0.116971	0.0954927	0.0954927	0.0741979	0.0293286	0.0586571	0.0945856	0.104936	0.104936	0.118322	0.157944	0.129218	0.104936	0.148396	0.148396	0.118087	0.139429	0.134743	0.148396	0.11732	0.104936	0.104936	0.141273	0.189171	0.146652	0.165917	0.198495	0.209871	0.216329	0.234639	0.216329	0.22319	0.222984	0.190985	0.153529	0.141588	0.157944	0.086224	0.0586571	0.0144301	0.082953	0.097739	0.0293286	0.0293286	0.097739	0.162235	0.187278	0.187791	0.219863	0.226362	0.213519	0.218227	0.20127	0.250599	0.334149	0.446456
0.310505	0.298614	0.256997	0.223766	0.226387	0.198103	0.206773	0.20713	0.178669	0.164247	0.135409	0.13939	0.147715	0.157344	0.155778	0.147787	0.141085	0.149363	0.183895	0.220479	0.237142	0.259637	0.241833	0.22152	0.225119	0.200239	0.156219	0.135768	0.115293	0.120479	0.129797	0.0731803	0.055684	0.0656261	0.0769978	0.0886178	0.144348	0.16568	0.156087	0.183895	0.21626	0.227312	0.254187	0.268739	0.261996	0.271701	0.255155	0.236271	0.208868	0.15559	0.157228	0.16791	0.1313	0.112481	0.0957028	0.123149	0.0990702	0.125055	0.0921892	0.10432	0.120108	0.0639179	0.0524481	0.0982855	0.0938056	0.00445018	0	0	0.00704612	0.0528323	0.0986993	0.0791228	0.0694258	0.0559817	0.109882	0.121624	0.146193	0.150581	0.111874	0.156241	0.199475	0.194746	0.215833	0.243366	0.252556	0.25524	0.230337	0.222636	0.22725	0.206648	0.213353	0.163136	0.144453	0.145896	0.0962844	0.0786721	0.0786721	0.0786721	0.0786721	0.080261	0.11592	0.137528	0.112215	0.165842	0.189139	0.192723	0.198092	0.162272	0.219841	0.234322	0.139376	0.0957392	0.119746	0.152936	0.119954	0.119691	0.145775	0.147184	0.162641	0.143153	0.111125	0.141733	0.125545	0.141598	0.21062	0.170081	0.145341	0.172006	0.208818	0.226339	0.217414	0.241208	0.269526	0.222269	0.21148	0.236324	0.24146	0.234187	0.198014	0.139981	0.157684	0.14834	0.135352	0.122403	0.069129	0.0737124	0.07266	0.101807	0.0909008	0.0528355	0.0540444	0.0593671	0.0668582	0.100747	0.13709	0.167011	0.222633	0.254929	0.258257	0.216897	0.212625	0.205573	0.157583	0.150744	0.172421	0.109888	0.12421	0.140592	0.132418	0.139061	0.121564	0.101714	0.101714	0.121564	0.134839	0.144813	0.104185	0.0967325	0.130127	0.110261	0.14397	0.11504	0.148776	0.165654	0.16764	0.180219	0.192599	0.181028	0.227349	0.267493	0.32153	0.34375	0.256423	0.231156	0.22423	0.194431	0.14576	0.140021	0.131816	0.102901	0.107075	0.0694916	0.0601872	0.0517467	0.0334291	0.099851	0.105844	0.068707	0.0738578	0.0908506	0.121633	0.0809677	0.0624957	0.12321	0.114676	0.0765239	0.115896	0.116585	0.120216	0.0743034	0.0524481	0.0524481	0.0668582	0.130127	0.0981681	0.125055	0.112184	0.114786	0.13409	0.153405	0.125383	0.140612	0.15026	0.112473	0.0960993	0.108766	0.120108	0.0765239	0.094389	0.0161012	0.0600536	0.0995366	0.0540827	0.0185424	0.0800351	0.157685	0.182941	0.185604	0.182909	0.191126	0.18121	0.190222	0.172754	0.225341	0.29001	0.401428
0.368299	0.352306	0.30907	0.281657	0.271153	0.24852	0.258173	0.238641	0.199359	0.173562	0.173562	0.199359	0.209712	0.209712	0.20339	0.174868	0.144177	0.173089	0.211339	0.252978	0.262967	0.25608	0.241672	0.236499	0.229522	0.20389	0.184909	0.197559	0.209712	0.171552	0.0828954	0.0145385	0.02341	0.0655332	0.102668	0.149442	0.211069	0.211339	0.219711	0.258173	0.27246	0.269117	0.272743	0.277436	0.244526	0.223193	0.206429	0.189021	0.167843	0.117231	0.131066	0.148283	0.108083	0.104856	0.09968	0.0926768	0.0364605	0.0839216	0.0973362	0.0982898	0.0764217	0.0177664	0	0.08645	0.108075	0.02341	0	0	0.0355506	0.0889207	0.111502	0.0976146	0.0938869	0.111831	0.157823	0.192409	0.222239	0.222814	0.226261	0.270203	0.283582	0.291224	0.316621	0.330504	0.330794	0.319993	0.293075	0.282935	0.2625	0.236646	0.240618	0.209576	0.192662	0.15837	0.112627	0.104856	0.104856	0.104856	0.104856	0.111831	0.152667	0.156709	0.131013	0.165175	0.199625	0.24624	0.249318	0.205066	0.238329	0.246098	0.148283	0.126663	0.163533	0.189315	0.185544	0.194795	0.170389	0.15258	0.167846	0.142326	0.148517	0.17825	0.174707	0.199908	0.215391	0.179391	0.173089	0.228691	0.268172	0.271153	0.268172	0.283854	0.29302	0.258037	0.26664	0.283854	0.276716	0.244526	0.17089	0.129738	0.167846	0.145354	0.102366	0.0935876	0.0655332	0.0858068	0.0911806	0.111947	0.102364	0.0556061	0.011705	0.0472553	0.0879231	0.120066	0.148279	0.175837	0.235353	0.264546	0.258159	0.234681	0.225488	0.202087	0.167843	0.156179	0.170399	0.122724	0.150944	0.156179	0.139323	0.13216	0.104856	0.104856	0.104856	0.104856	0.122359	0.167313	0.14971	0.127559	0.146538	0.16579	0.146538	0.13838	0.190667	0.193187	0.206233	0.239012	0.262967	0.269152	0.310022	0.319858	0.341031	0.335392	0.262125	0.26534	0.248012	0.208813	0.156179	0.146511	0.148283	0.108928	0.0839216	0.0586125	0.0655332	0.0938869	0.104856	0.148283	0.113655	0.0655351	0.0901976	0.0973362	0.0839216	0.0470318	0.0556061	0.111947	0.0705784	0.0624668	0.105663	0.116221	0.108075	0.0355327	0	0	0	0.0705784	0.0733869	0.0839216	0.0470318	0.0556061	0.0951626	0.0839216	0.0706985	0.0995357	0.105159	0.0812155	0.0938869	0.0982898	0.0764217	0.0589601	0.111947	0.0556061	0.0470318	0.0839216	0.0972267	0.0472553	0.0528121	0.147506	0.175875	0.197935	0.210943	0.218856	0.226101	0.255982	0.301744	0.353308	0.406007	0.499621
0.349629	0.342906	0.293388	0.272889	0.258475	0.240305	0.249484	0.227198	0.199922	0.180035	0.17856	0.190695	0.188473	0.183428	0.181091	0.181426	0.157099	0.201801	0.222267	0.266543	0.267244	0.237113	0.234395	0.229759	0.20235	0.180327	0.167851	0.166543	0.171906	0.148048	0.0955588	0.0374356	0.0605654	0.111894	0.119904	0.159129	0.207681	0.204678	0.223615	0.239294	0.25359	0.261356	0.251495	0.253882	0.214482	0.195426	0.200948	0.185135	0.161103	0.113008	0.123738	0.132109	0.0838819	0.0786122	0.0738016	0.0527953	0.0250793	0.0441794	0.0695953	0.0656	0.0355383	0.00704076	0	0.0658581	0.10569	0.0386513	0.0117009	0.0218013	0.0758842	0.115275	0.111524	0.123562	0.109563	0.126252	0.177283	0.231709	0.250507	0.23224	0.253038	0.288706	0.299766	0.318256	0.327701	0.328648	0.327693	0.309807	0.287574	0.2712	0.247887	0.237801	0.231397	0.201126	0.168872	0.135856	0.109908	0.104816	0.104816	0.104816	0.104816	0.109992	0.146485	0.137709	0.117301	0.149378	0.206863	0.286495	0.263061	0.199563	0.220523	0.22721	0.152738	0.141577	0.176006	0.197902	0.187386	0.172622	0.149061	0.155038	0.165883	0.140171	0.166006	0.170931	0.179435	0.20036	0.190633	0.188088	0.185096	0.237615	0.254198	0.251716	0.258585	0.26298	0.270742	0.253257	0.259602	0.2597	0.247901	0.212429	0.154307	0.146213	0.169057	0.131717	0.0874011	0.0883064	0.109677	0.086424	0.112057	0.102325	0.109037	0.100128	0.0367973	0.100128	0.120531	0.110509	0.13767	0.180109	0.247718	0.275747	0.258061	0.253348	0.22399	0.183782	0.172343	0.157876	0.168328	0.136368	0.160542	0.148393	0.13914	0.13898	0.103256	0.104816	0.104816	0.104816	0.111875	0.147798	0.149381	0.131049	0.132745	0.155452	0.13177	0.161425	0.210863	0.194706	0.222451	0.262151	0.261888	0.274072	0.308351	0.29737	0.318783	0.307703	0.268376	0.280094	0.233922	0.189557	0.140702	0.140193	0.150466	0.102605	0.0686452	0.065001	0.0944746	0.0822082	0.0786122	0.121849	0.0630208	0.0330172	0.0775616	0.0583824	0.0429689	0.0324845	0.0852634	0.0926188	0.0281456	0.0702386	0.104855	0.122987	0.103368	0.0165093	0.0022234	0	0	0.0277925	0.0502598	0.0441794	0.0324845	0.0810892	0.080738	0.0374291	0.0739221	0.100867	0.0882919	0.0923423	0.0722344	0.0621479	0.0355383	0.028671	0.0927672	0.0911363	0.0494194	0.0686452	0.120516	0.1032	0.0548467	0.132192	0.157506	0.189557	0.224666	0.227226	0.236184	0.267629	0.3291	0.378656	0.440866	0.52152
0.312714	0.315401	0.261932	0.247108	0.234282	0.214372	0.222645	0.212282	0.209552	0.209552	0.203235	0.174735	0.127894	0.104776	0.112541	0.15825	0.200345	0.256187	0.257977	0.287551	0.254969	0.2144	0.208655	0.189709	0.157703	0.123691	0.0955206	0.0892766	0.0597282	0.09946	0.0926063	0.0996042	0.138275	0.167718	0.131667	0.14817	0.191453	0.190522	0.19304	0.189171	0.216175	0.220332	0.20424	0.198976	0.179255	0.200609	0.208655	0.166321	0.136472	0.106775	0.098068	0.0763636	0.0177528	0	0	0	0	0	0	0	0	0	0	0.0729511	0.107992	0.0242132	0.0555638	0.090129	0.130966	0.14817	0.142071	0.157703	0.139282	0.170259	0.243153	0.288421	0.277225	0.265678	0.310477	0.34787	0.364833	0.365946	0.34296	0.319931	0.319428	0.294904	0.270947	0.248135	0.245606	0.257977	0.218932	0.15825	0.112541	0.104776	0.104776	0.104776	0.104776	0.104776	0.104776	0.0996042	0.104113	0.106135	0.0950902	0.154753	0.234955	0.292962	0.257962	0.191453	0.216212	0.221099	0.167718	0.163692	0.200609	0.203423	0.156723	0.112541	0.119542	0.163409	0.15606	0.149596	0.178134	0.164102	0.178134	0.183004	0.178919	0.195046	0.189489	0.210417	0.206076	0.211027	0.2144	0.2148	0.2431	0.218689	0.210783	0.206434	0.19304	0.166888	0.160616	0.187564	0.170259	0.122266	0.104776	0.138275	0.15659	0.0882647	0.111862	0.098215	0.132059	0.139217	0.111377	0.167718	0.145243	0.0972621	0.130963	0.199384	0.257962	0.282097	0.257962	0.257962	0.222834	0.176194	0.188178	0.190522	0.19304	0.15606	0.164618	0.14817	0.136705	0.139217	0.0987048	0.104776	0.104776	0.104776	0.0938155	0.113929	0.115658	0.121623	0.13097	0.122266	0.127894	0.200609	0.2317	0.221434	0.251577	0.264155	0.238275	0.264737	0.290437	0.268717	0.295221	0.298641	0.290041	0.271571	0.210783	0.167185	0.122266	0.142071	0.157703	0.112541	0.104776	0.0972621	0.0838578	0.0355057	0	0.0705247	0.0612031	0.0654853	0.0996693	0.0654833	0.0233922	0.0177528	0.0893131	0.094144	0.0233922	0.060114	0.107992	0.118293	0.111862	0.0555638	0.0116961	0	0	0	0	0	0.0177528	0.0763636	0.0996693	0.0654833	0.0757977	0.10555	0.0999251	0.0997298	0.088853	0.0355236	0	0	0.052772	0.0926063	0.0996042	0.104776	0.146427	0.189318	0.149328	0.156723	0.194699	0.24467	0.294604	0.294314	0.298724	0.342779	0.401214	0.445424	0.502713	0.549153
0.268792	0.283206	0.22217	0.204497	0.188811	0.162576	0.180616	0.168986	0.157105	0.157105	0.153601	0.1533	0.113006	0.0785525	0.0836754	0.109909	0.170212	0.213198	0.205666	0.236345	0.193545	0.171812	0.164051	0.150772	0.137115	0.0843828	0.0604122	0.102937	0.0490706	0.105486	0.0527551	0.0737454	0.129688	0.14338	0.0952523	0.130914	0.194726	0.182508	0.157016	0.169102	0.195539	0.182803	0.175757	0.157433	0.162999	0.188547	0.164051	0.113926	0.106457	0.111819	0.0689747	0.0355112	0.00703541	0	0	0	0	0	0	0	0	0	0	0.0952995	0.106602	0.0123085	0.0900888	0.0903493	0.111085	0.130914	0.130106	0.137115	0.118914	0.161875	0.226902	0.247984	0.229205	0.240694	0.280169	0.293609	0.286668	0.282773	0.266053	0.249462	0.268628	0.235162	0.212487	0.191232	0.198859	0.205666	0.154366	0.109909	0.0836754	0.0785525	0.0785525	0.0785525	0.0785525	0.0785525	0.0785525	0.0737454	0.0676585	0.109128	0.0913811	0.162697	0.242568	0.26071	0.248384	0.194726	0.205863	0.191895	0.143738	0.143687	0.188547	0.164297	0.110956	0.0836754	0.0980188	0.143317	0.116154	0.136653	0.150352	0.133444	0.150352	0.1504	0.162963	0.170001	0.169123	0.176268	0.189408	0.194906	0.171812	0.182568	0.221979	0.171322	0.176636	0.189463	0.157016	0.132571	0.144592	0.151675	0.119195	0.0887707	0.0785525	0.129688	0.124964	0.102514	0.0945189	0.0655501	0.123953	0.125197	0.0914035	0.14338	0.107874	0.0695424	0.12029	0.211304	0.248384	0.273348	0.248384	0.248384	0.220882	0.158019	0.178629	0.182508	0.157016	0.116154	0.137882	0.130914	0.111307	0.125197	0.0765728	0.0785525	0.0785525	0.0785525	0.081016	0.113527	0.0855643	0.0845466	0.0979287	0.0887707	0.113006	0.188547	0.202167	0.201186	0.215249	0.216165	0.20297	0.259349	0.271321	0.235039	0.257283	0.272671	0.27096	0.216917	0.176636	0.132532	0.0887707	0.130106	0.137115	0.0836754	0.0785525	0.0695424	0.0441458	0.0140708	0	0.0277713	0.04453	0.0492262	0.0789016	0.0938285	0.0435662	0.00703541	0.0654135	0.102808	0.0435662	0.0371546	0.106505	0.0932276	0.0945189	0.0900888	0.0217831	0	0	0	0	0	0.00703541	0.0355112	0.0789016	0.0938285	0.0621575	0.0902897	0.105819	0.0735773	0.102594	0.0655452	0	0	0.0207359	0.0527551	0.0737454	0.0785525	0.100135	0.148514	0.137604	0.110956	0.138862	0.17783	0.2293	0.231387	0.221479	0.269101	0.322723	0.358737	0.417072	0.458087
0.319484	0.286859	0.231524	0.205464	0.179674	0.170129	0.181807	0.137568	0.104696	0.104696	0.112958	0.163977	0.198689	0.209392	0.209392	0.209392	0.207953	0.205464	0.188739	0.203578	0.195205	0.19976	0.172874	0.16759	0.158397	0.112958	0.100096	0.102208	0.0498334	0.111043	0.104696	0.104696	0.111043	0.117047	0.0943697	0.148057	0.193215	0.158121	0.134731	0.170624	0.188733	0.176787	0.185301	0.16759	0.175817	0.168859	0.0943668	0.0413819	0.0620729	0.102208	0.100096	0.104696	0.104696	0.104696	0.104696	0.104696	0.0925393	0.0585262	0.0185072	0	0	0	0	0.0827638	0.111043	0.132495	0.177998	0.137568	0.112576	0.130864	0.149208	0.166564	0.188739	0.243425	0.278223	0.278223	0.261732	0.278223	0.286859	0.27776	0.274039	0.289834	0.301421	0.321891	0.325461	0.283865	0.269791	0.236472	0.199333	0.17063	0.15921	0.196741	0.190774	0.146317	0.111432	0.0925393	0.0585262	0.0206923	0.0471849	0.0873012	0.115951	0.157583	0.168864	0.240592	0.298413	0.298413	0.298413	0.259098	0.249845	0.213033	0.177998	0.196299	0.213033	0.159743	0.128559	0.15921	0.190549	0.175578	0.14095	0.16759	0.149211	0.130867	0.148057	0.15731	0.194544	0.203789	0.204419	0.213636	0.222278	0.203578	0.195205	0.214636	0.222277	0.185995	0.213636	0.222278	0.179674	0.172874	0.179674	0.137568	0.104696	0.104696	0.125867	0.168864	0.0996667	0.114458	0.103459	0.104696	0.152616	0.199333	0.200192	0.175578	0.132495	0.146317	0.226857	0.286859	0.288196	0.303109	0.283098	0.264976	0.237903	0.17606	0.187139	0.179668	0.139111	0.12346	0.157583	0.148347	0.103459	0.105505	0.0746054	0.0925393	0.104696	0.0925393	0.0925357	0.112573	0.0996667	0.133462	0.185078	0.209392	0.223628	0.261732	0.261732	0.261732	0.270895	0.272315	0.263201	0.296688	0.298413	0.277605	0.296112	0.287453	0.254089	0.177993	0.123456	0.096608	0.0827691	0.111043	0.0827638	0	0	0	0	0.00925358	0.0130871	0.00925358	0	0	0.0413819	0.096608	0.0837939	0.0277607	0.0413819	0.10791	0.066726	0.0413819	0.10791	0.0746021	0.0872949	0.100089	0.020691	0	0	0.0370143	0.0827691	0.104696	0.104696	0.0873012	0.0837939	0.105505	0.0837939	0.105503	0.105503	0.0704711	0.111808	0.087785	0.0704752	0.0983707	0.104696	0.104696	0.104696	0.125867	0.172133	0.228554	0.285822	0.308169	0.314086	0.314086	0.349201	0.400379	0.438847	0.469848	0.467654	0.477705	0.507258	0.515708
0.292517	0.24491	0.231436	0.197746	0.172808	0.181738	0.170065	0.125819	0.104657	0.104657	0.11139	0.146261	0.190702	0.209312	0.209312	0.209312	0.195136	0.197746	0.188667	0.185924	0.222192	0.199684	0.157256	0.167527	0.150582	0.11139	0.0983333	0.0704484	0.0462521	0.0827376	0.104657	0.104657	0.0827376	0.117002	0.130814	0.148	0.170559	0.134679	0.15806	0.193141	0.188661	0.187068	0.195128	0.167527	0.166758	0.13875	0.0585039	0.0185001	0.0277501	0.0704484	0.0983333	0.104657	0.104657	0.104657	0.104657	0.104657	0.0996288	0.0943307	0.0413661	0	0	0	0	0.0370002	0.0827376	0.150582	0.17793	0.125819	0.0996288	0.130814	0.170559	0.185921	0.222	0.259661	0.278117	0.278117	0.261632	0.278117	0.277654	0.286749	0.297299	0.296149	0.30749	0.334287	0.307491	0.278277	0.269689	0.229775	0.185008	0.158069	0.175511	0.200116	0.198613	0.163914	0.112915	0.0996288	0.0943307	0.0277501	0.0877513	0.10342	0.120254	0.157523	0.19425	0.259658	0.298299	0.298299	0.298299	0.258999	0.240678	0.196225	0.17793	0.212952	0.196225	0.146259	0.132444	0.175511	0.190476	0.15915	0.140896	0.167527	0.134685	0.130817	0.148	0.166756	0.21455	0.21275	0.204341	0.222193	0.213554	0.185924	0.222192	0.214554	0.195131	0.2035	0.222193	0.213554	0.172808	0.179606	0.172808	0.125819	0.104657	0.104657	0.137515	0.161548	0.0996288	0.103417	0.087268	0.104657	0.133411	0.185008	0.196666	0.15915	0.12851	0.163914	0.250435	0.277654	0.268408	0.292066	0.28299	0.243326	0.226763	0.175993	0.17672	0.168795	0.139058	0.139059	0.157523	0.13998	0.087268	0.0837619	0.103417	0.0996288	0.104657	0.0996288	0.11253	0.0925004	0.0925041	0.152558	0.199257	0.209312	0.223543	0.261632	0.261632	0.261632	0.278886	0.272211	0.255846	0.277499	0.298299	0.296575	0.295999	0.259165	0.21295	0.157521	0.0837634	0.108266	0.111	0.0827376	0.0370002	0	0	0	0	0.020683	0.0130821	0.020683	0	0	0.0185001	0.0647503	0.105464	0.0620491	0.0185001	0.107869	0.0924966	0.0667004	0.107869	0.0620491	0.100051	0.0872614	0.00925004	0	0	0.0827321	0.111	0.104657	0.104657	0.10342	0.105464	0.0837619	0.105464	0.157516	0.105462	0.0952316	0.111765	0.0877513	0.102169	0.100058	0.104657	0.104657	0.104657	0.137515	0.187304	0.222394	0.275965	0.307496	0.313967	0.313967	0.341135	0.393327	0.442177	0.469669	0.460098	0.482868	0.500613	0.500696
0.157463	0.16411	0.188331	0.143523	0.13242	0.143153	0.0979068	0.0784627	0.0886693	0.119059	0.147322	0.156925	0.156925	0.156925	0.156925	0.156925	0.153425	0.18041	0.18041	0.160023	0.197442	0.129957	0.0764853	0.0980613	0.0654703	0.0140547	0.0253385	0.022223	0.00702736	0	0.0277396	0.0620297	0.0784627	0.130764	0.152494	0.137724	0.171294	0.143153	0.171601	0.180104	0.15244	0.171205	0.15212	0.0855432	0.0899858	0.0902461	0.0620297	0.0286165	0.0354706	0.0654752	0.0784627	0.0784627	0.0620297	0.0277396	0	0.00702736	0.0653387	0.10269	0.0435164	0	0.0277396	0.0620297	0.0784627	0.0784627	0.0886693	0.143216	0.12954	0.0886693	0.126035	0.193324	0.236075	0.229375	0.240681	0.241117	0.241117	0.255132	0.257068	0.275288	0.26862	0.273111	0.259913	0.214888	0.207979	0.208199	0.157206	0.178144	0.18041	0.152037	0.156925	0.15297	0.144963	0.0979068	0.112877	0.15018	0.101655	0.0979068	0.144963	0.143588	0.153125	0.119791	0.116021	0.163863	0.188331	0.215701	0.248101	0.248101	0.248101	0.19917	0.175436	0.130764	0.130764	0.162511	0.10035	0.0734932	0.0788115	0.0937213	0.0435164	0.00702736	0.0653387	0.108774	0.0734932	0.0990907	0.119896	0.149872	0.18277	0.15842	0.149042	0.167676	0.143499	0.140218	0.20329	0.164743	0.143574	0.171511	0.162511	0.124336	0.0900446	0.105365	0.0901865	0.0620297	0.0784627	0.0784627	0.0902461	0.0725515	0.0725515	0.0902461	0.0784627	0.0784627	0.0784627	0.0784627	0.0886693	0.119059	0.157405	0.196942	0.226643	0.221726	0.236709	0.270651	0.245641	0.201197	0.196669	0.145687	0.154349	0.159321	0.136958	0.150599	0.15018	0.112877	0.0835798	0.116021	0.143153	0.0979068	0.0654752	0.0734932	0.10035	0.0809234	0.0835798	0.136958	0.136958	0.109783	0.16316	0.200956	0.201936	0.208926	0.228679	0.215346	0.203747	0.234111	0.257356	0.256495	0.241683	0.1823	0.156712	0.136958	0.0860791	0.103378	0.0872282	0	0	0.0140547	0.0440953	0.0694629	0.0784627	0.0764853	0.0596372	0.0534442	0.0140547	0	0	0.0315152	0.105079	0.0790831	0.0354706	0.109003	0.111723	0.107567	0.125053	0.0862048	0.0980613	0.0654703	0	0	0.0207122	0.108632	0.0911474	0	0	0.0784561	0.104608	0.0685326	0.12709	0.19221	0.139943	0.143624	0.157264	0.148344	0.165024	0.16045	0.197394	0.231144	0.265666	0.295173	0.27824	0.241288	0.250461	0.28497	0.319165	0.353883	0.382753	0.392307	0.383014	0.365869	0.371361	0.425419	0.434076	0.433901
0.188524	0.203036	0.200227	0.163381	0.16657	0.163098	0.119315	0.104577	0.122033	0.169935	0.198829	0.209154	0.209154	0.209154	0.209154	0.209154	0.202848	0.222221	0.222221	0.18505	0.191897	0.141801	0.098517	0.0762213	0.0354559	0.035438	0.0365958	0.0420535	0.017719	0	0.0703904	0.102093	0.104577	0.147888	0.167396	0.164305	0.20904	0.163098	0.171247	0.15876	0.134975	0.196357	0.134494	0.0413345	0.055458	0.0899575	0.102093	0.0588031	0.0762182	0.0980281	0.104577	0.104577	0.102093	0.0703904	0	0.017719	0.089143	0.0939647	0.0233477	0	0.0703904	0.102093	0.104577	0.104577	0.122033	0.167399	0.138012	0.122033	0.1816	0.254484	0.287004	0.2684	0.272492	0.277905	0.277905	0.309855	0.327572	0.329624	0.315778	0.304822	0.2836	0.246497	0.23587	0.211388	0.193	0.23386	0.222221	0.203286	0.209154	0.197034	0.161692	0.119315	0.12765	0.177795	0.14509	0.119315	0.161692	0.189792	0.174403	0.138582	0.155763	0.208257	0.200227	0.202736	0.257471	0.257471	0.257471	0.210767	0.188517	0.147888	0.147888	0.154458	0.0809992	0.0995399	0.0994796	0.0653587	0.0233477	0.017719	0.089143	0.11168	0.0995399	0.118639	0.130714	0.169945	0.169317	0.152691	0.176218	0.175369	0.152436	0.182099	0.217549	0.192571	0.167399	0.170867	0.154458	0.100775	0.104878	0.0992705	0.105349	0.102093	0.104577	0.104577	0.0899575	0.0544604	0.0544604	0.0899575	0.104577	0.104577	0.104577	0.104577	0.122033	0.169935	0.216244	0.245598	0.24269	0.242637	0.283052	0.289489	0.231258	0.20815	0.200191	0.150542	0.176844	0.184412	0.157403	0.189348	0.177795	0.12765	0.112327	0.155763	0.163098	0.119315	0.0980281	0.0995399	0.0809992	0.0936371	0.112327	0.157403	0.157403	0.157949	0.213959	0.221013	0.231259	0.247351	0.258802	0.256841	0.25043	0.262267	0.25668	0.265472	0.270666	0.19016	0.169093	0.157403	0.111533	0.0876891	0.0471295	0	0	0.035438	0.0836981	0.0970771	0.104577	0.098517	0.0848677	0.0878773	0.035438	0	0	0.0431098	0.105382	0.079508	0.0762182	0.105932	0.116913	0.14621	0.138952	0.105389	0.0762213	0.0354559	0	0	0.0526714	0.11168	0.0590341	0	0	0.078426	0.104568	0.103052	0.164342	0.199094	0.182099	0.173413	0.198959	0.188958	0.199532	0.229588	0.269486	0.311058	0.358943	0.387114	0.355115	0.32041	0.336902	0.384679	0.4277	0.475103	0.51083	0.522872	0.504131	0.476086	0.490117	0.539395	0.537021	0.523345
0.16175	0.175563	0.150583	0.127869	0.143044	0.11873	0.0818708	0.0815992	0.109633	0.143695	0.116035	0.104537	0.104537	0.104537	0.104537	0.104537	0.113484	0.160096	0.146094	0.097074	0.117215	0.0974331	0.0654253	0.0690429	0.057449	0.0648286	0.0485063	0.0621169	0.0547006	0.0522686	0.0964607	0.0995093	0.0538769	0.114284	0.132285	0.131133	0.16846	0.0852894	0.116746	0.111521	0.108683	0.192593	0.0981417	0.0493058	0.0595918	0.0570238	0.103985	0.0774166	0.0947807	0.0708282	0.0261343	0.0261343	0.0999363	0.0982128	0.014044	0.0510499	0.118304	0.100037	0.0666294	0.0861938	0.138676	0.148121	0.127641	0.150578	0.177731	0.187431	0.152945	0.156975	0.200758	0.235894	0.242848	0.208733	0.223964	0.240933	0.240933	0.272749	0.277524	0.247387	0.224378	0.221798	0.212338	0.179998	0.173577	0.166694	0.182625	0.210212	0.150884	0.108452	0.111263	0.125083	0.118127	0.0919636	0.0749327	0.124958	0.115875	0.0818708	0.0919636	0.0998452	0.0950921	0.094271	0.140966	0.185776	0.164477	0.192297	0.260178	0.254203	0.248772	0.195775	0.166562	0.123268	0.132287	0.131429	0.069045	0.112445	0.100403	0.0626884	0.0554934	0.0679087	0.124129	0.119397	0.120259	0.119737	0.123268	0.16082	0.13944	0.146934	0.184223	0.165275	0.144814	0.188617	0.191114	0.159476	0.121436	0.121324	0.114201	0.0753212	0.103078	0.0860426	0.107631	0.0928848	0.0294379	0.0473136	0.0504723	0.0256194	0.0144898	0.0413102	0.0691881	0.0784028	0.0815992	0.0986116	0.137358	0.174181	0.188899	0.205368	0.210618	0.22686	0.265734	0.243329	0.190085	0.195695	0.185079	0.152797	0.185379	0.183304	0.145267	0.176414	0.136555	0.0835161	0.0919242	0.140827	0.11873	0.075332	0.0946122	0.117547	0.115031	0.127319	0.130569	0.164494	0.164494	0.151776	0.172982	0.164243	0.198213	0.219037	0.230298	0.228518	0.205692	0.213127	0.202264	0.22726	0.23135	0.120417	0.117937	0.102399	0.0277467	0.0206608	0.0277184	0.0413216	0.0522686	0.0648286	0.0934308	0.0514677	0.0261343	0.0214874	0.0558152	0.0965551	0.0427306	0	0	0.0444415	0.102231	0.091516	0.118778	0.105481	0.123268	0.158672	0.103824	0.0544377	0.0177134	0.00702201	0	0.00923948	0.0797611	0.100718	0.0289349	0.018479	0.0413216	0.0808586	0.109592	0.147488	0.196961	0.206312	0.206916	0.183082	0.217395	0.202225	0.212177	0.244568	0.239373	0.252887	0.275931	0.267767	0.244964	0.246974	0.282216	0.310915	0.321168	0.340806	0.339876	0.342892	0.354574	0.374538	0.400076	0.424828	0.40095	0.385797
0.201342	0.201342	0.163665	0.152326	0.167272	0.128646	0.104497	0.111764	0.152326	0.164978	0.120427	0.104497	0.104497	0.104497	0.104497	0.104497	0.130209	0.177659	0.140104	0.098799	0.083636	0.102455	0.0941903	0.104497	0.104497	0.0950935	0.0729734	0.0826118	0.098799	0.104497	0.0941903	0.0876179	0.0738878	0.102014	0.111595	0.118914	0.131262	0.0973304	0.131262	0.104489	0.104489	0.158895	0.0941903	0.104497	0.098799	0.083636	0.102455	0.0819582	0.083636	0.0440428	0	0	0.104489	0.104489	0.0440428	0.102014	0.15282	0.130618	0.130209	0.177663	0.2102	0.210616	0.20617	0.253619	0.288387	0.266415	0.231877	0.247834	0.268837	0.271797	0.277694	0.24645	0.261234	0.277694	0.277694	0.286461	0.297846	0.27231	0.237885	0.240845	0.227292	0.18838	0.180804	0.208041	0.227292	0.21766	0.152326	0.111764	0.120427	0.155307	0.158908	0.130209	0.0936193	0.123221	0.106955	0.104497	0.104497	0.104497	0.104497	0.117827	0.170748	0.204027	0.208041	0.254192	0.286461	0.269268	0.253606	0.195922	0.159435	0.130615	0.159435	0.147775	0.098799	0.124962	0.124962	0.098799	0.104497	0.128646	0.167272	0.141285	0.147775	0.133823	0.138846	0.152768	0.131193	0.169796	0.184607	0.169796	0.160399	0.198462	0.184607	0.141159	0.12637	0.116824	0.101987	0.093753	0.0941872	0.0880855	0.111595	0.0679312	0.0143698	0.0653074	0.0601573	0.0584119	0.0143698	0.0653074	0.0936193	0.104497	0.111764	0.152887	0.210427	0.233658	0.245372	0.26896	0.280636	0.28045	0.277694	0.24954	0.231084	0.227292	0.20403	0.204365	0.217315	0.20768	0.177659	0.184719	0.143993	0.104497	0.128646	0.167272	0.128646	0.0950935	0.105308	0.146039	0.195932	0.208994	0.202867	0.222052	0.222052	0.187952	0.190903	0.190903	0.221662	0.240842	0.269268	0.258606	0.227292	0.244977	0.214547	0.218064	0.189605	0.102455	0.111595	0.0679312	0	0	0.0584119	0.0941903	0.104497	0.0950935	0.0738878	0.029206	0	0.0143698	0.0826062	0.0973304	0.029206	0	0	0.029206	0.0973304	0.131262	0.175589	0.138846	0.147775	0.159435	0.0738878	0.029206	0	0	0	0.029206	0.0973304	0.0826062	0.0143698	0.0584119	0.0941903	0.0936193	0.123221	0.203974	0.232128	0.239366	0.246667	0.244615	0.291086	0.292564	0.304544	0.327328	0.32759	0.34286	0.355323	0.330704	0.313489	0.335409	0.390306	0.415296	0.421544	0.430844	0.421235	0.424706	0.460142	0.511171	0.525888	0.515539	0.480274	0.456018
0.173626	0.157477	0.122209	0.130273	0.140702	0.100283	0.0981462	0.108369	0.141566	0.125877	0.0851224	0.0783431	0.0783431	0.0783431	0.0783431	0.0818084	0.119246	0.145151	0.0958817	0.0752746	0.0604454	0.103906	0.0963872	0.0522287	0.0522287	0.046164	0.0361738	0.0399694	0.0491949	0.0522287	0.0432833	0.067069	0.096027	0.0704689	0.0906765	0.105696	0.0870457	0.102601	0.148017	0.105696	0.105696	0.117628	0.0653754	0.0689903	0.0612115	0.0947085	0.0905206	0.0485709	0.0363353	0.0118175	0.0116609	0.0259307	0.109509	0.113458	0.0933836	0.146985	0.164402	0.133088	0.138029	0.171964	0.178252	0.185701	0.179128	0.208377	0.209793	0.183266	0.174948	0.204847	0.212465	0.220839	0.240314	0.208366	0.226053	0.238239	0.236515	0.239984	0.271654	0.246907	0.189467	0.201742	0.182553	0.144827	0.15252	0.200484	0.18603	0.152452	0.107523	0.081537	0.0918036	0.109708	0.100241	0.104669	0.0971506	0.121542	0.0795552	0.0783431	0.0783431	0.0783431	0.0783431	0.0929739	0.150714	0.178308	0.194897	0.229839	0.229518	0.221048	0.21248	0.161234	0.132186	0.123174	0.159836	0.124863	0.0707125	0.0997683	0.108098	0.0546589	0.0591189	0.103773	0.125508	0.092431	0.121016	0.100601	0.118459	0.12159	0.120887	0.179699	0.165073	0.162149	0.15592	0.185543	0.1604	0.112994	0.12816	0.106127	0.0869793	0.101091	0.0664769	0.0837625	0.10565	0.0423828	0.0331705	0.0931487	0.0461338	0.0909261	0.0416394	0.105264	0.0972266	0.0783431	0.0887213	0.138795	0.175841	0.179517	0.196801	0.21726	0.210119	0.199978	0.20793	0.206966	0.210728	0.182647	0.164358	0.18837	0.18021	0.175946	0.152595	0.150369	0.115803	0.0783431	0.104183	0.123311	0.067857	0.0652839	0.0712164	0.106203	0.126896	0.132148	0.13744	0.172875	0.163418	0.12635	0.159927	0.171482	0.19616	0.217223	0.251142	0.212973	0.176345	0.208649	0.152595	0.160875	0.128245	0.0887246	0.104497	0.0360029	0	0.00221579	0.0928157	0.0986321	0.0522287	0.046164	0.0291963	0.00923244	0.00701665	0.0331705	0.0971435	0.0835889	0.0233217	0.0193246	0.014365	0.0138423	0.0841227	0.168175	0.214901	0.138414	0.131035	0.13051	0.05273	0.0332893	0.0261144	0.0261144	0.0245975	0.0507977	0.0997608	0.0562402	0.0263768	0.102299	0.111627	0.0748756	0.129566	0.23431	0.23008	0.238899	0.246495	0.251992	0.288892	0.26877	0.262171	0.28717	0.281249	0.275145	0.272066	0.245101	0.241645	0.268659	0.312311	0.314383	0.31101	0.313003	0.298647	0.303666	0.3384	0.371971	0.374797	0.380971	0.360513	0.340947
0.192706	0.166613	0.150363	0.173977	0.156186	0.147896	0.186878	0.202976	0.181794	0.133257	0.104418	0.104418	0.104418	0.104418	0.104418	0.119133	0.162849	0.155526	0.112156	0.104418	0.104418	0.101938	0.0702833	0	0	0	0	0	0	0	0.0116561	0.0761353	0.100213	0.0583675	0.0938218	0.0890075	0.0497631	0.100213	0.146401	0.123127	0.123127	0.11318	0.098367	0.0761052	0.0528387	0.0761022	0.101936	0.0553736	0.0116561	0.0116561	0.0553736	0.10962	0.167144	0.189529	0.217226	0.256958	0.257423	0.235299	0.244765	0.267051	0.269289	0.271581	0.26946	0.271581	0.23357	0.208835	0.235082	0.269073	0.269073	0.280236	0.275043	0.267734	0.282354	0.264606	0.25645	0.269861	0.294211	0.265918	0.202727	0.210062	0.194027	0.173977	0.188237	0.205569	0.160442	0.130515	0.116352	0.104418	0.0969293	0.0763698	0.0614279	0.0978789	0.130465	0.157164	0.116565	0.104418	0.104418	0.104418	0.104418	0.106738	0.147659	0.175102	0.186874	0.229967	0.233701	0.217219	0.205566	0.167141	0.147663	0.147663	0.152829	0.123127	0.0898205	0.0978789	0.0761022	0.0176921	0.0470578	0.105771	0.0877437	0.0819959	0.105189	0.0875511	0.11151	0.11151	0.14622	0.175466	0.153394	0.161434	0.139757	0.173181	0.137917	0.107623	0.132584	0.107623	0.0990086	0.104409	0.0622057	0.0901171	0.0967528	0.0528387	0.080876	0.0951937	0.0485524	0.101938	0.125944	0.167144	0.13145	0.104418	0.125944	0.167144	0.184948	0.201148	0.213747	0.219578	0.204209	0.199073	0.225156	0.229442	0.214491	0.196034	0.199922	0.207941	0.205371	0.203875	0.188237	0.177504	0.133257	0.104418	0.0978789	0.0761022	0.0176921	0.0291852	0.0878262	0.128548	0.112156	0.111363	0.148817	0.18867	0.145926	0.13589	0.199922	0.203037	0.221493	0.240262	0.235288	0.187209	0.175487	0.187209	0.130515	0.128482	0.0931963	0.0938218	0.0890075	0.0176921	0	0.0116561	0.105222	0.0949757	0	0	0	0	0.035402	0.080876	0.0951937	0.0755383	0.0652592	0.0783134	0.0652592	0.0296994	0.0901171	0.174162	0.20605	0.169664	0.164092	0.13874	0.098367	0.104418	0.104418	0.104418	0.098367	0.10641	0.118875	0.0969293	0.119133	0.167144	0.144746	0.127456	0.199922	0.266067	0.265068	0.296379	0.320817	0.337315	0.374202	0.361848	0.379402	0.417615	0.383869	0.353912	0.342599	0.320199	0.341605	0.382242	0.390396	0.375796	0.367547	0.358623	0.343346	0.363212	0.401575	0.422042	0.426668	0.44606	0.427271	0.393103
0.185166	0.163788	0.16165	0.177077	0.147379	0.170605	0.198313	0.199086	0.180333	0.145819	0.130472	0.125612	0.114219	0.105955	0.107823	0.132427	0.166616	0.128631	0.0881993	0.0782834	0.0782834	0.061888	0.0276762	0	0	0	0	0	0	0	0.027913	0.0990277	0.0837388	0.0518185	0.0954237	0.0655826	0.0221712	0.0858161	0.121698	0.115263	0.119304	0.0850555	0.0772364	0.0963138	0.0705644	0.0327736	0.0849017	0.0858378	0.0353885	0.050122	0.113633	0.164103	0.1891	0.226027	0.259751	0.272765	0.261302	0.240492	0.255877	0.274236	0.269665	0.257305	0.257892	0.252883	0.222391	0.208755	0.238692	0.256996	0.252524	0.260606	0.246268	0.269003	0.264208	0.235394	0.249614	0.281339	0.284116	0.251396	0.194274	0.20586	0.199026	0.179678	0.176513	0.173135	0.136192	0.125471	0.115869	0.0850575	0.0896706	0.0719543	0.0662048	0.0909464	0.122723	0.152479	0.117044	0.104378	0.104378	0.104378	0.104378	0.110414	0.152564	0.181752	0.184551	0.244845	0.261829	0.213814	0.190771	0.155989	0.136309	0.134104	0.118829	0.119878	0.0925206	0.0763106	0.0562519	0.033264	0.0978373	0.12134	0.0707792	0.101547	0.0978373	0.0904921	0.105288	0.10927	0.174475	0.147419	0.139478	0.155714	0.113356	0.158313	0.118418	0.109425	0.133099	0.110238	0.122349	0.10741	0.0755047	0.0994284	0.0848678	0.0731871	0.098557	0.0597806	0.0345414	0.0639913	0.11879	0.147623	0.107529	0.103151	0.141178	0.174343	0.194216	0.223732	0.20832	0.210569	0.204131	0.204185	0.225882	0.215578	0.197035	0.209612	0.212369	0.188764	0.20522	0.193953	0.177456	0.161639	0.119884	0.104378	0.0909464	0.0589256	0.0314457	0.0561167	0.120136	0.125643	0.111093	0.120289	0.167491	0.172249	0.127281	0.151559	0.200375	0.173796	0.203127	0.22161	0.18697	0.164418	0.185693	0.159334	0.12308	0.103665	0.0757152	0.102169	0.0632819	0.00701131	0	0.0198611	0.0978464	0.0799313	0.0260945	0.0260945	0.0260945	0.0296812	0.0816192	0.115346	0.0815101	0.0809354	0.104438	0.0740586	0.096973	0.0714929	0.113371	0.169349	0.1757	0.216412	0.215531	0.136646	0.0992991	0.104378	0.104378	0.104378	0.102864	0.129232	0.127135	0.103845	0.129007	0.174299	0.150892	0.167067	0.24117	0.274177	0.298707	0.344145	0.362721	0.364701	0.394497	0.372822	0.384155	0.394336	0.34458	0.334032	0.318859	0.297118	0.327685	0.352981	0.351535	0.341805	0.328087	0.320046	0.31833	0.351947	0.382557	0.395685	0.393602	0.404902	0.381585	0.359326
0.177865	0.173844	0.185214	0.167628	0.159944	0.199077	0.199077	0.191396	0.208676	0.208676	0.208676	0.191396	0.148704	0.111279	0.119043	0.160513	0.156067	0.0785471	0.035375	0	0	0	0	0	0	0	0	0	0	0	0.0588993	0.111425	0.0525512	0.0353571	0.0876767	0.0884813	0.035375	0.0689058	0.105141	0.0884408	0.105109	0.0644168	0.0453832	0.105141	0.0793264	0.0553314	0.101858	0.123033	0.123491	0.159944	0.209743	0.246345	0.264304	0.303782	0.31869	0.304186	0.271359	0.256972	0.278696	0.281314	0.259192	0.220771	0.211489	0.208541	0.202385	0.208676	0.223227	0.221714	0.201199	0.202882	0.210144	0.235022	0.209901	0.19977	0.253462	0.29753	0.272265	0.223648	0.18838	0.215271	0.213902	0.177865	0.134276	0.138634	0.131507	0.10186	0.0702296	0.0470218	0.0874888	0.104338	0.104338	0.104338	0.115712	0.138634	0.106657	0.104338	0.104338	0.104338	0.104338	0.135787	0.19977	0.207782	0.212302	0.263474	0.256538	0.204129	0.169106	0.116761	0.111425	0.100136	0.0942394	0.111425	0.0639829	0.0553314	0.0897521	0.111279	0.157044	0.145787	0.0991877	0.103677	0.105691	0.101858	0.0760441	0.105141	0.183041	0.120937	0.130411	0.137811	0.100136	0.146289	0.128203	0.116646	0.134267	0.123033	0.140459	0.134673	0.105691	0.116646	0.0990439	0.101479	0.105141	0.036323	0	0.0232944	0.0937501	0.100136	0.0719037	0.109537	0.162725	0.199446	0.225309	0.223648	0.193529	0.205571	0.204053	0.203386	0.209537	0.194231	0.210905	0.228934	0.208125	0.166486	0.180159	0.167014	0.14755	0.130419	0.104338	0.104338	0.104338	0.104338	0.104338	0.116652	0.14755	0.116652	0.111279	0.147784	0.177369	0.133156	0.111279	0.157044	0.16032	0.106742	0.16496	0.178849	0.147809	0.151861	0.159763	0.133506	0.107541	0.0819855	0.0814754	0.0935988	0.0353571	0	0	0.0176786	0.0760441	0.0978043	0.104338	0.104338	0.104338	0.119043	0.162725	0.155407	0.112071	0.137696	0.133766	0.076646	0.115646	0.128518	0.175006	0.207257	0.21571	0.263474	0.221703	0.130416	0.101954	0.104338	0.104338	0.104338	0.112071	0.157588	0.185214	0.14008	0.148971	0.19977	0.205775	0.262465	0.336468	0.361782	0.391251	0.424602	0.424602	0.407433	0.413283	0.369832	0.337072	0.301281	0.264082	0.283634	0.243647	0.230134	0.268868	0.259002	0.256898	0.237915	0.211489	0.218605	0.251884	0.310694	0.317325	0.306092	0.291394	0.283244	0.267071	0.288249
0.132381	0.149991	0.157551	0.11976	0.143987	0.164521	0.164521	0.155458	0.156447	0.156447	0.156447	0.155458	0.137028	0.0858171	0.0976088	0.142975	0.110008	0.0951299	0.065271	0	0	0	0	0	0	0	0	0	0	0	0.09087	0.108301	0.0206492	0.014012	0.0532816	0.102165	0.065271	0.0573132	0.104759	0.0648124	0.089912	0.0929779	0.0683098	0.104759	0.0788424	0.089712	0.0923089	0.115236	0.151135	0.14358	0.18184	0.226415	0.239691	0.260871	0.26786	0.250429	0.205628	0.206555	0.228161	0.219788	0.199392	0.162084	0.164206	0.172956	0.152958	0.156447	0.172822	0.179861	0.150192	0.163978	0.194091	0.189016	0.175897	0.187758	0.241118	0.275155	0.221682	0.17037	0.168395	0.194721	0.181804	0.132381	0.0900209	0.124673	0.123434	0.0618409	0.0276552	0.0869628	0.103063	0.0782239	0.0782239	0.0782239	0.103615	0.124673	0.079568	0.0782239	0.0782239	0.0782239	0.0782239	0.129076	0.187758	0.163365	0.189769	0.236847	0.213837	0.194873	0.14929	0.0801238	0.108443	0.0867815	0.102568	0.108301	0.0407222	0.089712	0.0899714	0.0858171	0.136542	0.117626	0.073437	0.0673755	0.108671	0.0923089	0.0353627	0.104759	0.182775	0.109356	0.130362	0.114626	0.0867815	0.120548	0.132925	0.111383	0.117796	0.115236	0.12185	0.13653	0.108671	0.111383	0.105045	0.122289	0.104759	0.0474505	0	0.043384	0.102378	0.0867815	0.0960665	0.128953	0.142718	0.187717	0.201079	0.17037	0.168888	0.18898	0.17541	0.175022	0.175864	0.16929	0.207565	0.188805	0.163733	0.131978	0.143885	0.15203	0.130366	0.110621	0.0782239	0.0782239	0.0782239	0.0782239	0.0782239	0.0940109	0.130366	0.0940109	0.0858171	0.136376	0.139811	0.0939669	0.0858171	0.136542	0.118414	0.0790369	0.161377	0.165072	0.155596	0.15776	0.123772	0.132079	0.10606	0.080372	0.0989524	0.0688047	0.014012	0	0	0.00700598	0.0353627	0.0652759	0.0782239	0.0782239	0.0782239	0.0976088	0.142718	0.115668	0.0833254	0.129146	0.0923556	0.114901	0.126286	0.184649	0.219563	0.200474	0.205358	0.236847	0.168977	0.119531	0.0966086	0.0782239	0.0782239	0.0782239	0.0833254	0.109449	0.157551	0.120836	0.136081	0.187758	0.18272	0.239855	0.304284	0.306972	0.331858	0.370566	0.370566	0.350778	0.351215	0.306449	0.26335	0.241991	0.230866	0.217078	0.177086	0.182496	0.212938	0.199047	0.204805	0.174758	0.164206	0.189692	0.222964	0.268997	0.245458	0.234715	0.235099	0.218405	0.220314	0.245393
0.193737	0.212746	0.210135	0.191756	0.186591	0.177253	0.177253	0.136992	0.104259	0.104259	0.104259	0.136992	0.186591	0.202944	0.199355	0.157468	0.0719733	0.105063	0.103027	0.104259	0.104259	0.104259	0.082423	0.0368595	0	0	0	0	0	0.0368595	0.116557	0.0824175	0	0	0.0412088	0.107459	0.0664468	0.0664468	0.107459	0.0582785	0.090753	0.128344	0.138529	0.166124	0.169916	0.215125	0.227596	0.253539	0.290964	0.294449	0.332252	0.362089	0.353186	0.341948	0.33983	0.30016	0.267873	0.28072	0.273983	0.256702	0.230931	0.208516	0.197858	0.163291	0.112486	0.110966	0.150009	0.157734	0.136992	0.176051	0.202935	0.202726	0.212742	0.239763	0.286251	0.268653	0.202935	0.194389	0.204605	0.211941	0.184528	0.123634	0.125341	0.177253	0.150009	0.104259	0.118013	0.166889	0.148586	0.0869361	0.0469875	0.00921487	0.0618131	0.101781	0.0996778	0.104259	0.104259	0.104259	0.104259	0.147438	0.178917	0.138529	0.189965	0.215708	0.181506	0.181738	0.14423	0.101363	0.147724	0.130319	0.110578	0.0824175	0.0496221	0.11134	0.0787296	0.064504	0.105063	0.0874176	0.0701804	0.111347	0.156924	0.131939	0.104259	0.138223	0.177963	0.107854	0.128012	0.0921449	0.0618131	0.107854	0.136985	0.122939	0.125333	0.11979	0.120142	0.130962	0.110957	0.10425	0.10425	0.130312	0.110957	0.0874176	0.0869361	0.134173	0.166889	0.151978	0.176051	0.193732	0.195478	0.212142	0.202935	0.194389	0.204605	0.193511	0.175323	0.184526	0.193511	0.184528	0.206047	0.157731	0.129336	0.119793	0.120146	0.136985	0.107854	0.0618131	0.0368595	0.082423	0.104259	0.104259	0.104259	0.0992499	0.093972	0.0582785	0.064504	0.105063	0.0962037	0.082423	0.107467	0.147438	0.130319	0.116563	0.16991	0.148866	0.145694	0.136983	0.103022	0.131932	0.113979	0.103024	0.112102	0.092609	0.0469875	0.0206058	0.0582814	0.0921523	0.104259	0.104259	0.104259	0.104259	0.104259	0.134173	0.166889	0.123634	0.104259	0.110578	0.0260647	0.130312	0.143935	0.217469	0.245354	0.222679	0.219029	0.230365	0.194386	0.204605	0.207083	0.202105	0.208516	0.208516	0.195918	0.158544	0.169916	0.185451	0.203984	0.212142	0.212142	0.276597	0.313842	0.322517	0.359494	0.387127	0.387456	0.36859	0.359375	0.332884	0.312902	0.29746	0.274909	0.226662	0.208516	0.206057	0.210135	0.198499	0.174844	0.131941	0.150009	0.202726	0.239585	0.258015	0.236917	0.253539	0.268345	0.265323	0.271022	0.272893
0.203907	0.207005	0.210055	0.194321	0.171348	0.177186	0.177186	0.125293	0.104219	0.104219	0.104219	0.125293	0.171348	0.202029	0.195844	0.143892	0.101325	0.0834116	0.0869032	0.104219	0.104219	0.104219	0.110536	0.082386	0	0	0	0	0	0.082386	0.116512	0.0368455	0	0	0.0664214	0.107418	0.041193	0.0921097	0.107418	0.0582562	0.102982	0.15247	0.18097	0.175015	0.185147	0.239672	0.239145	0.259399	0.298341	0.312783	0.344169	0.361952	0.346748	0.335303	0.339701	0.284368	0.272171	0.280613	0.26378	0.256605	0.224886	0.208438	0.189905	0.14565	0.110924	0.112444	0.157674	0.149952	0.143002	0.184458	0.193438	0.221836	0.221264	0.248705	0.296051	0.230468	0.193438	0.221263	0.196919	0.202859	0.175984	0.117968	0.13694	0.177186	0.131891	0.104219	0.123588	0.166826	0.134122	0.102988	0.0873843	0.0205965	0.0276341	0.0701538	0.0979223	0.104219	0.104219	0.104219	0.104219	0.147382	0.168089	0.138476	0.201174	0.192334	0.157399	0.169091	0.156587	0.131884	0.157671	0.13027	0.0823918	0.0368455	0.0868964	0.111298	0.0670582	0.0961671	0.0834116	0.0873843	0.101742	0.122897	0.156864	0.125291	0.104219	0.129288	0.142995	0.0961671	0.115414	0.0664214	0.0276341	0.0961671	0.125285	0.122892	0.136933	0.131882	0.145638	0.130912	0.123921	0.10421	0.10421	0.130262	0.123921	0.135999	0.102988	0.14853	0.166826	0.15192	0.184458	0.193658	0.212061	0.195404	0.193438	0.221263	0.196919	0.168094	0.175257	0.194312	0.202858	0.175984	0.185144	0.147668	0.119748	0.129287	0.101744	0.125285	0.0961671	0.0276341	0.082386	0.110536	0.104219	0.104219	0.104219	0.0921174	0.0582593	0.0582562	0.0961671	0.0834116	0.107813	0.110536	0.107426	0.147382	0.13027	0.116518	0.148527	0.113936	0.120097	0.0979138	0.0907184	0.119744	0.102984	0.113936	0.0921136	0.101325	0.0873843	0.0276341	0.0939362	0.0992123	0.104219	0.104219	0.104219	0.104219	0.104219	0.14853	0.166826	0.117968	0.104219	0.0823918	0.0582562	0.130262	0.169841	0.230273	0.25807	0.271996	0.230277	0.218946	0.225814	0.230283	0.212665	0.202867	0.208438	0.208438	0.19928	0.174777	0.157408	0.176952	0.193664	0.195404	0.230466	0.306194	0.313723	0.351114	0.377772	0.37766	0.387308	0.36845	0.350149	0.341316	0.319757	0.285707	0.262165	0.2228	0.208438	0.19928	0.210055	0.198424	0.158484	0.127973	0.157674	0.221836	0.258572	0.257916	0.259395	0.259399	0.268243	0.270919	0.265223	0.26586
0.104171	0.078128	0.104171	0.0520854	0	0.104171	0.104171	0	0	0	0	0	0	0	0	0.0520854	0.104171	0.0520854	0	0	0	0	0.104171	0.104171	0	0	0	0	0	0.104171	0.104171	0	0	0	0.078128	0.104171	0.0260427	0.104171	0.104171	0.0520854	0.104171	0.156256	0.182298	0.130213	0.130213	0.182298	0.130213	0.130213	0.182298	0.182298	0.182298	0.182298	0.156256	0.156256	0.182298	0.078128	0.104171	0.104171	0.078128	0.104171	0.0260427	0	0	0	0	0.0260427	0.104171	0.078128	0.078128	0.130213	0.130213	0.182298	0.156256	0.182298	0.234383	0.130213	0.130213	0.182298	0.104171	0.130213	0.104171	0	0.078128	0.104171	0.0260427	0	0.0520854	0.104171	0.0520854	0.078128	0.104171	0.0260427	0	0	0	0	0	0	0	0.104171	0.130213	0.104171	0.182298	0.156256	0.130213	0.156256	0.156256	0.130213	0.130213	0.078128	0	0	0.104171	0.104171	0.0520854	0.104171	0.0520854	0.078128	0.104171	0.078128	0.104171	0.0520854	0	0.078128	0.104171	0.078128	0.104171	0.0520854	0	0.078128	0.104171	0.104171	0.130213	0.130213	0.156256	0.130213	0.130213	0.104171	0.104171	0.130213	0.130213	0.156256	0.078128	0.104171	0.104171	0.078128	0.130213	0.130213	0.156256	0.104171	0.130213	0.182298	0.104171	0.078128	0.130213	0.156256	0.156256	0.104171	0.130213	0.104171	0.078128	0.104171	0.0520854	0.104171	0.078128	0	0.104171	0.104171	0	0	0	0	0	0.0520854	0.104171	0.0520854	0.104171	0.104171	0.0260427	0.104171	0.078128	0.0520854	0.104171	0.078128	0.104171	0.078128	0.078128	0.104171	0.078128	0.104171	0.0520854	0.078128	0.104171	0.0260427	0.104171	0.0520854	0	0	0	0	0	0.104171	0.104171	0	0	0	0.078128	0.130213	0.182298	0.234383	0.260425	0.286467	0.208341	0.182298	0.208341	0.182298	0.104171	0.0260427	0	0	0.0520854	0.104171	0.0520854	0	0.0520854	0.104171	0.182298	0.260425	0.234383	0.286467	0.286467	0.260425	0.286467	0.260425	0.234383	0.234383	0.182298	0.104171	0.104171	0.0520854	0	0.0260427	0.104171	0.078128	0	0.0260427	0.104171	0.182298	0.208341	0.182298	0.182298	0.130213	0.130213	0.130213	0.104171	0.130213
0.104131	0.0780982	0.104131	0.0520655	0	0.104131	0.104131	0	0	0	0	0	0	0	0	0.0520655	0.104131	0.0520655	0	0	0	0	0.104131	0.104131	0	0	0	0	0	0.104131	0.104131	0	0	0	0.0780982	0.104131	0.0260327	0.104131	0.104131	0.0520655	0.104131	0.156196	0.182229	0.130163	0.130163	0.182229	0.130163	0.130163	0.182229	0.182229	0.182229	0.182229	0.156196	0.156196	0.182229	0.0780982	0.104131	0.104131	0.0780982	0.104131	0.0260327	0	0	0	0	0.0260327	0.104131	0.0780982	0.0780982	0.130163	0.130163	0.182229	0.156196	0.182229	0.234293	0.130163	0.130163	0.182229	0.104131	0.130163	0.104131	0	0.0780982	0.104131	0.0260327	0	0.0520655	0.104131	0.0520655	0.0780982	0.104131	0.0260327	0	0	0	0	0	0	0	0.104131	0.130163	0.104131	0.182229	0.156196	0.130163	0.156196	0.156196	0.130163	0.130163	0.0780982	0	0	0.104131	0.104131	0.0520655	0.104131	0.0520655	0.0780982	0.104131	0.0780982	0.104131	0.0520655	0	0.0780982	0.104131	0.0780982	0.104131	0.0520655	0	0.0780982	0.104131	0.104131	0.130163	0.130163	0.156196	0.130163	0.130163	0.104131	0.104131	0.130163	0.130163	0.156196	0.0780982	0.104131	0.104131	0.0780982	0.130163	0.130163	0.156196	0.104131	0.130163	0.182229	0.104131	0.0780982	0.130163	0.156196	0.156196	0.104131	0.130163	0.104131	0.0780982	0.104131	0.0520655	0.104131	0.0780982	0	0.104131	0.104131	0	0	0	0	0	0.0520655	0.104131	0.0520655	0.104131	0.104131	0.0260327	0.104131	0.0780982	0.0520655	0.104131	0.0780982	0.104131	0.0780982	0.0780982	0.104131	0.0780982	0.104131	0.0520655	0.0780982	0.104131	0.0260327	0.104131	0.0520655	0	0	0	0	0	0.104131	0.104131	0	0	0	0.0780982	0.130163	0.182229	0.234293	0.260326	0.286358	0.208261	0.182229	0.208261	0.182229	0.104131	0.0260327	0	0	0.0520655	0.104131	0.0520655	0	0.0520655	0.104131	0.182229	0.260326	0.234293	0.286358	0.286358	0.260326	0.286358	0.260326	0.234293	0.234293	0.182229	0.104131	0.104131	0.0520655	0	0.0260327	0.104131	0.0780982	0	0.0260327	0.104131	0.182229	0.208261	0.182229	0.182229	0.130163	0.130163	0.130163	0.104131	0.130163
0.135529	0.119707	0.119963	0.0741802	0.0627238	0.126469	0.112741	0.05205	0.05205	0.05205	0.05205	0.05205	0.05205	0.05205	0.0490265	0.0705164	0.107166	0.0644058	0.05205	0.0490265	0.0352786	0.0139853	0.0920046	0.0990931	0.05205	0.05205	0.05205	0.05205	0.05205	0.0990931	0.0920046	0	0.00920084	0.0290963	0.0872846	0.111171	0.0559673	0.10769	0.115206	0.0873546	0.139944	0.180763	0.19913	0.164056	0.171603	0.22192	0.193276	0.202627	0.2491	0.253004	0.252882	0.25325	0.221263	0.202418	0.210442	0.130884	0.138012	0.138318	0.115562	0.115995	0.0558326	0.037251	0.0293148	0.0433046	0.05205	0.0536751	0.0966278	0.0807239	0.0885646	0.137992	0.152296	0.19743	0.171649	0.191581	0.239238	0.160138	0.159655	0.190794	0.131177	0.147369	0.112741	0.0552613	0.10217	0.118453	0.0598782	0.05205	0.0644058	0.094725	0.0460023	0.069114	0.0966278	0.0536751	0.05205	0.05205	0.05205	0.0411488	0.0184017	0.0044164	0.0232419	0.105091	0.12514	0.116258	0.177609	0.153631	0.141565	0.163455	0.160943	0.13552	0.1239	0.069114	0	0.0184017	0.107295	0.0955744	0.0599239	0.10225	0.061719	0.0865977	0.0969464	0.0827789	0.10225	0.0578027	0.0352786	0.0816427	0.0932026	0.0682512	0.0995183	0.061719	0.00920084	0.0815216	0.104311	0.100765	0.136774	0.130763	0.149772	0.130114	0.130114	0.110788	0.104901	0.130763	0.141565	0.159437	0.0889131	0.119607	0.125142	0.106391	0.144386	0.141172	0.150276	0.109134	0.142159	0.176282	0.107423	0.086442	0.126372	0.157384	0.157384	0.105954	0.127787	0.101167	0.0855301	0.117648	0.0741787	0.116379	0.0938289	0.05205	0.0990931	0.0920046	0	0	0.0139853	0.0352786	0.0490265	0.0644058	0.094725	0.0578027	0.105954	0.0947202	0.0228912	0.0956636	0.0846806	0.0627189	0.104091	0.074762	0.104311	0.0815216	0.069114	0.0986089	0.0887798	0.107166	0.0644058	0.0921322	0.124119	0.0969536	0.119963	0.0741802	0.05205	0.05205	0.05205	0.05205	0.0627238	0.126469	0.112741	0.05205	0.05205	0.0411488	0.0920046	0.13354	0.185546	0.244881	0.273385	0.298553	0.234567	0.212412	0.232758	0.205194	0.142509	0.104922	0.1041	0.101025	0.108502	0.133912	0.107696	0.107268	0.130701	0.170943	0.236974	0.30458	0.281485	0.313028	0.308635	0.292373	0.305839	0.272333	0.253624	0.249548	0.194956	0.134856	0.143443	0.115065	0.1041	0.10323	0.124119	0.0921322	0.05205	0.0712414	0.126174	0.183224	0.206754	0.175019	0.18323	0.142803	0.152296	0.158451	0.138718	0.154481
0.203176	0.19768	0.164532	0.119923	0.129664	0.176916	0.139518	0.10406	0.10406	0.10406	0.10406	0.10406	0.10406	0.10406	0.0983855	0.110368	0.115995	0.0946956	0.10406	0.0983855	0.0832861	0.0438585	0.0581675	0.0937961	0.10406	0.10406	0.10406	0.10406	0.10406	0.0937961	0.0581675	0	0.0290838	0.0735786	0.110368	0.130068	0.104868	0.119919	0.144188	0.156625	0.216749	0.239837	0.243591	0.239837	0.260141	0.313248	0.31588	0.337435	0.38607	0.395947	0.395595	0.395835	0.351651	0.304493	0.280089	0.224184	0.21014	0.209735	0.187347	0.152247	0.10406	0.0816152	0.0599056	0.0932276	0.10406	0.0983855	0.0832861	0.0877169	0.116335	0.159728	0.209726	0.237938	0.211737	0.217556	0.253522	0.231579	0.226341	0.216749	0.190104	0.189783	0.139518	0.111296	0.153644	0.153644	0.111296	0.10406	0.0946956	0.0735786	0.0290838	0.0438585	0.0832861	0.0983855	0.10406	0.10406	0.10406	0.0937961	0.0581675	0.0143097	0.0650341	0.108457	0.111128	0.150387	0.164521	0.146466	0.174854	0.183835	0.174502	0.151237	0.108457	0.0438585	0	0.0581675	0.116335	0.0724768	0.0822606	0.0969232	0.0872513	0.108457	0.0791711	0.0964332	0.0969232	0.0729422	0.0832861	0.0937961	0.0650341	0.0393011	0.0872513	0.0872513	0.0290838	0.0915365	0.104861	0.0910176	0.156618	0.13264	0.130713	0.130064	0.130064	0.130713	0.107254	0.13264	0.174854	0.169085	0.115995	0.158768	0.17499	0.164287	0.180048	0.170034	0.138265	0.122705	0.174502	0.160193	0.116335	0.108019	0.116335	0.160881	0.160881	0.111128	0.12124	0.0928579	0.107254	0.154822	0.119919	0.147157	0.130071	0.10406	0.0937961	0.0581675	0	0	0.0438585	0.0832861	0.0983855	0.0946956	0.0735786	0.0729422	0.111128	0.067647	0.0143097	0.0724768	0.102026	0.0933666	0.104051	0.0650978	0.104861	0.0915365	0.0438585	0.0873019	0.115586	0.115995	0.0946956	0.129664	0.17692	0.189075	0.164532	0.119923	0.10406	0.10406	0.10406	0.10406	0.129664	0.176916	0.139518	0.10406	0.10406	0.0937961	0.13264	0.143478	0.19581	0.276645	0.311114	0.333381	0.303364	0.285262	0.294312	0.262963	0.221123	0.205406	0.20812	0.202018	0.198121	0.19792	0.196839	0.215001	0.246797	0.291083	0.353828	0.409748	0.390208	0.383209	0.367888	0.37255	0.358808	0.307955	0.304758	0.29082	0.230117	0.2005	0.223783	0.211765	0.20812	0.202018	0.17692	0.129664	0.10406	0.139518	0.176916	0.189244	0.203586	0.154822	0.186224	0.178682	0.209726	0.225559	0.211185	0.211185
0.187217	0.152377	0.10483	0.0901863	0.121282	0.144594	0.0954806	0.0780154	0.0780154	0.0780154	0.0780154	0.0780154	0.0780154	0.076471	0.0720535	0.109766	0.095175	0.071809	0.076471	0.0720535	0.102487	0.0720853	0.0228007	0.0411174	0.0520103	0.0588716	0.071809	0.0780154	0.071809	0.0517311	0.0352684	0.0244946	0.0581007	0.10855	0.110429	0.134753	0.118144	0.11536	0.159832	0.185024	0.226251	0.222857	0.225442	0.239568	0.250806	0.300022	0.294344	0.294523	0.333557	0.321441	0.305441	0.297804	0.236554	0.201649	0.19221	0.146004	0.132187	0.142389	0.104732	0.0724305	0.0562488	0.0792188	0.0258218	0.0689178	0.0362153	0.0446818	0.0417585	0.0856174	0.129449	0.166435	0.231063	0.220571	0.183682	0.185813	0.230888	0.24275	0.189989	0.156367	0.154859	0.138041	0.0893184	0.081479	0.122624	0.101372	0.0585848	0.0650783	0.0688462	0.0536107	0.0331501	0.0372226	0.0601925	0.0749597	0.0780154	0.0780154	0.071809	0.104823	0.0905458	0.0392743	0.103311	0.0980618	0.0938727	0.172302	0.143839	0.142996	0.196273	0.177534	0.16082	0.135566	0.0686213	0.0139746	0.00919382	0.0946528	0.102787	0.043726	0.0995458	0.0884971	0.102787	0.107296	0.0574117	0.110046	0.0917659	0.0816839	0.104823	0.071187	0.0470798	0.0245852	0.0552145	0.0912611	0.0473511	0.101726	0.0997003	0.0828218	0.172252	0.128691	0.115548	0.131658	0.130164	0.150059	0.111604	0.137299	0.197468	0.160338	0.11713	0.167391	0.171751	0.13799	0.14264	0.138246	0.0964525	0.119213	0.180761	0.116435	0.105961	0.10469	0.0883441	0.153745	0.154881	0.10448	0.10901	0.0828528	0.120324	0.168091	0.103085	0.112017	0.089314	0.0473279	0.0411174	0.0183876	0	0.00441303	0.0720853	0.0959476	0.0544302	0.0459709	0.03329	0.0801049	0.10406	0.0358523	0.00441303	0.0389963	0.10334	0.117963	0.104199	0.0585801	0.0997003	0.101726	0.0209619	0.0460218	0.104442	0.095175	0.071809	0.088451	0.111542	0.120451	0.10483	0.0847663	0.0780154	0.0780154	0.0780154	0.079591	0.115825	0.144527	0.0891479	0.0619741	0.0506666	0.0986887	0.169279	0.15749	0.213871	0.308957	0.339686	0.347517	0.320235	0.265699	0.254914	0.216518	0.179449	0.159535	0.152942	0.144128	0.160464	0.154888	0.14967	0.166647	0.20399	0.241254	0.303948	0.34824	0.313126	0.30151	0.309738	0.339333	0.305884	0.25301	0.274782	0.251054	0.184362	0.177311	0.195608	0.1489	0.130025	0.126943	0.111542	0.088451	0.0780154	0.121806	0.136178	0.138051	0.169464	0.124523	0.185729	0.205234	0.236326	0.224452	0.174821	0.165724
0.207071	0.144263	0.103981	0.126923	0.173249	0.155533	0.111687	0.103981	0.103981	0.103981	0.103981	0.103981	0.103981	0.0979556	0.0904196	0.111013	0.0974695	0.103981	0.0979556	0.0904196	0.122843	0.0934292	0.0232146	0	0	0.0468609	0.0871894	0.103981	0.0871894	0.0464973	0.075787	0.0979556	0.126494	0.167777	0.173186	0.209425	0.207827	0.219819	0.256347	0.281339	0.318529	0.313979	0.325081	0.338925	0.349601	0.390655	0.396475	0.394121	0.400369	0.364577	0.329	0.295834	0.228502	0.197696	0.168967	0.121338	0.0965239	0.0832212	0.0352361	0	0.0176181	0.0878373	0.0395886	0.0973236	0.075787	0.0352539	0.0352539	0.0987049	0.139978	0.198639	0.239215	0.210817	0.192241	0.19214	0.244005	0.261553	0.183361	0.147045	0.131364	0.111013	0.0904196	0.0946237	0.0919033	0.0523713	0.0232146	0.0649863	0.0931035	0.103981	0.103981	0.103981	0.103981	0.103981	0.103981	0.103981	0.0871894	0.116246	0.101511	0.116077	0.156506	0.12992	0.119064	0.168495	0.151342	0.180349	0.186084	0.145306	0.155958	0.129965	0.0519861	0	0.0468609	0.116246	0.0699893	0.0475584	0.107173	0.104743	0.116246	0.104749	0.0919033	0.149684	0.129972	0.1083	0.129969	0.101605	0.103981	0.103981	0.0965239	0.0832212	0.0701084	0.111043	0.0771056	0.0878373	0.162196	0.121917	0.133502	0.140937	0.132539	0.15811	0.140891	0.168813	0.192349	0.152752	0.145608	0.197871	0.187443	0.147045	0.147045	0.147045	0.116252	0.147045	0.174407	0.0757839	0.0945783	0.103972	0.0779791	0.13734	0.149905	0.111043	0.118146	0.08974	0.113235	0.163405	0.134653	0.127764	0.0987049	0.0352539	0	0	0	0.0232146	0.0934292	0.088635	0.0176181	0	0.0232146	0.0934292	0.088635	0.0176181	0	0.0259931	0.103972	0.111491	0.107173	0.0723973	0.0771056	0.111043	0.0352539	0.0176181	0.0757839	0.0974695	0.103981	0.103981	0.103981	0.103981	0.103981	0.103981	0.103981	0.103981	0.103981	0.110898	0.151393	0.155401	0.0919071	0.055142	0.0295752	0.12923	0.189733	0.187345	0.267453	0.349295	0.378781	0.383624	0.343189	0.281596	0.271531	0.241255	0.220049	0.210671	0.195911	0.171645	0.177503	0.194633	0.207962	0.234099	0.267948	0.281485	0.330848	0.345928	0.313007	0.328716	0.351504	0.37494	0.351504	0.295454	0.296736	0.26215	0.202188	0.214195	0.207071	0.1327	0.103981	0.103981	0.103981	0.103981	0.103981	0.112707	0.122612	0.122612	0.145789	0.134206	0.193698	0.229004	0.269023	0.244005	0.18636	0.189076
0.174713	0.122322	0.103942	0.127722	0.152793	0.115037	0.0963073	0.10062	0.103942	0.103942	0.103942	0.103942	0.103942	0.0975897	0.113309	0.101471	0.0905663	0.102394	0.0945877	0.11142	0.132978	0.106245	0.0505362	0.0259854	0.0313143	0.100968	0.119633	0.103942	0.119782	0.0821088	0.133719	0.12804	0.153359	0.19123	0.201798	0.235411	0.22463	0.236725	0.261998	0.292227	0.331137	0.317932	0.329162	0.336169	0.354202	0.391591	0.394888	0.374511	0.356972	0.322912	0.291971	0.262414	0.210148	0.178551	0.143985	0.113962	0.0948156	0.0620173	0.0197796	0.00220484	0.00825761	0.0990043	0.0812047	0.0690053	0.0980834	0.0696896	0.0699563	0.111293	0.139925	0.223031	0.224664	0.200157	0.210561	0.201032	0.25306	0.250093	0.161151	0.133755	0.0963034	0.0990203	0.104945	0.0801496	0.069967	0.042176	0.0505362	0.093686	0.0815222	0.0779562	0.0779562	0.0779562	0.0779562	0.0779562	0.0830403	0.0878307	0.108426	0.113632	0.0878603	0.125906	0.159362	0.124365	0.114192	0.142692	0.161884	0.201737	0.14181	0.103713	0.152824	0.130065	0.0579898	0.0216194	0.0871516	0.11168	0.041393	0.0786198	0.113342	0.127611	0.119122	0.103201	0.131089	0.150605	0.121981	0.0959583	0.122702	0.0965314	0.0779562	0.0779562	0.0690145	0.048011	0.0814739	0.10882	0.0522434	0.0993667	0.140157	0.115482	0.168682	0.160537	0.140119	0.162198	0.178941	0.193248	0.173176	0.155717	0.181857	0.213466	0.17906	0.135566	0.135739	0.133543	0.101444	0.136074	0.132527	0.0352417	0.0779494	0.101648	0.0810385	0.115979	0.138626	0.11355	0.130486	0.105671	0.095402	0.131329	0.14118	0.137816	0.112665	0.073589	0.00918683	0	0.00220484	0.0479955	0.102708	0.0630172	0.00698199	0.00220484	0.0479955	0.102708	0.0694659	0.0241813	0.024476	0.0345425	0.104568	0.0901103	0.0990125	0.0876283	0.0464759	0.105696	0.0592474	0.00698199	0.0352417	0.0650526	0.0779562	0.0811344	0.0909214	0.10062	0.103942	0.107373	0.110698	0.107373	0.103942	0.109075	0.143064	0.122799	0.0874966	0.0875548	0.0699563	0.16353	0.204309	0.223707	0.319644	0.364927	0.389106	0.3921	0.332377	0.281489	0.277238	0.240794	0.211506	0.192288	0.179623	0.180949	0.177822	0.206221	0.230514	0.255728	0.268686	0.281566	0.335573	0.333043	0.32394	0.359027	0.353505	0.353779	0.340194	0.261474	0.255687	0.234079	0.190431	0.215751	0.182932	0.119383	0.103942	0.103942	0.103942	0.103942	0.103942	0.0960898	0.117252	0.121503	0.135725	0.165613	0.202619	0.246943	0.29195	0.25611	0.200746	0.204682
0.122518	0.100933	0.103902	0.097395	0.0757261	0.0405673	0.0649366	0.0930322	0.103902	0.103902	0.103902	0.103902	0.103902	0.100933	0.122518	0.097395	0.103902	0.0978807	0.0903505	0.116158	0.133706	0.118287	0.0964501	0.103902	0.126826	0.176646	0.144153	0.103902	0.145204	0.189672	0.244012	0.21492	0.221931	0.245045	0.255688	0.281124	0.265731	0.267743	0.279093	0.306509	0.328236	0.318614	0.328219	0.327783	0.353879	0.374527	0.353646	0.300347	0.252841	0.228308	0.212691	0.208865	0.168975	0.135595	0.103902	0.103902	0.103902	0.0893765	0.0550999	0.0115985	0.0231969	0.107091	0.0856631	0.0176046	0.0885675	0.100553	0.106947	0.129627	0.139872	0.206971	0.218266	0.204773	0.214181	0.211755	0.258085	0.205338	0.124061	0.107091	0.0580789	0.093358	0.0885675	0.0525775	0.075729	0.0978807	0.0964501	0.0831577	0.0352093	0	0	0	0	0	0.035227	0.0389631	0.104669	0.101434	0.110813	0.148347	0.16579	0.121245	0.116164	0.146933	0.163672	0.176638	0.118555	0.0986296	0.141567	0.132438	0.0931419	0.0893765	0.101434	0.0927357	0.0649366	0.133427	0.146933	0.142805	0.12987	0.133427	0.154757	0.123313	0.105248	0.0903447	0.0918331	0.0523314	0	0	0	0.0231969	0.093358	0.0997172	0.0716029	0.110928	0.139872	0.162725	0.209407	0.210928	0.183666	0.190931	0.216145	0.216145	0.209634	0.214371	0.213431	0.197794	0.150798	0.104669	0.110959	0.0997172	0.0700549	0.110959	0.0770469	0	0.0523314	0.0993396	0.105681	0.116158	0.133239	0.122518	0.139872	0.13411	0.105248	0.116158	0.133706	0.139425	0.12987	0.117279	0.0468252	0	0.0115985	0.075759	0.0997172	0.0352093	0	0.0115985	0.075759	0.0997172	0.0700549	0.075729	0.0978807	0.0987726	0.126554	0.121607	0.103244	0.0699359	0.058653	0.110959	0.0523314	0	0	0	0	0.0231969	0.0649366	0.0930322	0.103902	0.118544	0.129877	0.118544	0.103902	0.0987726	0.0918331	0.0410677	0.0896716	0.107091	0.116504	0.2269	0.27024	0.299138	0.374596	0.38488	0.388992	0.388987	0.325903	0.281381	0.268919	0.219253	0.172293	0.12982	0.121245	0.168838	0.208241	0.262658	0.299366	0.293012	0.270239	0.299754	0.348035	0.337859	0.362584	0.383553	0.332874	0.305941	0.28226	0.193068	0.188125	0.194805	0.179312	0.199949	0.144031	0.103902	0.103902	0.103902	0.103902	0.103902	0.103902	0.0987726	0.0918331	0.122267	0.174274	0.217976	0.242796	0.281381	0.302363	0.266961	0.226358	0.209023
0.114754	0.109503	0.0778966	0.0650028	0.0352147	0.0492693	0.0930452	0.0803395	0.0778966	0.0778966	0.0778966	0.0778966	0.0778966	0.109503	0.114754	0.0650028	0.0778966	0.0759335	0.104106	0.110917	0.117303	0.0987349	0.0689617	0.0778966	0.112062	0.149096	0.100921	0.0778966	0.0992987	0.162062	0.195521	0.160802	0.174179	0.20279	0.220426	0.24569	0.219457	0.2125	0.226261	0.259246	0.278526	0.290651	0.284584	0.27328	0.309854	0.317183	0.291975	0.241346	0.191929	0.188019	0.181039	0.181456	0.12773	0.128846	0.0778966	0.0778966	0.0778966	0.089595	0.0893366	0.0216013	0.0432025	0.105712	0.0625756	0.00697667	0.0648674	0.121563	0.141067	0.149089	0.135534	0.172059	0.229214	0.225752	0.211423	0.229374	0.262712	0.156987	0.111238	0.105712	0.0555501	0.10195	0.0648674	0.0710063	0.0973539	0.0759335	0.0689617	0.0437772	0.0139533	0	0	0	0	0	0.0649979	0.0290814	0.0895359	0.0615822	0.0854581	0.135512	0.131426	0.0880296	0.0936176	0.129821	0.132426	0.129408	0.127501	0.104605	0.117192	0.131308	0.120265	0.089595	0.0615822	0.0681706	0.0930452	0.138253	0.129821	0.110991	0.119286	0.138253	0.130989	0.085316	0.108217	0.0898656	0.0523146	0.0205628	0	0	0	0.0432025	0.10195	0.0864184	0.0956646	0.0937298	0.135534	0.197092	0.197733	0.216565	0.16212	0.163194	0.201824	0.201824	0.218585	0.193907	0.162736	0.145647	0.123618	0.0897345	0.107989	0.0864184	0.0771778	0.107848	0.0430339	0	0.0205628	0.0730433	0.108559	0.1111	0.11716	0.114754	0.12134	0.135959	0.108217	0.110917	0.117303	0.120992	0.119031	0.129646	0.086599	0	0.0216013	0.0960367	0.0864184	0.0139533	0	0.0216013	0.0960367	0.0864184	0.0771778	0.0973539	0.0759335	0.0731297	0.104119	0.11733	0.0670936	0.0275395	0.0904899	0.107848	0.0205628	0	0	0	0	0.0432025	0.0930452	0.0803395	0.0778966	0.0972004	0.097111	0.0972004	0.0778966	0.0731297	0.0523146	0.0115944	0.100021	0.105712	0.14534	0.271439	0.290539	0.28927	0.348337	0.350605	0.348896	0.363303	0.308911	0.26137	0.239939	0.190293	0.142924	0.100468	0.0880296	0.1182	0.159085	0.212474	0.228043	0.215098	0.20709	0.259718	0.291337	0.284663	0.337564	0.331456	0.266455	0.247716	0.231211	0.168216	0.149513	0.178801	0.175635	0.169028	0.106973	0.0778966	0.0778966	0.0778966	0.0778966	0.0778966	0.0778966	0.0731297	0.0523146	0.129433	0.218644	0.220618	0.231856	0.261602	0.265995	0.252905	0.225263	0.175161
0.103814	0.103814	0	0	0.0183527	0.0756684	0.0988292	0.0410364	0	0	0.0367053	0.0739846	0.0698869	0.107403	0.110116	0.103823	0.0975497	0.084603	0.116069	0.116069	0.113503	0.102596	0.103823	0.117519	0.16026	0.176512	0.168461	0.195099	0.235037	0.279546	0.254474	0.247939	0.299611	0.325475	0.336664	0.322744	0.281496	0.276059	0.290186	0.307785	0.313207	0.321168	0.293784	0.2759	0.294211	0.277721	0.241387	0.202709	0.166191	0.165173	0.157072	0.122425	0.0494175	0.110116	0.0865725	0.046791	0.00917633	0.084598	0.104622	0.0378342	0.0756684	0.0988292	0.0205182	0.0698869	0.0958058	0.142452	0.177219	0.182832	0.194656	0.238759	0.277721	0.271743	0.260996	0.262764	0.238576	0.139765	0.116069	0.107403	0.0830944	0.0958014	0.0410364	0.0615546	0.102593	0.0739827	0.027529	0	0	0	0.0367053	0.0820783	0.103823	0.103823	0.102596	0.0648891	0.102596	0.103823	0.131389	0.176512	0.136419	0.103823	0.124814	0.156268	0.128796	0.129771	0.1692	0.146821	0.146821	0.157072	0.158405	0.128796	0.110502	0.145094	0.194661	0.203749	0.16026	0.12243	0.137949	0.16745	0.146821	0.107409	0.128795	0.119292	0.0975497	0.103823	0.103823	0.103823	0.103823	0.0988348	0.120694	0.119644	0.147107	0.157075	0.192921	0.224956	0.209247	0.232138	0.166188	0.166188	0.209247	0.209247	0.223451	0.162601	0.122425	0.122425	0.104624	0.0958014	0.107403	0.0784004	0.0903735	0.0944727	0.0205196	0.0820783	0.0917669	0.0917632	0.111633	0.128795	0.137949	0.138861	0.133606	0.136412	0.122425	0.122425	0.127808	0.124806	0.103814	0.117509	0.107009	0.0183527	0.0494146	0.110874	0.0615546	0.00917633	0.046791	0.0870564	0.101355	0.0698827	0.086566	0.0992533	0.0467895	0.0698869	0.119645	0.137949	0.102598	0.110502	0.156268	0.147108	0.103823	0.0820783	0.0367053	0.0367053	0.0820783	0.0988348	0.093579	0.0580347	0.0580376	0.093582	0.0778669	0.0988348	0.0975497	0.0698869	0.0330845	0.0642343	0.122425	0.149377	0.205185	0.296485	0.32893	0.33161	0.376217	0.374311	0.365318	0.371826	0.322731	0.298752	0.266742	0.211255	0.194661	0.192927	0.20126	0.207644	0.198521	0.209256	0.205195	0.214232	0.242268	0.286825	0.293784	0.284464	0.309548	0.278625	0.233946	0.249282	0.22959	0.192921	0.203749	0.220996	0.192702	0.165427	0.116075	0.103823	0.103823	0.103823	0.0975497	0.0789408	0.0716723	0.0917669	0.117519	0.183526	0.249616	0.232138	0.249616	0.267211	0.2584	0.269875	0.244849	0.201878
0.103774	0.103774	0	0	0.0410208	0.0987916	0.0756397	0.0183457	0	0	0.0820416	0.0921866	0.101316	0.095765	0.0820471	0.103783	0.0992232	0.110455	0.116025	0.116025	0.102554	0.0865396	0.103783	0.12307	0.16739	0.176445	0.182771	0.198446	0.24614	0.279439	0.244254	0.258479	0.308356	0.325351	0.336536	0.304925	0.275954	0.281388	0.290075	0.300474	0.304919	0.312009	0.284948	0.275795	0.275183	0.257491	0.220909	0.202632	0.166128	0.147909	0.147051	0.0830643	0.045866	0.0820471	0.102557	0.087019	0.0205104	0.0975045	0.104582	0.0493958	0.0987916	0.0756397	0.0458624	0.101316	0.0903447	0.131333	0.189097	0.194363	0.238134	0.268526	0.257491	0.260897	0.27164	0.241295	0.169135	0.139712	0.116025	0.095765	0.104584	0.0642099	0.0183457	0.0275185	0.0739545	0.102554	0.0615312	0	0	0	0.0820416	0.110074	0.103783	0.103783	0.0865396	0.0648645	0.0865396	0.103783	0.149325	0.176445	0.124769	0.103783	0.131337	0.156208	0.107368	0.129722	0.191529	0.146765	0.146765	0.147051	0.158345	0.137592	0.111973	0.15835	0.211174	0.196095	0.143582	0.110839	0.137897	0.178101	0.146765	0.102559	0.119247	0.128746	0.0992232	0.103783	0.103783	0.103783	0.103783	0.091732	0.110455	0.140315	0.157012	0.183685	0.192848	0.193499	0.209168	0.232049	0.166125	0.166125	0.209168	0.209168	0.211765	0.140315	0.122379	0.122379	0.0830628	0.107362	0.095765	0.0667778	0.102552	0.0698561	0.0739511	0.110074	0.0987973	0.111591	0.0917283	0.119247	0.137897	0.14932	0.156741	0.124761	0.122379	0.122379	0.151832	0.163311	0.103774	0.0917247	0.106969	0.0410208	0.0865331	0.110832	0.0275185	0.0205104	0.087019	0.101318	0.0698603	0.0467717	0.0992155	0.0865331	0.0698561	0.101316	0.1196	0.137897	0.107368	0.111973	0.156208	0.138812	0.103783	0.110074	0.0820416	0.0820416	0.110074	0.091732	0.0580156	0.0580127	0.0935434	0.0935464	0.0778373	0.091732	0.0992232	0.101316	0.0975045	0.095765	0.122379	0.182763	0.226918	0.272719	0.365173	0.377077	0.387098	0.374169	0.354423	0.34928	0.311463	0.320384	0.257001	0.194587	0.211174	0.203054	0.202018	0.207565	0.195025	0.209176	0.214735	0.214934	0.246992	0.278983	0.284948	0.275337	0.267428	0.255848	0.255848	0.269931	0.211174	0.192848	0.22932	0.205113	0.16739	0.155938	0.116031	0.103783	0.103783	0.103783	0.0992232	0.0870233	0.0739564	0.0987973	0.12307	0.183456	0.226918	0.232049	0.272719	0.267109	0.24698	0.281374	0.244756	0.220909
0.0943957	0.105591	0.0139374	0.0139374	0.0639609	0.0966144	0.0458448	0	0.00440128	0.0231623	0.104732	0.0701354	0.0928834	0.0802447	0.0518718	0.0518718	0.0552226	0.110862	0.104877	0.100305	0.102518	0.103744	0.103744	0.115987	0.146709	0.155878	0.170064	0.15436	0.168177	0.166065	0.147856	0.187021	0.202558	0.19781	0.201414	0.16566	0.161286	0.174282	0.18801	0.206595	0.213346	0.229227	0.204491	0.19288	0.184976	0.17847	0.160391	0.152602	0.103179	0.0843906	0.095336	0.0228128	0	0	0.0688773	0.105495	0.0368023	0.103735	0.103735	0.0458448	0.0944005	0.0643364	0.10182	0.118047	0.0596733	0.115981	0.192982	0.190763	0.236571	0.242821	0.194856	0.213475	0.236571	0.177061	0.10876	0.129653	0.0916895	0.0716117	0.104542	0.0330592	0	0.00440128	0.0388924	0.103065	0.0764003	0.0289967	0.0458486	0.0518718	0.0987537	0.0916895	0	0.0183387	0.0410079	0.0518718	0.0518718	0.0625092	0.126036	0.112355	0.0518718	0.0661236	0.1148	0.115598	0.0769098	0.129672	0.184976	0.13263	0.129984	0.134344	0.159108	0.137844	0.0982782	0.132857	0.168427	0.117029	0.0682197	0.0824806	0.1335	0.168427	0.117029	0.063754	0.10182	0.118047	0.0596733	0.0518718	0.0518718	0.0518718	0.0518718	0.0587149	0.106027	0.152348	0.155495	0.168427	0.152348	0.1466	0.182597	0.206046	0.135378	0.139269	0.18706	0.183303	0.17442	0.105591	0.105591	0.0981466	0.0558557	0.104542	0.0716117	0.0458448	0.0944005	0.0641853	0.0987537	0.0916895	0.0458448	0.0944005	0.0667522	0.0842502	0.103065	0.129536	0.156322	0.117245	0.105495	0.105495	0.156781	0.185346	0.110409	0.0845334	0.104542	0.0576047	0.105591	0.0943957	0.0183387	0.0502479	0.109042	0.0915214	0.0488587	0.0667553	0.122332	0.0921498	0.0845355	0.11079	0.0957283	0.115981	0.0777559	0.0764501	0.120658	0.0695596	0.0139374	0.0943957	0.105591	0.103179	0.106928	0.0183387	0.00440128	0.0597187	0.101899	0.0458448	0	0	0.0368023	0.113169	0.137703	0.123272	0.136636	0.204523	0.226458	0.26732	0.381364	0.373231	0.352734	0.328037	0.295263	0.291249	0.262718	0.284827	0.196866	0.122332	0.16013	0.115981	0.0579935	0.0518718	0.0587149	0.122332	0.113416	0.0709975	0.134765	0.168427	0.19111	0.188639	0.186532	0.213855	0.231413	0.229223	0.139958	0.143518	0.188801	0.115981	0.0935076	0.115981	0.0733546	0.0518718	0.0518718	0.0488587	0.0506161	0.0561359	0.0601214	0.0778808	0.087037	0.152447	0.193427	0.211265	0.2542	0.236622	0.218713	0.260821	0.208429	0.178029
0.0674153	0.110748	0.0437083	0.0437083	0.0934721	0.0789001	0.0289842	0	0.0142607	0.0648115	0.108085	0.0508191	0.0648115	0.0929086	0.103704	0.103704	0.106143	0.130197	0.108085	0.104807	0.168519	0.207408	0.207408	0.21379	0.231885	0.255664	0.290343	0.295598	0.28608	0.279227	0.295598	0.327935	0.337031	0.326108	0.302032	0.279227	0.268656	0.266796	0.303648	0.313524	0.290343	0.285469	0.262064	0.225894	0.197305	0.172359	0.173905	0.144921	0.101677	0.101677	0.0722287	0.0142607	0	0	0.0437083	0.110748	0.0674153	0.103695	0.103695	0.0289842	0.0733268	0.0981175	0.153118	0.153118	0.110915	0.146653	0.223705	0.215734	0.246132	0.269563	0.230366	0.230366	0.246132	0.16584	0.122285	0.130197	0.0579684	0.0534436	0.106887	0.0534436	0	0.0142607	0.0722287	0.101677	0.0726924	0.0733268	0.0943716	0.103704	0.0934752	0.0579684	0	0.0579684	0.0934752	0.103704	0.103704	0.12922	0.17631	0.139041	0.103704	0.139614	0.185838	0.151727	0.150642	0.18695	0.197305	0.197305	0.18695	0.199511	0.225567	0.209017	0.191891	0.197444	0.202813	0.15117	0.129064	0.16245	0.197867	0.202813	0.15117	0.119401	0.153118	0.153118	0.110915	0.103704	0.103704	0.103704	0.103704	0.119513	0.163725	0.206103	0.215665	0.202813	0.206103	0.189134	0.188597	0.202889	0.151164	0.165394	0.202889	0.188629	0.154292	0.110748	0.110748	0.081979	0.0674153	0.106887	0.0534436	0.0289842	0.0733268	0.0943716	0.0934752	0.0579684	0.0289842	0.0733268	0.101239	0.101677	0.101677	0.130197	0.159181	0.154292	0.110748	0.110748	0.16033	0.196854	0.130265	0.104502	0.106887	0.0726924	0.110748	0.0674153	0.0579684	0.0961766	0.124013	0.124013	0.098049	0.127669	0.166002	0.127669	0.104509	0.129623	0.137792	0.146653	0.127701	0.150642	0.162672	0.0852118	0.0437083	0.0674153	0.110748	0.101677	0.115937	0.0579684	0.0142607	0.081979	0.0965913	0.0289842	0	0	0.0674153	0.139605	0.159645	0.172359	0.211012	0.261778	0.275582	0.352608	0.431461	0.402658	0.395713	0.373883	0.324054	0.309195	0.273436	0.284279	0.237953	0.166002	0.174391	0.146653	0.106895	0.103704	0.119513	0.166002	0.140213	0.139041	0.202481	0.202813	0.216812	0.208499	0.201115	0.231872	0.226372	0.217282	0.168506	0.180076	0.209008	0.146653	0.129626	0.146653	0.115943	0.103704	0.103704	0.098049	0.0961766	0.0700014	0.1167	0.127669	0.15117	0.206461	0.225176	0.223011	0.240609	0.245936	0.250337	0.265011	0.211663	0.168506
0.0450903	0.103656	0.0585655	0.0617536	0.0980035	0.0449506	0.00916237	0	0.0191763	0.0844692	0.0854675	0.0189336	0.0231447	0.0431236	0.0518324	0.0518324	0.0986715	0.130263	0.105522	0.116825	0.161832	0.181875	0.200954	0.217491	0.237376	0.252431	0.267616	0.249097	0.247621	0.267133	0.288303	0.297012	0.30289	0.28942	0.270778	0.267611	0.256513	0.259692	0.290229	0.260607	0.236987	0.244081	0.220103	0.179787	0.17414	0.178482	0.193278	0.137435	0.110051	0.124913	0.076392	0.0550303	0.0458137	0.0289747	0.0230892	0.096398	0.100395	0.106846	0.0986787	0.0586702	0.0788209	0.113092	0.166482	0.159933	0.153789	0.197791	0.25758	0.23826	0.25516	0.285985	0.233878	0.215652	0.218617	0.128002	0.115893	0.104424	0.0183247	0.0306489	0.1031	0.0763423	0.00439794	0.0306489	0.0983509	0.0802673	0.0657568	0.0986787	0.0786	0.0854746	0.089058	0.0660734	0.0624617	0.123953	0.129028	0.103665	0.110334	0.148009	0.167199	0.129015	0.130227	0.175412	0.193073	0.169924	0.201016	0.210138	0.205712	0.233456	0.19735	0.208063	0.219949	0.192085	0.180146	0.188668	0.201404	0.178262	0.186079	0.214491	0.22625	0.223532	0.182201	0.160165	0.169957	0.142147	0.10682	0.103665	0.10682	0.123524	0.145981	0.160282	0.183502	0.215185	0.215185	0.185245	0.201261	0.179787	0.184142	0.202846	0.174325	0.184648	0.194596	0.169672	0.121611	0.110525	0.106545	0.0637018	0.0819478	0.100641	0.0306489	0.00916237	0.0289747	0.0458137	0.0409768	0.0183247	0.00916237	0.0289747	0.0970105	0.10916	0.0967298	0.110778	0.137415	0.174287	0.108046	0.107501	0.158888	0.200573	0.145669	0.123744	0.109374	0.0844607	0.102435	0.0477755	0.096398	0.104369	0.102797	0.109068	0.0723212	0.115079	0.137872	0.103254	0.108966	0.150995	0.169387	0.15635	0.127653	0.129028	0.0993888	0.0926205	0.0760731	0.0493987	0.103842	0.0763423	0.0986787	0.0971315	0.0374212	0.0971776	0.0717925	0.0356647	0.0586702	0.0788209	0.14228	0.193609	0.20678	0.234214	0.275375	0.307157	0.321204	0.405728	0.432114	0.38471	0.394568	0.36943	0.304394	0.288002	0.256205	0.268045	0.240494	0.146598	0.151272	0.141913	0.116888	0.136933	0.166092	0.197791	0.172151	0.172507	0.201628	0.179385	0.202104	0.198403	0.194729	0.226239	0.204245	0.200605	0.184645	0.182796	0.19078	0.126886	0.110036	0.12051	0.078236	0.0721828	0.0874025	0.0841272	0.105275	0.0976432	0.144123	0.123662	0.152003	0.1889	0.19509	0.201113	0.224483	0.263797	0.285214	0.266905	0.210998	0.162497
0.0673641	0.110663	0.0436751	0.053403	0.106806	0.053403	0	0	0.0142499	0.0819167	0.0965179	0.0289622	0	0	0	0	0.0673641	0.108003	0.106941	0.141521	0.15075	0.163844	0.196016	0.223247	0.243362	0.232289	0.229154	0.21244	0.22134	0.255142	0.278653	0.267031	0.266593	0.255142	0.245765	0.255142	0.245765	0.255142	0.246037	0.202327	0.202659	0.202327	0.169323	0.146542	0.174258	0.219812	0.21244	0.139508	0.129527	0.146542	0.106814	0.103625	0.0942996	0.0732709	0.0289622	0.0579243	0.115849	0.115849	0.0934039	0.103625	0.103625	0.138935	0.176176	0.174517	0.209261	0.255142	0.285251	0.261864	0.270409	0.288008	0.216244	0.200962	0.173773	0.101599	0.110663	0.0673641	0	0.0142499	0.0929762	0.0929762	0.0142499	0.053403	0.106806	0.053403	0.0787844	0.106806	0.0726372	0.0829378	0.0979742	0.103625	0.129122	0.176176	0.138935	0.103625	0.119421	0.1636	0.151055	0.128966	0.163844	0.196854	0.197716	0.201085	0.243362	0.232262	0.231708	0.248812	0.208858	0.210015	0.202327	0.176176	0.173781	0.186563	0.208858	0.220188	0.245765	0.256301	0.255142	0.255142	0.221721	0.201174	0.17618	0.129122	0.103625	0.103625	0.110831	0.151611	0.19185	0.196016	0.197092	0.215501	0.205946	0.176176	0.183177	0.183544	0.202327	0.215501	0.202327	0.192554	0.165872	0.144811	0.101136	0.110663	0.0965179	0.0579243	0.0965179	0.0819167	0.0142499	0	0	0	0	0	0	0	0.0673641	0.110663	0.118432	0.103616	0.12952	0.181328	0.11649	0.118432	0.171716	0.196705	0.143534	0.130166	0.118432	0.0965179	0.0819167	0.0579243	0.110663	0.09603	0.0965179	0.0819167	0.0721738	0.108003	0.108003	0.0961034	0.127604	0.178958	0.192554	0.1636	0.116671	0.0829378	0.0370036	0.0819167	0.0965179	0.0777123	0.106806	0.053403	0.0579243	0.108003	0.0788401	0.106806	0.0598778	0.0928378	0.119421	0.163844	0.221189	0.248812	0.261864	0.289004	0.329716	0.361857	0.378294	0.430556	0.418551	0.368174	0.388188	0.35945	0.289604	0.267021	0.244608	0.258582	0.208849	0.129524	0.143585	0.137687	0.140394	0.17618	0.210879	0.231708	0.213627	0.188599	0.178958	0.169323	0.188453	0.194286	0.194286	0.209299	0.188022	0.196806	0.183066	0.163833	0.171716	0.121232	0.101136	0.0868865	0.0432117	0.0647622	0.0724568	0.0869369	0.0810259	0.139508	0.150527	0.116671	0.146542	0.158104	0.173773	0.202734	0.237772	0.295639	0.316313	0.273515	0.210851	0.169323
0.0953432	0.100564	0.0139162	0.0318427	0.0996826	0.0717479	0.02278	0.0142451	0.00878916	0.0573722	0.101744	0.0500572	0.00219729	0	0	0	0.0346213	0.0689881	0.0830889	0.109699	0.116278	0.149919	0.152655	0.179417	0.199779	0.18588	0.196854	0.201473	0.198568	0.207221	0.234382	0.211253	0.210692	0.199368	0.180927	0.191939	0.179641	0.188086	0.170507	0.16313	0.186798	0.153094	0.123434	0.129475	0.16645	0.208354	0.144957	0.0833499	0.10293	0.114873	0.0586373	0.0517929	0.0642385	0.0925802	0.0514389	0.035121	0.108625	0.107158	0.0672668	0.0875107	0.0987879	0.147146	0.161006	0.15708	0.197081	0.198817	0.231091	0.221936	0.232456	0.244965	0.177651	0.181368	0.133702	0.0981909	0.113494	0.0502197	0.0258964	0.0229997	0.0769769	0.0939962	0.0241164	0.0741436	0.108106	0.0445301	0.0991655	0.10844	0.0869697	0.107604	0.081891	0.0911267	0.124292	0.15322	0.115539	0.103586	0.114979	0.151524	0.130844	0.130029	0.163622	0.168924	0.18122	0.185725	0.201278	0.189131	0.197641	0.206991	0.181598	0.178337	0.17251	0.165948	0.167494	0.168179	0.186736	0.199644	0.200413	0.195628	0.20296	0.198705	0.161982	0.152302	0.136829	0.113852	0.103586	0.105151	0.118211	0.161456	0.163424	0.152313	0.168472	0.194572	0.187885	0.159305	0.158226	0.182664	0.181744	0.169955	0.158895	0.138271	0.113546	0.113777	0.0881637	0.107702	0.0828911	0.0592413	0.100615	0.0573722	0.00439458	0	0	0	0	0	0	0	0.0378889	0.106126	0.145823	0.105417	0.131475	0.181961	0.130958	0.133519	0.183024	0.187223	0.134659	0.133976	0.132406	0.108876	0.0698807	0.0743478	0.109401	0.0933676	0.108876	0.0698807	0.102697	0.114491	0.0977476	0.1119	0.119371	0.15149	0.151899	0.109886	0.0697222	0.0575212	0.0323716	0.0655288	0.0993432	0.116094	0.102359	0.0356201	0.040011	0.0968153	0.102156	0.105881	0.0593473	0.0987578	0.102883	0.152104	0.197236	0.228883	0.251626	0.27501	0.316193	0.339946	0.330527	0.360889	0.354641	0.321555	0.351284	0.320985	0.249792	0.225871	0.213548	0.227814	0.16645	0.127711	0.148335	0.131682	0.147368	0.147219	0.15424	0.171432	0.141398	0.121005	0.135469	0.15258	0.154922	0.169424	0.168615	0.177584	0.171084	0.186078	0.163844	0.144625	0.164142	0.133242	0.11204	0.0738122	0.0438393	0.0915312	0.0485314	0.096712	0.061112	0.130019	0.100912	0.0858441	0.129475	0.135383	0.170801	0.215099	0.243933	0.29293	0.294769	0.229777	0.159888	0.130169
0.110548	0.0696966	0	0.0175444	0.0754669	0.0970619	0.0927141	0.0647145	0.0231176	0.0350888	0.0993759	0.0754997	0.0115588	0	0	0	0.0143569	0.0650655	0.124893	0.129831	0.14784	0.198254	0.204213	0.240389	0.264822	0.267041	0.26951	0.258752	0.265499	0.274828	0.281094	0.265044	0.266828	0.238378	0.202622	0.208699	0.197348	0.188236	0.183808	0.197566	0.206205	0.154228	0.129376	0.14643	0.163112	0.176034	0.11815	0.07547	0.0969166	0.0754669	0.0175444	0	0.0350888	0.0828732	0.0938872	0.07547	0.104311	0.101087	0.110434	0.147575	0.189943	0.231532	0.231532	0.211694	0.238653	0.240298	0.269323	0.269323	0.26263	0.249675	0.213637	0.206205	0.154228	0.15076	0.154751	0.11122	0.103546	0.103546	0.0970619	0.0754669	0.0404285	0.0930386	0.12233	0.0900415	0.125736	0.129426	0.13297	0.14643	0.125081	0.160099	0.187339	0.197566	0.195608	0.207092	0.196869	0.208699	0.216168	0.243534	0.257225	0.255021	0.27658	0.278802	0.269315	0.267041	0.278802	0.26951	0.254948	0.245024	0.243177	0.253411	0.254948	0.264289	0.278802	0.26951	0.254948	0.245415	0.254948	0.23566	0.207092	0.207092	0.207092	0.207092	0.207092	0.213778	0.245715	0.269315	0.231621	0.220867	0.254843	0.278139	0.267766	0.226115	0.220031	0.226344	0.183952	0.162686	0.130815	0.110548	0.104888	0.0870112	0.0935241	0.110579	0.0749077	0.080857	0.0928884	0.0350888	0	0	0	0	0	0	0	0	0.0360473	0.114769	0.157448	0.117652	0.146195	0.188939	0.162533	0.174022	0.20869	0.197166	0.146427	0.162477	0.169541	0.14643	0.115766	0.0970619	0.122099	0.136037	0.14643	0.115766	0.14643	0.14643	0.129429	0.14643	0.123812	0.139393	0.121348	0.0749077	0.0647145	0.0927141	0.0868248	0.0813114	0.0870112	0.138948	0.126121	0.0984349	0.097546	0.121191	0.126121	0.133257	0.142376	0.141826	0.14784	0.209305	0.266822	0.323569	0.358828	0.373327	0.393252	0.38937	0.363698	0.384425	0.385191	0.366071	0.369457	0.32524	0.26331	0.247269	0.224454	0.216197	0.188798	0.176819	0.192756	0.176042	0.180856	0.165749	0.16177	0.165223	0.120831	0.118139	0.16149	0.1586	0.142716	0.150282	0.152113	0.182476	0.18007	0.174001	0.152113	0.157827	0.18007	0.162477	0.149058	0.115766	0.0984349	0.091519	0.0360051	0.0828732	0.111639	0.155852	0.11122	0.106733	0.14643	0.169183	0.20217	0.244197	0.266499	0.289996	0.268973	0.205906	0.139393	0.11576
0.091608	0.0274452	0	0.00695278	0.0350942	0.0647804	0.0811811	0.0937492	0.0504528	0.0208583	0.0830397	0.0972061	0.028929	0.00219562	0.0091484	0.0204572	0.0431645	0.109489	0.134867	0.13091	0.16768	0.210612	0.212367	0.23424	0.246781	0.247604	0.24458	0.243397	0.267252	0.262408	0.251774	0.252185	0.23938	0.20493	0.1876	0.201783	0.181919	0.163664	0.176763	0.178918	0.174167	0.133206	0.119594	0.144195	0.142487	0.131526	0.128091	0.0976731	0.0687166	0.0350942	0.00695278	0	0.0139056	0.0436274	0.070886	0.0959927	0.102852	0.111675	0.134158	0.172594	0.195755	0.225905	0.225905	0.208508	0.248124	0.260046	0.26417	0.259473	0.239265	0.225429	0.217558	0.184655	0.144652	0.161633	0.145592	0.108535	0.103507	0.103507	0.0901874	0.0647737	0.0735979	0.114536	0.140488	0.125908	0.135538	0.153327	0.173833	0.168404	0.159593	0.193389	0.193288	0.199216	0.203218	0.202156	0.2043	0.225445	0.239479	0.251499	0.254188	0.260637	0.277851	0.272939	0.260704	0.266058	0.274825	0.262905	0.258158	0.247031	0.251544	0.262993	0.255173	0.268019	0.26959	0.256584	0.252329	0.240247	0.249188	0.22542	0.207013	0.207013	0.207013	0.207013	0.207013	0.218384	0.259066	0.268889	0.243239	0.242443	0.261064	0.266199	0.249171	0.212847	0.213974	0.199135	0.155175	0.158156	0.111746	0.101046	0.106425	0.057128	0.103449	0.105396	0.0573697	0.0906311	0.0667725	0.0155464	0	0	0	0.00439123	0.0142343	0.0227626	0.0258767	0.0294335	0.0647401	0.135358	0.163566	0.138412	0.168291	0.19726	0.190006	0.200221	0.211521	0.189179	0.142099	0.174042	0.17512	0.134748	0.105798	0.0863091	0.127537	0.161904	0.136942	0.108461	0.137308	0.135339	0.119133	0.130593	0.0986574	0.12533	0.0997237	0.0702145	0.0937492	0.0811811	0.101046	0.100076	0.0713318	0.128479	0.114257	0.0987126	0.102006	0.134736	0.134399	0.142995	0.171167	0.179375	0.20835	0.269751	0.325401	0.371691	0.385202	0.386597	0.400047	0.388718	0.369544	0.388642	0.384843	0.365931	0.342885	0.299849	0.258358	0.244849	0.210719	0.199189	0.209968	0.183215	0.187841	0.166228	0.158153	0.151206	0.151557	0.143425	0.109131	0.125033	0.166597	0.136682	0.128153	0.135279	0.142425	0.199749	0.185265	0.153661	0.148361	0.178061	0.185584	0.169067	0.146406	0.0985249	0.0861486	0.0744685	0.0504164	0.0688579	0.13534	0.1536	0.108535	0.112711	0.153485	0.185829	0.200119	0.236076	0.260591	0.264952	0.234282	0.193454	0.136989	0.114142
0.0521126	0	0	0	0	0	0.035062	0.0869449	0.0877428	0.0350797	0.0521126	0.104231	0.0638792	0.01155	0.0466294	0.0867586	0.124798	0.165623	0.140441	0.14655	0.197557	0.206048	0.203502	0.190952	0.18106	0.188142	0.193975	0.229492	0.230265	0.196847	0.199317	0.200882	0.154765	0.128019	0.158609	0.17638	0.132045	0.115678	0.146319	0.123366	0.117793	0.105441	0.10427	0.137477	0.12564	0.105851	0.128023	0.0881971	0.017531	0	0	0	0	0	0.017531	0.0696479	0.161951	0.206934	0.201129	0.199737	0.195148	0.20854	0.20854	0.225662	0.279783	0.262198	0.248433	0.226172	0.201189	0.213475	0.206048	0.15411	0.147727	0.175908	0.132045	0.103467	0.103467	0.103467	0.103467	0.126296	0.170831	0.17638	0.180718	0.177015	0.19377	0.240115	0.265552	0.245035	0.242538	0.254754	0.22227	0.201691	0.197415	0.189798	0.236011	0.278589	0.269305	0.254754	0.254649	0.266624	0.267562	0.254754	0.245228	0.254754	0.264842	0.266838	0.26893	0.266838	0.278589	0.279187	0.257029	0.256062	0.242992	0.242538	0.245035	0.22398	0.231355	0.213302	0.206934	0.206934	0.206934	0.206934	0.206934	0.232942	0.27637	0.279094	0.292464	0.29919	0.266627	0.225869	0.20854	0.19927	0.192267	0.144597	0.136547	0.165623	0.120738	0.096988	0.0754094	0.0403977	0.106643	0.0853048	0.035062	0.0869449	0.0877428	0.0350797	0	0	0	0.0230999	0.0646652	0.0926435	0.103467	0.118049	0.159173	0.201688	0.207788	0.19261	0.222345	0.238075	0.226607	0.230667	0.218741	0.190133	0.155733	0.182455	0.162987	0.0943271	0.0881612	0.089003	0.146319	0.162987	0.105851	0.0963216	0.106261	0.104231	0.0982172	0.0809677	0.0759283	0.110495	0.0867541	0.0877428	0.0869449	0.035062	0.0696435	0.10101	0.100511	0.122006	0.096988	0.103467	0.111135	0.156273	0.193671	0.220699	0.26156	0.317063	0.370265	0.405099	0.430212	0.445009	0.430772	0.427467	0.441154	0.430644	0.409365	0.395879	0.379718	0.365792	0.325278	0.289139	0.263805	0.231379	0.213137	0.223429	0.221782	0.180718	0.171573	0.133473	0.102812	0.115672	0.115672	0.104808	0.089003	0.136547	0.165623	0.120738	0.12933	0.146319	0.142208	0.186978	0.174504	0.15395	0.173776	0.179081	0.169976	0.170863	0.116327	0.0578361	0.0646652	0.0926435	0.103467	0.11035	0.155733	0.14457	0.103467	0.134653	0.175908	0.187339	0.19399	0.202896	0.245374	0.244884	0.209775	0.181089	0.127539	0.110495